     
-1 1 -1 1 -1 1
-0.999 1 -0.999 0.997 -0.994 0.99
-0.998 1 -0.998 0.994 -0.988 0.98
-0.997 1 -0.997 0.991 -0.982 0.97
-0.996 1 -0.996 0.988 -0.976 0.96
-0.995 1 -0.995 0.985 -0.97 0.951
-0.994 1 -0.994 0.982 -0.964 0.941
-0.993 1 -0.993 0.979 -0.958 0.931
-0.992 1 -0.992 0.976 -0.952 0.921
-0.991 1 -0.991 0.973 -0.947 0.912
-0.99 1 -0.99 0.97 -0.941 0.902
-0.989 1 -0.989 0.967 -0.935 0.893
-0.988 1 -0.988 0.964 -0.929 0.883
-0.987 1 -0.987 0.961 -0.923 0.874
-0.986 1 -0.986 0.958 -0.917 0.864
-0.985 1 -0.985 0.955 -0.912 0.855
-0.984 1 -0.984 0.952 -0.906 0.846
-0.983 1 -0.983 0.949 -0.9 0.836
-0.982 1 -0.982 0.946 -0.894 0.827
-0.981 1 -0.981 0.944 -0.889 0.818
-0.98 1 -0.98 0.941 -0.883 0.809
-0.979 1 -0.979 0.938 -0.877 0.8
-0.978 1 -0.978 0.935 -0.872 0.791
-0.977 1 -0.977 0.932 -0.866 0.782
-0.976 1 -0.976 0.929 -0.86 0.773
-0.975 1 -0.975 0.926 -0.855 0.764
-0.974 1 -0.974 0.923 -0.849 0.755
-0.973 1 -0.973 0.92 -0.843 0.746
-0.972 1 -0.972 0.917 -0.838 0.737
-0.971 1 -0.971 0.914 -0.832 0.728
-0.97 1 -0.97 0.911 -0.827 0.72
-0.969 1 -0.969 0.908 -0.821 0.711
-0.968 1 -0.968 0.906 -0.816 0.702
-0.967 1 -0.967 0.903 -0.81 0.694
-0.966 1 -0.966 0.9 -0.805 0.685
-0.965 1 -0.965 0.897 -0.799 0.677
-0.964 1 -0.964 0.894 -0.794 0.668
-0.963 1 -0.963 0.891 -0.788 0.66
-0.962 1 -0.962 0.888 -0.783 0.652
-0.961 1 -0.961 0.885 -0.777 0.643
-0.96 1 -0.96 0.882 -0.772 0.635
-0.959 1 -0.959 0.88 -0.766 0.627
-0.958 1 -0.958 0.877 -0.761 0.618
-0.957 1 -0.957 0.874 -0.756 0.61
-0.956 1 -0.956 0.871 -0.75 0.602
-0.955 1 -0.955 0.868 -0.745 0.594
-0.954 1 -0.954 0.865 -0.74 0.586
-0.953 1 -0.953 0.862 -0.734 0.578
-0.952 1 -0.952 0.859 -0.729 0.57
-0.951 1 -0.951 0.857 -0.724 0.562
-0.95 1 -0.95 0.854 -0.718 0.554
-0.949 1 -0.949 0.851 -0.713 0.546
-0.948 1 -0.948 0.848 -0.708 0.538
-0.947 1 -0.947 0.845 -0.703 0.531
-0.946 1 -0.946 0.842 -0.697 0.523
-0.945 1 -0.945 0.84 -0.692 0.515
-0.944 1 -0.944 0.837 -0.687 0.508
-0.943 1 -0.943 0.834 -0.682 0.5
-0.942 1 -0.942 0.831 -0.677 0.492
-0.941 1 -0.941 0.828 -0.672 0.485
-0.94 1 -0.94 0.825 -0.666 0.477
-0.939 1 -0.939 0.823 -0.661 0.47
-0.938 1 -0.938 0.82 -0.656 0.462
-0.937 1 -0.937 0.817 -0.651 0.455
-0.936 1 -0.936 0.814 -0.646 0.448
-0.935 1 -0.935 0.811 -0.641 0.44
-0.934 1 -0.934 0.809 -0.636 0.433
-0.933 1 -0.933 0.806 -0.631 0.426
-0.932 1 -0.932 0.803 -0.626 0.419
-0.931 1 -0.931 0.8 -0.621 0.411
-0.93 1 -0.93 0.797 -0.616 0.404
-0.929 1 -0.929 0.795 -0.611 0.397
-0.928 1 -0.928 0.792 -0.606 0.39
-0.927 1 -0.927 0.789 -0.601 0.383
-0.926 1 -0.926 0.786 -0.596 0.376
-0.925 1 -0.925 0.783 -0.591 0.369
-0.924 1 -0.924 0.781 -0.586 0.362
-0.923 1 -0.923 0.778 -0.581 0.356
-0.922 1 -0.922 0.775 -0.576 0.349
-0.921 1 -0.921 0.772 -0.572 0.342
-0.92 1 -0.92 0.77 -0.567 0.335
-0.919 1 -0.919 0.767 -0.562 0.329
-0.918 1 -0.918 0.764 -0.557 0.322
-0.917 1 -0.917 0.761 -0.552 0.315
-0.916 1 -0.916 0.759 -0.547 0.309
-0.915 1 -0.915 0.756 -0.543 0.302
-0.914 1 -0.914 0.753 -0.538 0.296
-0.913 1 -0.913 0.75 -0.533 0.289
-0.912 1 -0.912 0.748 -0.528 0.283
-0.911 1 -0.911 0.745 -0.524 0.276
-0.91 1 -0.91 0.742 -0.519 0.27
-0.909 1 -0.909 0.739 -0.514 0.263
-0.908 1 -0.908 0.737 -0.51 0.257
-0.907 1 -0.907 0.734 -0.505 0.251
-0.906 1 -0.906 0.731 -0.5 0.245
-0.905 1 -0.905 0.729 -0.496 0.238
-0.904 1 -0.904 0.726 -0.491 0.232
-0.903 1 -0.903 0.723 -0.486 0.226
-0.902 1 -0.902 0.72 -0.482 0.22
-0.901 1 -0.901 0.718 -0.477 0.214
-0.9 1 -0.9 0.715 -0.473 0.208
-0.899 1 -0.899 0.712 -0.468 0.202
-0.898 1 -0.898 0.71 -0.463 0.196
-0.897 1 -0.897 0.707 -0.459 0.19
-0.896 1 -0.896 0.704 -0.454 0.184
-0.895 1 -0.895 0.702 -0.45 0.178
-0.894 1 -0.894 0.699 -0.445 0.173
-0.893 1 -0.893 0.696 -0.441 0.167
-0.892 1 -0.892 0.693 -0.436 0.161
-0.891 1 -0.891 0.691 -0.432 0.155
-0.89 1 -0.89 0.688 -0.427 0.15
-0.889 1 -0.889 0.685 -0.423 0.144
-0.888 1 -0.888 0.683 -0.419 0.138
-0.887 1 -0.887 0.68 -0.414 0.133
-0.886 1 -0.886 0.677 -0.41 0.127
-0.885 1 -0.885 0.675 -0.405 0.122
-0.884 1 -0.884 0.672 -0.401 0.116
-0.883 1 -0.883 0.67 -0.397 0.111
-0.882 1 -0.882 0.667 -0.392 0.105
-0.881 1 -0.881 0.664 -0.388 0.1
-0.88 1 -0.88 0.662 -0.384 0.0947
-0.879 1 -0.879 0.659 -0.379 0.0894
-0.878 1 -0.878 0.656 -0.375 0.0841
-0.877 1 -0.877 0.654 -0.371 0.0788
-0.876 1 -0.876 0.651 -0.367 0.0736
-0.875 1 -0.875 0.648 -0.362 0.0685
-0.874 1 -0.874 0.646 -0.358 0.0633
-0.873 1 -0.873 0.643 -0.354 0.0582
-0.872 1 -0.872 0.641 -0.35 0.0531
-0.871 1 -0.871 0.638 -0.345 0.0481
-0.87 1 -0.87 0.635 -0.341 0.0431
-0.869 1 -0.869 0.633 -0.337 0.0381
-0.868 1 -0.868 0.63 -0.333 0.0331
-0.867 1 -0.867 0.628 -0.329 0.0282
-0.866 1 -0.866 0.625 -0.325 0.0233
-0.865 1 -0.865 0.622 -0.321 0.0185
-0.864 1 -0.864 0.62 -0.316 0.0136
-0.863 1 -0.863 0.617 -0.312 0.00885
-0.862 1 -0.862 0.615 -0.308 0.00409
-0.861 1 -0.861 0.612 -0.304 -0.000643
-0.86 1 -0.86 0.609 -0.3 -0.00534
-0.859 1 -0.859 0.607 -0.296 -0.01
-0.858 1 -0.858 0.604 -0.292 -0.0146
-0.857 1 -0.857 0.602 -0.288 -0.0192
-0.856 1 -0.856 0.599 -0.284 -0.0238
-0.855 1 -0.855 0.597 -0.28 -0.0284
-0.854 1 -0.854 0.594 -0.276 -0.0329
-0.853 1 -0.853 0.591 -0.272 -0.0373
-0.852 1 -0.852 0.589 -0.268 -0.0418
-0.851 1 -0.851 0.586 -0.264 -0.0462
-0.85 1 -0.85 0.584 -0.26 -0.0506
-0.849 1 -0.849 0.581 -0.256 -0.055
-0.848 1 -0.848 0.579 -0.253 -0.0593
-0.847 1 -0.847 0.576 -0.249 -0.0636
-0.846 1 -0.846 0.574 -0.245 -0.0678
-0.845 1 -0.845 0.571 -0.241 -0.0721
-0.844 1 -0.844 0.569 -0.237 -0.0763
-0.843 1 -0.843 0.566 -0.233 -0.0805
-0.842 1 -0.842 0.563 -0.229 -0.0846
-0.841 1 -0.841 0.561 -0.226 -0.0887
-0.84 1 -0.84 0.558 -0.222 -0.0928
-0.839 1 -0.839 0.556 -0.218 -0.0969
-0.838 1 -0.838 0.553 -0.214 -0.101
-0.837 1 -0.837 0.551 -0.21 -0.105
-0.836 1 -0.836 0.548 -0.207 -0.109
-0.835 1 -0.835 0.546 -0.203 -0.113
-0.834 1 -0.834 0.543 -0.199 -0.117
-0.833 1 -0.833 0.541 -0.196 -0.121
-0.832 1 -0.832 0.538 -0.192 -0.124
-0.831 1 -0.831 0.536 -0.188 -0.128
-0.83 1 -0.83 0.533 -0.184 -0.132
-0.829 1 -0.829 0.531 -0.181 -0.136
-0.828 1 -0.828 0.528 -0.177 -0.14
-0.827 1 -0.827 0.526 -0.174 -0.143
-0.826 1 -0.826 0.523 -0.17 -0.147
-0.825 1 -0.825 0.521 -0.166 -0.151
-0.824 1 -0.824 0.518 -0.163 -0.154
-0.823 1 -0.823 0.516 -0.159 -0.158
-0.822 1 -0.822 0.514 -0.156 -0.161
-0.821 1 -0.821 0.511 -0.152 -0.165
-0.82 1 -0.82 0.509 -0.148 -0.168
-0.819 1 -0.819 0.506 -0.145 -0.172
-0.818 1 -0.818 0.504 -0.141 -0.175
-0.817 1 -0.817 0.501 -0.138 -0.179
-0.816 1 -0.816 0.499 -0.134 -0.182
-0.815 1 -0.815 0.496 -0.131 -0.186
-0.814 1 -0.814 0.494 -0.127 -0.189
-0.813 1 -0.813 0.491 -0.124 -0.192
-0.812 1 -0.812 0.489 -0.12 -0.196
-0.811 1 -0.811 0.487 -0.117 -0.199
-0.81 1 -0.81 0.484 -0.114 -0.202
-0.809 1 -0.809 0.482 -0.11 -0.205
-0.808 1 -0.808 0.479 -0.107 -0.208
-0.807 1 -0.807 0.477 -0.103 -0.212
-0.806 1 -0.806 0.474 -0.1 -0.215
-0.805 1 -0.805 0.472 -0.0967 -0.218
-0.804 1 -0.804 0.47 -0.0933 -0.221
-0.803 1 -0.803 0.467 -0.09 -0.224
-0.802 1 -0.802 0.465 -0.0866 -0.227
-0.801 1 -0.801 0.462 -0.0833 -0.23
-0.8 1 -0.8 0.46 -0.08 -0.233
-0.799 1 -0.799 0.458 -0.0767 -0.236
-0.798 1 -0.798 0.455 -0.0734 -0.239
-0.797 1 -0.797 0.453 -0.0702 -0.242
-0.796 1 -0.796 0.45 -0.0669 -0.245
-0.795 1 -0.795 0.448 -0.0636 -0.247
-0.794 1 -0.794 0.446 -0.0604 -0.25
-0.793 1 -0.793 0.443 -0.0572 -0.253
-0.792 1 -0.792 0.441 -0.054 -0.256
-0.791 1 -0.791 0.439 -0.0508 -0.259
-0.79 1 -0.79 0.436 -0.0476 -0.261
-0.789 1 -0.789 0.434 -0.0444 -0.264
-0.788 1 -0.788 0.431 -0.0413 -0.267
-0.787 1 -0.787 0.429 -0.0381 -0.269
-0.786 1 -0.786 0.427 -0.035 -0.272
-0.785 1 -0.785 0.424 -0.0318 -0.275
-0.784 1 -0.784 0.422 -0.0287 -0.277
-0.783 1 -0.783 0.42 -0.0256 -0.28
-0.782 1 -0.782 0.417 -0.0225 -0.282
-0.781 1 -0.781 0.415 -0.0194 -0.285
-0.78 1 -0.78 0.413 -0.0164 -0.287
-0.779 1 -0.779 0.41 -0.0133 -0.29
-0.778 1 -0.778 0.408 -0.0103 -0.292
-0.777 1 -0.777 0.406 -0.00724 -0.294
-0.776 1 -0.776 0.403 -0.00422 -0.297
-0.775 1 -0.775 0.401 -0.00121 -0.299
-0.774 1 -0.774 0.399 0.00179 -0.301
-0.773 1 -0.773 0.396 0.00478 -0.304
-0.772 1 -0.772 0.394 0.00775 -0.306
-0.771 1 -0.771 0.392 0.0107 -0.308
-0.77 1 -0.77 0.389 0.0137 -0.31
-0.769 1 -0.769 0.387 0.0166 -0.313
-0.768 1 -0.768 0.385 0.0195 -0.315
-0.767 1 -0.767 0.382 0.0225 -0.317
-0.766 1 -0.766 0.38 0.0254 -0.319
-0.765 1 -0.765 0.378 0.0283 -0.321
-0.764 1 -0.764 0.376 0.0311 -0.323
-0.763 1 -0.763 0.373 0.034 -0.325
-0.762 1 -0.762 0.371 0.0369 -0.327
-0.761 1 -0.761 0.369 0.0397 -0.329
-0.76 1 -0.76 0.366 0.0426 -0.331
-0.759 1 -0.759 0.364 0.0454 -0.333
-0.758 1 -0.758 0.362 0.0482 -0.335
-0.757 1 -0.757 0.36 0.051 -0.337
-0.756 1 -0.756 0.357 0.0538 -0.339
-0.755 1 -0.755 0.355 0.0566 -0.341
-0.754 1 -0.754 0.353 0.0593 -0.343
-0.753 1 -0.753 0.351 0.0621 -0.345
-0.752 1 -0.752 0.348 0.0649 -0.347
-0.751 1 -0.751 0.346 0.0676 -0.348
-0.75 1 -0.75 0.344 0.0703 -0.35
-0.749 1 -0.749 0.342 0.073 -0.352
-0.748 1 -0.748 0.339 0.0757 -0.354
-0.747 1 -0.747 0.337 0.0784 -0.355
-0.746 1 -0.746 0.335 0.0811 -0.357
-0.745 1 -0.745 0.333 0.0838 -0.359
-0.744 1 -0.744 0.33 0.0864 -0.36
-0.743 1 -0.743 0.328 0.0891 -0.362
-0.742 1 -0.742 0.326 0.0917 -0.363
-0.741 1 -0.741 0.324 0.0943 -0.365
-0.74 1 -0.74 0.321 0.0969 -0.367
-0.739 1 -0.739 0.319 0.0995 -0.368
-0.738 1 -0.738 0.317 0.102 -0.37
-0.737 1 -0.737 0.315 0.105 -0.371
-0.736 1 -0.736 0.313 0.107 -0.373
-0.735 1 -0.735 0.31 0.11 -0.374
-0.734 1 -0.734 0.308 0.112 -0.375
-0.733 1 -0.733 0.306 0.115 -0.377
-0.732 1 -0.732 0.304 0.117 -0.378
-0.731 1 -0.731 0.302 0.12 -0.38
-0.73 1 -0.73 0.299 0.122 -0.381
-0.729 1 -0.729 0.297 0.125 -0.382
-0.728 1 -0.728 0.295 0.127 -0.384
-0.727 1 -0.727 0.293 0.13 -0.385
-0.726 1 -0.726 0.291 0.132 -0.386
-0.725 1 -0.725 0.288 0.135 -0.387
-0.724 1 -0.724 0.286 0.137 -0.389
-0.723 1 -0.723 0.284 0.14 -0.39
-0.722 1 -0.722 0.282 0.142 -0.391
-0.721 1 -0.721 0.28 0.144 -0.392
-0.72 1 -0.72 0.278 0.147 -0.393
-0.719 1 -0.719 0.275 0.149 -0.394
-0.718 1 -0.718 0.273 0.152 -0.395
-0.717 1 -0.717 0.271 0.154 -0.397
-0.716 1 -0.716 0.269 0.156 -0.398
-0.715 1 -0.715 0.267 0.159 -0.399
-0.714 1 -0.714 0.265 0.161 -0.4
-0.713 1 -0.713 0.263 0.163 -0.401
-0.712 1 -0.712 0.26 0.166 -0.402
-0.711 1 -0.711 0.258 0.168 -0.403
-0.71 1 -0.71 0.256 0.17 -0.404
-0.709 1 -0.709 0.254 0.172 -0.405
-0.708 1 -0.708 0.252 0.175 -0.405
-0.707 1 -0.707 0.25 0.177 -0.406
-0.706 1 -0.706 0.248 0.179 -0.407
-0.705 1 -0.705 0.246 0.181 -0.408
-0.704 1 -0.704 0.243 0.184 -0.409
-0.703 1 -0.703 0.241 0.186 -0.41
-0.702 1 -0.702 0.239 0.188 -0.411
-0.701 1 -0.701 0.237 0.19 -0.411
-0.7 1 -0.7 0.235 0.193 -0.412
-0.699 1 -0.699 0.233 0.195 -0.413
-0.698 1 -0.698 0.231 0.197 -0.414
-0.697 1 -0.697 0.229 0.199 -0.414
-0.696 1 -0.696 0.227 0.201 -0.415
-0.695 1 -0.695 0.225 0.203 -0.416
-0.694 1 -0.694 0.222 0.205 -0.416
-0.693 1 -0.693 0.22 0.207 -0.417
-0.692 1 -0.692 0.218 0.21 -0.418
-0.691 1 -0.691 0.216 0.212 -0.418
-0.69 1 -0.69 0.214 0.214 -0.419
-0.689 1 -0.689 0.212 0.216 -0.419
-0.688 1 -0.688 0.21 0.218 -0.42
-0.687 1 -0.687 0.208 0.22 -0.42
-0.686 1 -0.686 0.206 0.222 -0.421
-0.685 1 -0.685 0.204 0.224 -0.421
-0.684 1 -0.684 0.202 0.226 -0.422
-0.683 1 -0.683 0.2 0.228 -0.422
-0.682 1 -0.682 0.198 0.23 -0.423
-0.681 1 -0.681 0.196 0.232 -0.423
-0.68 1 -0.68 0.194 0.234 -0.424
-0.679 1 -0.679 0.192 0.236 -0.424
-0.678 1 -0.678 0.19 0.238 -0.424
-0.677 1 -0.677 0.187 0.24 -0.425
-0.676 1 -0.676 0.185 0.242 -0.425
-0.675 1 -0.675 0.183 0.244 -0.425
-0.674 1 -0.674 0.181 0.246 -0.426
-0.673 1 -0.673 0.179 0.247 -0.426
-0.672 1 -0.672 0.177 0.249 -0.426
-0.671 1 -0.671 0.175 0.251 -0.427
-0.67 1 -0.67 0.173 0.253 -0.427
-0.669 1 -0.669 0.171 0.255 -0.427
-0.668 1 -0.668 0.169 0.257 -0.427
-0.667 1 -0.667 0.167 0.259 -0.427
-0.666 1 -0.666 0.165 0.26 -0.428
-0.665 1 -0.665 0.163 0.262 -0.428
-0.664 1 -0.664 0.161 0.264 -0.428
-0.663 1 -0.663 0.159 0.266 -0.428
-0.662 1 -0.662 0.157 0.268 -0.428
-0.661 1 -0.661 0.155 0.269 -0.428
-0.66 1 -0.66 0.153 0.271 -0.428
-0.659 1 -0.659 0.151 0.273 -0.428
-0.658 1 -0.658 0.149 0.275 -0.428
-0.657 1 -0.657 0.147 0.277 -0.429
-0.656 1 -0.656 0.146 0.278 -0.429
-0.655 1 -0.655 0.144 0.28 -0.429
-0.654 1 -0.654 0.142 0.282 -0.429
-0.653 1 -0.653 0.14 0.283 -0.429
-0.652 1 -0.652 0.138 0.285 -0.429
-0.651 1 -0.651 0.136 0.287 -0.428
-0.65 1 -0.65 0.134 0.288 -0.428
-0.649 1 -0.649 0.132 0.29 -0.428
-0.648 1 -0.648 0.13 0.292 -0.428
-0.647 1 -0.647 0.128 0.293 -0.428
-0.646 1 -0.646 0.126 0.295 -0.428
-0.645 1 -0.645 0.124 0.297 -0.428
-0.644 1 -0.644 0.122 0.298 -0.428
-0.643 1 -0.643 0.12 0.3 -0.428
-0.642 1 -0.642 0.118 0.301 -0.427
-0.641 1 -0.641 0.116 0.303 -0.427
-0.64 1 -0.64 0.114 0.305 -0.427
-0.639 1 -0.639 0.112 0.306 -0.427
-0.638 1 -0.638 0.111 0.308 -0.427
-0.637 1 -0.637 0.109 0.309 -0.426
-0.636 1 -0.636 0.107 0.311 -0.426
-0.635 1 -0.635 0.105 0.312 -0.426
-0.634 1 -0.634 0.103 0.314 -0.425
-0.633 1 -0.633 0.101 0.315 -0.425
-0.632 1 -0.632 0.0991 0.317 -0.425
-0.631 1 -0.631 0.0972 0.318 -0.425
-0.63 1 -0.63 0.0954 0.32 -0.424
-0.629 1 -0.629 0.0935 0.321 -0.424
-0.628 1 -0.628 0.0916 0.323 -0.423
-0.627 1 -0.627 0.0897 0.324 -0.423
-0.626 1 -0.626 0.0878 0.326 -0.423
-0.625 1 -0.625 0.0859 0.327 -0.422
-0.624 1 -0.624 0.0841 0.329 -0.422
-0.623 1 -0.623 0.0822 0.33 -0.421
-0.622 1 -0.622 0.0803 0.331 -0.421
-0.621 1 -0.621 0.0785 0.333 -0.421
-0.62 1 -0.62 0.0766 0.334 -0.42
-0.619 1 -0.619 0.0747 0.336 -0.42
-0.618 1 -0.618 0.0729 0.337 -0.419
-0.617 1 -0.617 0.071 0.338 -0.419
-0.616 1 -0.616 0.0692 0.34 -0.418
-0.615 1 -0.615 0.0673 0.341 -0.417
-0.614 1 -0.614 0.0655 0.342 -0.417
-0.613 1 -0.613 0.0637 0.344 -0.416
-0.612 1 -0.612 0.0618 0.345 -0.416
-0.611 1 -0.611 0.06 0.346 -0.415
-0.61 1 -0.61 0.0582 0.348 -0.415
-0.609 1 -0.609 0.0563 0.349 -0.414
-0.608 1 -0.608 0.0545 0.35 -0.413
-0.607 1 -0.607 0.0527 0.351 -0.413
-0.606 1 -0.606 0.0509 0.353 -0.412
-0.605 1 -0.605 0.049 0.354 -0.411
-0.604 1 -0.604 0.0472 0.355 -0.411
-0.603 1 -0.603 0.0454 0.356 -0.41
-0.602 1 -0.602 0.0436 0.358 -0.409
-0.601 1 -0.601 0.0418 0.359 -0.409
-0.6 1 -0.6 0.04 0.36 -0.408
-0.599 1 -0.599 0.0382 0.361 -0.407
-0.598 1 -0.598 0.0364 0.362 -0.407
-0.597 1 -0.597 0.0346 0.364 -0.406
-0.596 1 -0.596 0.0328 0.365 -0.405
-0.595 1 -0.595 0.031 0.366 -0.404
-0.594 1 -0.594 0.0293 0.367 -0.403
-0.593 1 -0.593 0.0275 0.368 -0.403
-0.592 1 -0.592 0.0257 0.369 -0.402
-0.591 1 -0.591 0.0239 0.37 -0.401
-0.59 1 -0.59 0.0222 0.372 -0.4
-0.589 1 -0.589 0.0204 0.373 -0.399
-0.588 1 -0.588 0.0186 0.374 -0.399
-0.587 1 -0.587 0.0169 0.375 -0.398
-0.586 1 -0.586 0.0151 0.376 -0.397
-0.585 1 -0.585 0.0133 0.377 -0.396
-0.584 1 -0.584 0.0116 0.378 -0.395
-0.583 1 -0.583 0.00983 0.379 -0.394
-0.582 1 -0.582 0.00809 0.38 -0.393
-0.581 1 -0.581 0.00634 0.381 -0.392
-0.58 1 -0.58 0.0046 0.382 -0.391
-0.579 1 -0.579 0.00286 0.383 -0.39
-0.578 1 -0.578 0.00113 0.384 -0.39
-0.577 1 -0.577 -0.000607 0.385 -0.389
-0.576 1 -0.576 -0.00234 0.386 -0.388
-0.575 1 -0.575 -0.00406 0.387 -0.387
-0.574 1 -0.574 -0.00579 0.388 -0.386
-0.573 1 -0.573 -0.00751 0.389 -0.385
-0.572 1 -0.572 -0.00922 0.39 -0.384
-0.571 1 -0.571 -0.0109 0.391 -0.383
-0.57 1 -0.57 -0.0126 0.392 -0.382
-0.569 1 -0.569 -0.0144 0.393 -0.381
-0.568 1 -0.568 -0.0161 0.394 -0.379
-0.567 1 -0.567 -0.0178 0.395 -0.378
-0.566 1 -0.566 -0.0195 0.396 -0.377
-0.565 1 -0.565 -0.0212 0.397 -0.376
-0.564 1 -0.564 -0.0229 0.397 -0.375
-0.563 1 -0.563 -0.0245 0.398 -0.374
-0.562 1 -0.562 -0.0262 0.399 -0.373
-0.561 1 -0.561 -0.0279 0.4 -0.372
-0.56 1 -0.56 -0.0296 0.401 -0.371
-0.559 1 -0.559 -0.0313 0.402 -0.37
-0.558 1 -0.558 -0.033 0.403 -0.368
-0.557 1 -0.557 -0.0346 0.403 -0.367
-0.556 1 -0.556 -0.0363 0.404 -0.366
-0.555 1 -0.555 -0.038 0.405 -0.365
-0.554 1 -0.554 -0.0396 0.406 -0.364
-0.553 1 -0.553 -0.0413 0.407 -0.363
-0.552 1 -0.552 -0.0429 0.408 -0.361
-0.551 1 -0.551 -0.0446 0.408 -0.36
-0.55 1 -0.55 -0.0462 0.409 -0.359
-0.549 1 -0.549 -0.0479 0.41 -0.358
-0.548 1 -0.548 -0.0495 0.411 -0.357
-0.547 1 -0.547 -0.0512 0.411 -0.355
-0.546 1 -0.546 -0.0528 0.412 -0.354
-0.545 1 -0.545 -0.0545 0.413 -0.353
-0.544 1 -0.544 -0.0561 0.414 -0.352
-0.543 1 -0.543 -0.0577 0.414 -0.35
-0.542 1 -0.542 -0.0594 0.415 -0.349
-0.541 1 -0.541 -0.061 0.416 -0.348
-0.54 1 -0.54 -0.0626 0.416 -0.346
-0.539 1 -0.539 -0.0642 0.417 -0.345
-0.538 1 -0.538 -0.0658 0.418 -0.344
-0.537 1 -0.537 -0.0674 0.418 -0.343
-0.536 1 -0.536 -0.0691 0.419 -0.341
-0.535 1 -0.535 -0.0707 0.42 -0.34
-0.534 1 -0.534 -0.0723 0.42 -0.339
-0.533 1 -0.533 -0.0739 0.421 -0.337
-0.532 1 -0.532 -0.0755 0.422 -0.336
-0.531 1 -0.531 -0.0771 0.422 -0.335
-0.53 1 -0.53 -0.0786 0.423 -0.333
-0.529 1 -0.529 -0.0802 0.423 -0.332
-0.528 1 -0.528 -0.0818 0.424 -0.33
-0.527 1 -0.527 -0.0834 0.425 -0.329
-0.526 1 -0.526 -0.085 0.425 -0.328
-0.525 1 -0.525 -0.0866 0.426 -0.326
-0.524 1 -0.524 -0.0881 0.426 -0.325
-0.523 1 -0.523 -0.0897 0.427 -0.323
-0.522 1 -0.522 -0.0913 0.427 -0.322
-0.521 1 -0.521 -0.0928 0.428 -0.321
-0.52 1 -0.52 -0.0944 0.428 -0.319
-0.519 1 -0.519 -0.096 0.429 -0.318
-0.518 1 -0.518 -0.0975 0.43 -0.316
-0.517 1 -0.517 -0.0991 0.43 -0.315
-0.516 1 -0.516 -0.101 0.431 -0.313
-0.515 1 -0.515 -0.102 0.431 -0.312
-0.514 1 -0.514 -0.104 0.432 -0.31
-0.513 1 -0.513 -0.105 0.432 -0.309
-0.512 1 -0.512 -0.107 0.432 -0.307
-0.511 1 -0.511 -0.108 0.433 -0.306
-0.51 1 -0.51 -0.11 0.433 -0.304
-0.509 1 -0.509 -0.111 0.434 -0.303
-0.508 1 -0.508 -0.113 0.434 -0.301
-0.507 1 -0.507 -0.114 0.435 -0.3
-0.506 1 -0.506 -0.116 0.435 -0.298
-0.505 1 -0.505 -0.117 0.436 -0.297
-0.504 1 -0.504 -0.119 0.436 -0.295
-0.503 1 -0.503 -0.12 0.436 -0.294
-0.502 1 -0.502 -0.122 0.437 -0.292
-0.501 1 -0.501 -0.123 0.437 -0.291
-0.5 1 -0.5 -0.125 0.438 -0.289
-0.499 1 -0.499 -0.126 0.438 -0.287
-0.498 1 -0.498 -0.128 0.438 -0.286
-0.497 1 -0.497 -0.129 0.439 -0.284
-0.496 1 -0.496 -0.131 0.439 -0.283
-0.495 1 -0.495 -0.132 0.439 -0.281
-0.494 1 -0.494 -0.134 0.44 -0.28
-0.493 1 -0.493 -0.135 0.44 -0.278
-0.492 1 -0.492 -0.137 0.44 -0.276
-0.491 1 -0.491 -0.138 0.441 -0.275
-0.49 1 -0.49 -0.14 0.441 -0.273
-0.489 1 -0.489 -0.141 0.441 -0.272
-0.488 1 -0.488 -0.143 0.441 -0.27
-0.487 1 -0.487 -0.144 0.442 -0.268
-0.486 1 -0.486 -0.146 0.442 -0.267
-0.485 1 -0.485 -0.147 0.442 -0.265
-0.484 1 -0.484 -0.149 0.443 -0.263
-0.483 1 -0.483 -0.15 0.443 -0.262
-0.482 1 -0.482 -0.152 0.443 -0.26
-0.481 1 -0.481 -0.153 0.443 -0.258
-0.48 1 -0.48 -0.154 0.444 -0.257
-0.479 1 -0.479 -0.156 0.444 -0.255
-0.478 1 -0.478 -0.157 0.444 -0.253
-0.477 1 -0.477 -0.159 0.444 -0.252
-0.476 1 -0.476 -0.16 0.444 -0.25
-0.475 1 -0.475 -0.162 0.445 -0.248
-0.474 1 -0.474 -0.163 0.445 -0.247
-0.473 1 -0.473 -0.164 0.445 -0.245
-0.472 1 -0.472 -0.166 0.445 -0.243
-0.471 1 -0.471 -0.167 0.445 -0.242
-0.47 1 -0.47 -0.169 0.445 -0.24
-0.469 1 -0.469 -0.17 0.446 -0.238
-0.468 1 -0.468 -0.171 0.446 -0.236
-0.467 1 -0.467 -0.173 0.446 -0.235
-0.466 1 -0.466 -0.174 0.446 -0.233
-0.465 1 -0.465 -0.176 0.446 -0.231
-0.464 1 -0.464 -0.177 0.446 -0.23
-0.463 1 -0.463 -0.178 0.446 -0.228
-0.462 1 -0.462 -0.18 0.446 -0.226
-0.461 1 -0.461 -0.181 0.447 -0.224
-0.46 1 -0.46 -0.183 0.447 -0.223
-0.459 1 -0.459 -0.184 0.447 -0.221
-0.458 1 -0.458 -0.185 0.447 -0.219
-0.457 1 -0.457 -0.187 0.447 -0.217
-0.456 1 -0.456 -0.188 0.447 -0.216
-0.455 1 -0.455 -0.189 0.447 -0.214
-0.454 1 -0.454 -0.191 0.447 -0.212
-0.453 1 -0.453 -0.192 0.447 -0.21
-0.452 1 -0.452 -0.194 0.447 -0.209
-0.451 1 -0.451 -0.195 0.447 -0.207
-0.45 1 -0.45 -0.196 0.447 -0.205
-0.449 1 -0.449 -0.198 0.447 -0.203
-0.448 1 -0.448 -0.199 0.447 -0.201
-0.447 1 -0.447 -0.2 0.447 -0.2
-0.446 1 -0.446 -0.202 0.447 -0.198
-0.445 1 -0.445 -0.203 0.447 -0.196
-0.444 1 -0.444 -0.204 0.447 -0.194
-0.443 1 -0.443 -0.206 0.447 -0.192
-0.442 1 -0.442 -0.207 0.447 -0.191
-0.441 1 -0.441 -0.208 0.447 -0.189
-0.44 1 -0.44 -0.21 0.447 -0.187
-0.439 1 -0.439 -0.211 0.447 -0.185
-0.438 1 -0.438 -0.212 0.447 -0.183
-0.437 1 -0.437 -0.214 0.447 -0.182
-0.436 1 -0.436 -0.215 0.447 -0.18
-0.435 1 -0.435 -0.216 0.447 -0.178
-0.434 1 -0.434 -0.217 0.447 -0.176
-0.433 1 -0.433 -0.219 0.447 -0.174
-0.432 1 -0.432 -0.22 0.446 -0.172
-0.431 1 -0.431 -0.221 0.446 -0.171
-0.43 1 -0.43 -0.223 0.446 -0.169
-0.429 1 -0.429 -0.224 0.446 -0.167
-0.428 1 -0.428 -0.225 0.446 -0.165
-0.427 1 -0.427 -0.227 0.446 -0.163
-0.426 1 -0.426 -0.228 0.446 -0.161
-0.425 1 -0.425 -0.229 0.446 -0.16
-0.424 1 -0.424 -0.23 0.445 -0.158
-0.423 1 -0.423 -0.232 0.445 -0.156
-0.422 1 -0.422 -0.233 0.445 -0.154
-0.421 1 -0.421 -0.234 0.445 -0.152
-0.42 1 -0.42 -0.235 0.445 -0.15
-0.419 1 -0.419 -0.237 0.445 -0.149
-0.418 1 -0.418 -0.238 0.444 -0.147
-0.417 1 -0.417 -0.239 0.444 -0.145
-0.416 1 -0.416 -0.24 0.444 -0.143
-0.415 1 -0.415 -0.242 0.444 -0.141
-0.414 1 -0.414 -0.243 0.444 -0.139
-0.413 1 -0.413 -0.244 0.443 -0.137
-0.412 1 -0.412 -0.245 0.443 -0.135
-0.411 1 -0.411 -0.247 0.443 -0.134
-0.41 1 -0.41 -0.248 0.443 -0.132
-0.409 1 -0.409 -0.249 0.442 -0.13
-0.408 1 -0.408 -0.25 0.442 -0.128
-0.407 1 -0.407 -0.252 0.442 -0.126
-0.406 1 -0.406 -0.253 0.442 -0.124
-0.405 1 -0.405 -0.254 0.441 -0.122
-0.404 1 -0.404 -0.255 0.441 -0.121
-0.403 1 -0.403 -0.256 0.441 -0.119
-0.402 1 -0.402 -0.258 0.441 -0.117
-0.401 1 -0.401 -0.259 0.44 -0.115
-0.4 1 -0.4 -0.26 0.44 -0.113
-0.399 1 -0.399 -0.261 0.44 -0.111
-0.398 1 -0.398 -0.262 0.439 -0.109
-0.397 1 -0.397 -0.264 0.439 -0.107
-0.396 1 -0.396 -0.265 0.439 -0.105
-0.395 1 -0.395 -0.266 0.438 -0.104
-0.394 1 -0.394 -0.267 0.438 -0.102
-0.393 1 -0.393 -0.268 0.438 -0.0998
-0.392 1 -0.392 -0.27 0.437 -0.0979
-0.391 1 -0.391 -0.271 0.437 -0.096
-0.39 1 -0.39 -0.272 0.437 -0.0942
-0.389 1 -0.389 -0.273 0.436 -0.0923
-0.388 1 -0.388 -0.274 0.436 -0.0904
-0.387 1 -0.387 -0.275 0.436 -0.0885
-0.386 1 -0.386 -0.277 0.435 -0.0866
-0.385 1 -0.385 -0.278 0.435 -0.0847
-0.384 1 -0.384 -0.279 0.434 -0.0828
-0.383 1 -0.383 -0.28 0.434 -0.0809
-0.382 1 -0.382 -0.281 0.434 -0.0791
-0.381 1 -0.381 -0.282 0.433 -0.0772
-0.38 1 -0.38 -0.283 0.433 -0.0753
-0.379 1 -0.379 -0.285 0.432 -0.0734
-0.378 1 -0.378 -0.286 0.432 -0.0715
-0.377 1 -0.377 -0.287 0.432 -0.0696
-0.376 1 -0.376 -0.288 0.431 -0.0677
-0.375 1 -0.375 -0.289 0.431 -0.0658
-0.374 1 -0.374 -0.29 0.43 -0.0639
-0.373 1 -0.373 -0.291 0.43 -0.062
-0.372 1 -0.372 -0.292 0.429 -0.0602
-0.371 1 -0.371 -0.294 0.429 -0.0583
-0.37 1 -0.37 -0.295 0.428 -0.0564
-0.369 1 -0.369 -0.296 0.428 -0.0545
-0.368 1 -0.368 -0.297 0.427 -0.0526
-0.367 1 -0.367 -0.298 0.427 -0.0507
-0.366 1 -0.366 -0.299 0.426 -0.0488
-0.365 1 -0.365 -0.3 0.426 -0.0469
-0.364 1 -0.364 -0.301 0.425 -0.0451
-0.363 1 -0.363 -0.302 0.425 -0.0432
-0.362 1 -0.362 -0.303 0.424 -0.0413
-0.361 1 -0.361 -0.305 0.424 -0.0394
-0.36 1 -0.36 -0.306 0.423 -0.0375
-0.359 1 -0.359 -0.307 0.423 -0.0356
-0.358 1 -0.358 -0.308 0.422 -0.0338
-0.357 1 -0.357 -0.309 0.422 -0.0319
-0.356 1 -0.356 -0.31 0.421 -0.03
-0.355 1 -0.355 -0.311 0.421 -0.0281
-0.354 1 -0.354 -0.312 0.42 -0.0262
-0.353 1 -0.353 -0.313 0.42 -0.0244
-0.352 1 -0.352 -0.314 0.419 -0.0225
-0.351 1 -0.351 -0.315 0.418 -0.0206
-0.35 1 -0.35 -0.316 0.418 -0.0187
-0.349 1 -0.349 -0.317 0.417 -0.0168
-0.348 1 -0.348 -0.318 0.417 -0.015
-0.347 1 -0.347 -0.319 0.416 -0.0131
-0.346 1 -0.346 -0.32 0.415 -0.0112
-0.345 1 -0.345 -0.321 0.415 -0.00936
-0.344 1 -0.344 -0.322 0.414 -0.0075
-0.343 1 -0.343 -0.324 0.414 -0.00563
-0.342 1 -0.342 -0.325 0.413 -0.00376
-0.341 1 -0.341 -0.326 0.412 -0.0019
-0.34 1 -0.34 -0.327 0.412 -3.53e-05
-0.339 1 -0.339 -0.328 0.411 0.00183
-0.338 1 -0.338 -0.329 0.41 0.00369
-0.337 1 -0.337 -0.33 0.41 0.00554
-0.336 1 -0.336 -0.331 0.409 0.0074
-0.335 1 -0.335 -0.332 0.409 0.00926
-0.334 1 -0.334 -0.333 0.408 0.0111
-0.333 1 -0.333 -0.334 0.407 0.013
-0.332 1 -0.332 -0.335 0.407 0.0148
-0.331 1 -0.331 -0.336 0.406 0.0167
-0.33 1 -0.33 -0.337 0.405 0.0185
-0.329 1 -0.329 -0.338 0.404 0.0204
-0.328 1 -0.328 -0.339 0.404 0.0222
-0.327 1 -0.327 -0.34 0.403 0.024
-0.326 1 -0.326 -0.341 0.402 0.0259
-0.325 1 -0.325 -0.342 0.402 0.0277
-0.324 1 -0.324 -0.343 0.401 0.0296
-0.323 1 -0.323 -0.344 0.4 0.0314
-0.322 1 -0.322 -0.344 0.4 0.0332
-0.321 1 -0.321 -0.345 0.399 0.035
-0.32 1 -0.32 -0.346 0.398 0.0369
-0.319 1 -0.319 -0.347 0.397 0.0387
-0.318 1 -0.318 -0.348 0.397 0.0405
-0.317 1 -0.317 -0.349 0.396 0.0423
-0.316 1 -0.316 -0.35 0.395 0.0442
-0.315 1 -0.315 -0.351 0.394 0.046
-0.314 1 -0.314 -0.352 0.394 0.0478
-0.313 1 -0.313 -0.353 0.393 0.0496
-0.312 1 -0.312 -0.354 0.392 0.0514
-0.311 1 -0.311 -0.355 0.391 0.0532
-0.31 1 -0.31 -0.356 0.391 0.055
-0.309 1 -0.309 -0.357 0.39 0.0568
-0.308 1 -0.308 -0.358 0.389 0.0586
-0.307 1 -0.307 -0.359 0.388 0.0604
-0.306 1 -0.306 -0.36 0.387 0.0622
-0.305 1 -0.305 -0.36 0.387 0.064
-0.304 1 -0.304 -0.361 0.386 0.0658
-0.303 1 -0.303 -0.362 0.385 0.0676
-0.302 1 -0.302 -0.363 0.384 0.0694
-0.301 1 -0.301 -0.364 0.383 0.0712
-0.3 1 -0.3 -0.365 0.382 0.0729
-0.299 1 -0.299 -0.366 0.382 0.0747
-0.298 1 -0.298 -0.367 0.381 0.0765
-0.297 1 -0.297 -0.368 0.38 0.0783
-0.296 1 -0.296 -0.369 0.379 0.08
-0.295 1 -0.295 -0.369 0.378 0.0818
-0.294 1 -0.294 -0.37 0.377 0.0836
-0.293 1 -0.293 -0.371 0.377 0.0853
-0.292 1 -0.292 -0.372 0.376 0.0871
-0.291 1 -0.291 -0.373 0.375 0.0888
-0.29 1 -0.29 -0.374 0.374 0.0906
-0.289 1 -0.289 -0.375 0.373 0.0923
-0.288 1 -0.288 -0.376 0.372 0.0941
-0.287 1 -0.287 -0.376 0.371 0.0958
-0.286 1 -0.286 -0.377 0.371 0.0975
-0.285 1 -0.285 -0.378 0.37 0.0993
-0.284 1 -0.284 -0.379 0.369 0.101
-0.283 1 -0.283 -0.38 0.368 0.103
-0.282 1 -0.282 -0.381 0.367 0.104
-0.281 1 -0.281 -0.382 0.366 0.106
-0.28 1 -0.28 -0.382 0.365 0.108
-0.279 1 -0.279 -0.383 0.364 0.11
-0.278 1 -0.278 -0.384 0.363 0.111
-0.277 1 -0.277 -0.385 0.362 0.113
-0.276 1 -0.276 -0.386 0.361 0.115
-0.275 1 -0.275 -0.387 0.361 0.116
-0.274 1 -0.274 -0.387 0.36 0.118
-0.273 1 -0.273 -0.388 0.359 0.12
-0.272 1 -0.272 -0.389 0.358 0.122
-0.271 1 -0.271 -0.39 0.357 0.123
-0.27 1 -0.27 -0.391 0.356 0.125
-0.269 1 -0.269 -0.391 0.355 0.127
-0.268 1 -0.268 -0.392 0.354 0.128
-0.267 1 -0.267 -0.393 0.353 0.13
-0.266 1 -0.266 -0.394 0.352 0.132
-0.265 1 -0.265 -0.395 0.351 0.133
-0.264 1 -0.264 -0.395 0.35 0.135
-0.263 1 -0.263 -0.396 0.349 0.137
-0.262 1 -0.262 -0.397 0.348 0.138
-0.261 1 -0.261 -0.398 0.347 0.14
-0.26 1 -0.26 -0.399 0.346 0.141
-0.259 1 -0.259 -0.399 0.345 0.143
-0.258 1 -0.258 -0.4 0.344 0.145
-0.257 1 -0.257 -0.401 0.343 0.146
-0.256 1 -0.256 -0.402 0.342 0.148
-0.255 1 -0.255 -0.402 0.341 0.15
-0.254 1 -0.254 -0.403 0.34 0.151
-0.253 1 -0.253 -0.404 0.339 0.153
-0.252 1 -0.252 -0.405 0.338 0.155
-0.251 1 -0.251 -0.405 0.337 0.156
-0.25 1 -0.25 -0.406 0.336 0.158
-0.249 1 -0.249 -0.407 0.335 0.159
-0.248 1 -0.248 -0.408 0.334 0.161
-0.247 1 -0.247 -0.408 0.333 0.163
-0.246 1 -0.246 -0.409 0.332 0.164
-0.245 1 -0.245 -0.41 0.331 0.166
-0.244 1 -0.244 -0.411 0.33 0.167
-0.243 1 -0.243 -0.411 0.329 0.169
-0.242 1 -0.242 -0.412 0.328 0.17
-0.241 1 -0.241 -0.413 0.327 0.172
-0.24 1 -0.24 -0.414 0.325 0.174
-0.239 1 -0.239 -0.414 0.324 0.175
-0.238 1 -0.238 -0.415 0.323 0.177
-0.237 1 -0.237 -0.416 0.322 0.178
-0.236 1 -0.236 -0.416 0.321 0.18
-0.235 1 -0.235 -0.417 0.32 0.181
-0.234 1 -0.234 -0.418 0.319 0.183
-0.233 1 -0.233 -0.419 0.318 0.184
-0.232 1 -0.232 -0.419 0.317 0.186
-0.231 1 -0.231 -0.42 0.316 0.187
-0.23 1 -0.23 -0.421 0.315 0.189
-0.229 1 -0.229 -0.421 0.313 0.19
-0.228 1 -0.228 -0.422 0.312 0.192
-0.227 1 -0.227 -0.423 0.311 0.193
-0.226 1 -0.226 -0.423 0.31 0.195
-0.225 1 -0.225 -0.424 0.309 0.196
-0.224 1 -0.224 -0.425 0.308 0.198
-0.223 1 -0.223 -0.425 0.307 0.199
-0.222 1 -0.222 -0.426 0.306 0.201
-0.221 1 -0.221 -0.427 0.305 0.202
-0.22 1 -0.22 -0.427 0.303 0.204
-0.219 1 -0.219 -0.428 0.302 0.205
-0.218 1 -0.218 -0.429 0.301 0.207
-0.217 1 -0.217 -0.429 0.3 0.208
-0.216 1 -0.216 -0.43 0.299 0.21
-0.215 1 -0.215 -0.431 0.298 0.211
-0.214 1 -0.214 -0.431 0.296 0.212
-0.213 1 -0.213 -0.432 0.295 0.214
-0.212 1 -0.212 -0.433 0.294 0.215
-0.211 1 -0.211 -0.433 0.293 0.217
-0.21 1 -0.21 -0.434 0.292 0.218
-0.209 1 -0.209 -0.434 0.291 0.22
-0.208 1 -0.208 -0.435 0.29 0.221
-0.207 1 -0.207 -0.436 0.288 0.222
-0.206 1 -0.206 -0.436 0.287 0.224
-0.205 1 -0.205 -0.437 0.286 0.225
-0.204 1 -0.204 -0.438 0.285 0.227
-0.203 1 -0.203 -0.438 0.284 0.228
-0.202 1 -0.202 -0.439 0.282 0.229
-0.201 1 -0.201 -0.439 0.281 0.231
-0.2 1 -0.2 -0.44 0.28 0.232
-0.199 1 -0.199 -0.441 0.279 0.233
-0.198 1 -0.198 -0.441 0.278 0.235
-0.197 1 -0.197 -0.442 0.276 0.236
-0.196 1 -0.196 -0.442 0.275 0.237
-0.195 1 -0.195 -0.443 0.274 0.239
-0.194 1 -0.194 -0.444 0.273 0.24
-0.193 1 -0.193 -0.444 0.272 0.241
-0.192 1 -0.192 -0.445 0.27 0.243
-0.191 1 -0.191 -0.445 0.269 0.244
-0.19 1 -0.19 -0.446 0.268 0.245
-0.189 1 -0.189 -0.446 0.267 0.247
-0.188 1 -0.188 -0.447 0.265 0.248
-0.187 1 -0.187 -0.448 0.264 0.249
-0.186 1 -0.186 -0.448 0.263 0.251
-0.185 1 -0.185 -0.449 0.262 0.252
-0.184 1 -0.184 -0.449 0.26 0.253
-0.183 1 -0.183 -0.45 0.259 0.254
-0.182 1 -0.182 -0.45 0.258 0.256
-0.181 1 -0.181 -0.451 0.257 0.257
-0.18 1 -0.18 -0.451 0.255 0.258
-0.179 1 -0.179 -0.452 0.254 0.259
-0.178 1 -0.178 -0.452 0.253 0.261
-0.177 1 -0.177 -0.453 0.252 0.262
-0.176 1 -0.176 -0.454 0.25 0.263
-0.175 1 -0.175 -0.454 0.249 0.264
-0.174 1 -0.174 -0.455 0.248 0.265
-0.173 1 -0.173 -0.455 0.247 0.267
-0.172 1 -0.172 -0.456 0.245 0.268
-0.171 1 -0.171 -0.456 0.244 0.269
-0.17 1 -0.17 -0.457 0.243 0.27
-0.169 1 -0.169 -0.457 0.241 0.271
-0.168 1 -0.168 -0.458 0.24 0.273
-0.167 1 -0.167 -0.458 0.239 0.274
-0.166 1 -0.166 -0.459 0.238 0.275
-0.165 1 -0.165 -0.459 0.236 0.276
-0.164 1 -0.164 -0.46 0.235 0.277
-0.163 1 -0.163 -0.46 0.234 0.278
-0.162 1 -0.162 -0.461 0.232 0.28
-0.161 1 -0.161 -0.461 0.231 0.281
-0.16 1 -0.16 -0.462 0.23 0.282
-0.159 1 -0.159 -0.462 0.228 0.283
-0.158 1 -0.158 -0.463 0.227 0.284
-0.157 1 -0.157 -0.463 0.226 0.285
-0.156 1 -0.156 -0.463 0.225 0.286
-0.155 1 -0.155 -0.464 0.223 0.287
-0.154 1 -0.154 -0.464 0.222 0.289
-0.153 1 -0.153 -0.465 0.221 0.29
-0.152 1 -0.152 -0.465 0.219 0.291
-0.151 1 -0.151 -0.466 0.218 0.292
-0.15 1 -0.15 -0.466 0.217 0.293
-0.149 1 -0.149 -0.467 0.215 0.294
-0.148 1 -0.148 -0.467 0.214 0.295
-0.147 1 -0.147 -0.468 0.213 0.296
-0.146 1 -0.146 -0.468 0.211 0.297
-0.145 1 -0.145 -0.468 0.21 0.298
-0.144 1 -0.144 -0.469 0.209 0.299
-0.143 1 -0.143 -0.469 0.207 0.3
-0.142 1 -0.142 -0.47 0.206 0.301
-0.141 1 -0.141 -0.47 0.204 0.302
-0.14 1 -0.14 -0.471 0.203 0.303
-0.139 1 -0.139 -0.471 0.202 0.304
-0.138 1 -0.138 -0.471 0.2 0.305
-0.137 1 -0.137 -0.472 0.199 0.306
-0.136 1 -0.136 -0.472 0.198 0.307
-0.135 1 -0.135 -0.473 0.196 0.308
-0.134 1 -0.134 -0.473 0.195 0.309
-0.133 1 -0.133 -0.473 0.194 0.31
-0.132 1 -0.132 -0.474 0.192 0.311
-0.131 1 -0.131 -0.474 0.191 0.312
-0.13 1 -0.13 -0.475 0.19 0.313
-0.129 1 -0.129 -0.475 0.188 0.314
-0.128 1 -0.128 -0.475 0.187 0.315
-0.127 1 -0.127 -0.476 0.185 0.316
-0.126 1 -0.126 -0.476 0.184 0.317
-0.125 1 -0.125 -0.477 0.183 0.317
-0.124 1 -0.124 -0.477 0.181 0.318
-0.123 1 -0.123 -0.477 0.18 0.319
-0.122 1 -0.122 -0.478 0.178 0.32
-0.121 1 -0.121 -0.478 0.177 0.321
-0.12 1 -0.12 -0.478 0.176 0.322
-0.119 1 -0.119 -0.479 0.174 0.323
-0.118 1 -0.118 -0.479 0.173 0.324
-0.117 1 -0.117 -0.479 0.171 0.324
-0.116 1 -0.116 -0.48 0.17 0.325
-0.115 1 -0.115 -0.48 0.169 0.326
-0.114 1 -0.114 -0.481 0.167 0.327
-0.113 1 -0.113 -0.481 0.166 0.328
-0.112 1 -0.112 -0.481 0.164 0.329
-0.111 1 -0.111 -0.482 0.163 0.329
-0.11 1 -0.11 -0.482 0.162 0.33
-0.109 1 -0.109 -0.482 0.16 0.331
-0.108 1 -0.108 -0.483 0.159 0.332
-0.107 1 -0.107 -0.483 0.157 0.333
-0.106 1 -0.106 -0.483 0.156 0.333
-0.105 1 -0.105 -0.483 0.155 0.334
-0.104 1 -0.104 -0.484 0.153 0.335
-0.103 1 -0.103 -0.484 0.152 0.336
-0.102 1 -0.102 -0.484 0.15 0.336
-0.101 1 -0.101 -0.485 0.149 0.337
-0.1 1 -0.1 -0.485 0.147 0.338
-0.099 1 -0.099 -0.485 0.146 0.339
-0.098 1 -0.098 -0.486 0.145 0.339
-0.097 1 -0.097 -0.486 0.143 0.34
-0.096 1 -0.096 -0.486 0.142 0.341
-0.095 1 -0.095 -0.486 0.14 0.342
-0.094 1 -0.094 -0.487 0.139 0.342
-0.093 1 -0.093 -0.487 0.137 0.343
-0.092 1 -0.092 -0.487 0.136 0.344
-0.091 1 -0.091 -0.488 0.135 0.344
-0.09 1 -0.09 -0.488 0.133 0.345
-0.089 1 -0.089 -0.488 0.132 0.346
-0.088 1 -0.088 -0.488 0.13 0.346
-0.087 1 -0.087 -0.489 0.129 0.347
-0.086 1 -0.086 -0.489 0.127 0.348
-0.085 1 -0.085 -0.489 0.126 0.348
-0.084 1 -0.084 -0.489 0.125 0.349
-0.083 1 -0.083 -0.49 0.123 0.349
-0.082 1 -0.082 -0.49 0.122 0.35
-0.081 1 -0.081 -0.49 0.12 0.351
-0.08 1 -0.08 -0.49 0.119 0.351
-0.079 1 -0.079 -0.491 0.117 0.352
-0.078 1 -0.078 -0.491 0.116 0.352
-0.077 1 -0.077 -0.491 0.114 0.353
-0.076 1 -0.076 -0.491 0.113 0.353
-0.075 1 -0.075 -0.492 0.111 0.354
-0.074 1 -0.074 -0.492 0.11 0.355
-0.073 1 -0.073 -0.492 0.109 0.355
-0.072 1 -0.072 -0.492 0.107 0.356
-0.071 1 -0.071 -0.492 0.106 0.356
-0.07 1 -0.07 -0.493 0.104 0.357
-0.069 1 -0.069 -0.493 0.103 0.357
-0.068 1 -0.068 -0.493 0.101 0.358
-0.067 1 -0.067 -0.493 0.0997 0.358
-0.066 1 -0.066 -0.493 0.0983 0.359
-0.065 1 -0.065 -0.494 0.0968 0.359
-0.064 1 -0.064 -0.494 0.0953 0.36
-0.063 1 -0.063 -0.494 0.0939 0.36
-0.062 1 -0.062 -0.494 0.0924 0.361
-0.061 1 -0.061 -0.494 0.0909 0.361
-0.06 1 -0.06 -0.495 0.0895 0.362
-0.059 1 -0.059 -0.495 0.088 0.362
-0.058 1 -0.058 -0.495 0.0865 0.362
-0.057 1 -0.057 -0.495 0.085 0.363
-0.056 1 -0.056 -0.495 0.0836 0.363
-0.055 1 -0.055 -0.495 0.0821 0.364
-0.054 1 -0.054 -0.496 0.0806 0.364
-0.053 1 -0.053 -0.496 0.0791 0.365
-0.052 1 -0.052 -0.496 0.0776 0.365
-0.051 1 -0.051 -0.496 0.0762 0.365
-0.05 1 -0.05 -0.496 0.0747 0.366
-0.049 1 -0.049 -0.496 0.0732 0.366
-0.048 1 -0.048 -0.497 0.0717 0.366
-0.047 1 -0.047 -0.497 0.0702 0.367
-0.046 1 -0.046 -0.497 0.0688 0.367
-0.045 1 -0.045 -0.497 0.0673 0.367
-0.044 1 -0.044 -0.497 0.0658 0.368
-0.043 1 -0.043 -0.497 0.0643 0.368
-0.042 1 -0.042 -0.497 0.0628 0.368
-0.041 1 -0.041 -0.497 0.0613 0.369
-0.04 1 -0.04 -0.498 0.0598 0.369
-0.039 1 -0.039 -0.498 0.0584 0.369
-0.038 1 -0.038 -0.498 0.0569 0.37
-0.037 1 -0.037 -0.498 0.0554 0.37
-0.036 1 -0.036 -0.498 0.0539 0.37
-0.035 1 -0.035 -0.498 0.0524 0.37
-0.034 1 -0.034 -0.498 0.0509 0.371
-0.033 1 -0.033 -0.498 0.0494 0.371
-0.032 1 -0.032 -0.498 0.0479 0.371
-0.031 1 -0.031 -0.499 0.0464 0.371
-0.03 1 -0.03 -0.499 0.0449 0.372
-0.029 1 -0.029 -0.499 0.0434 0.372
-0.028 1 -0.028 -0.499 0.0419 0.372
-0.027 1 -0.027 -0.499 0.0405 0.372
-0.026 1 -0.026 -0.499 0.039 0.372
-0.025 1 -0.025 -0.499 0.0375 0.373
-0.024 1 -0.024 -0.499 0.036 0.373
-0.023 1 -0.023 -0.499 0.0345 0.373
-0.022 1 -0.022 -0.499 0.033 0.373
-0.021 1 -0.021 -0.499 0.0315 0.373
-0.02 1 -0.02 -0.499 0.03 0.374
-0.019 1 -0.019 -0.499 0.0285 0.374
-0.018 1 -0.018 -0.5 0.027 0.374
-0.017 1 -0.017 -0.5 0.0255 0.374
-0.016 1 -0.016 -0.5 0.024 0.374
-0.015 1 -0.015 -0.5 0.0225 0.374
-0.014 1 -0.014 -0.5 0.021 0.374
-0.013 1 -0.013 -0.5 0.0195 0.374
-0.012 1 -0.012 -0.5 0.018 0.374
-0.011 1 -0.011 -0.5 0.0165 0.375
-0.01 1 -0.01 -0.5 0.015 0.375
-0.009 1 -0.009 -0.5 0.0135 0.375
-0.008 1 -0.008 -0.5 0.012 0.375
-0.007 1 -0.007 -0.5 0.0105 0.375
-0.006 1 -0.006 -0.5 0.009 0.375
-0.005 1 -0.005 -0.5 0.0075 0.375
-0.004 1 -0.004 -0.5 0.006 0.375
-0.003 1 -0.003 -0.5 0.0045 0.375
-0.002 1 -0.002 -0.5 0.003 0.375
-0.001 1 -0.001 -0.5 0.0015 0.375
0 1 0 -0.5 -0 0.375
0.001 1 0.001 -0.5 -0.0015 0.375
0.002 1 0.002 -0.5 -0.003 0.375
0.003 1 0.003 -0.5 -0.0045 0.375
0.004 1 0.004 -0.5 -0.006 0.375
0.005 1 0.005 -0.5 -0.0075 0.375
0.006 1 0.006 -0.5 -0.009 0.375
0.007 1 0.007 -0.5 -0.0105 0.375
0.008 1 0.008 -0.5 -0.012 0.375
0.009 1 0.009 -0.5 -0.0135 0.375
0.01 1 0.01 -0.5 -0.015 0.375
0.011 1 0.011 -0.5 -0.0165 0.375
0.012 1 0.012 -0.5 -0.018 0.374
0.013 1 0.013 -0.5 -0.0195 0.374
0.014 1 0.014 -0.5 -0.021 0.374
0.015 1 0.015 -0.5 -0.0225 0.374
0.016 1 0.016 -0.5 -0.024 0.374
0.017 1 0.017 -0.5 -0.0255 0.374
0.018 1 0.018 -0.5 -0.027 0.374
0.019 1 0.019 -0.499 -0.0285 0.374
0.02 1 0.02 -0.499 -0.03 0.374
0.021 1 0.021 -0.499 -0.0315 0.373
0.022 1 0.022 -0.499 -0.033 0.373
0.023 1 0.023 -0.499 -0.0345 0.373
0.024 1 0.024 -0.499 -0.036 0.373
0.025 1 0.025 -0.499 -0.0375 0.373
0.026 1 0.026 -0.499 -0.039 0.372
0.027 1 0.027 -0.499 -0.0405 0.372
0.028 1 0.028 -0.499 -0.0419 0.372
0.029 1 0.029 -0.499 -0.0434 0.372
0.03 1 0.03 -0.499 -0.0449 0.372
0.031 1 0.031 -0.499 -0.0464 0.371
0.032 1 0.032 -0.498 -0.0479 0.371
0.033 1 0.033 -0.498 -0.0494 0.371
0.034 1 0.034 -0.498 -0.0509 0.371
0.035 1 0.035 -0.498 -0.0524 0.37
0.036 1 0.036 -0.498 -0.0539 0.37
0.037 1 0.037 -0.498 -0.0554 0.37
0.038 1 0.038 -0.498 -0.0569 0.37
0.039 1 0.039 -0.498 -0.0584 0.369
0.04 1 0.04 -0.498 -0.0598 0.369
0.041 1 0.041 -0.497 -0.0613 0.369
0.042 1 0.042 -0.497 -0.0628 0.368
0.043 1 0.043 -0.497 -0.0643 0.368
0.044 1 0.044 -0.497 -0.0658 0.368
0.045 1 0.045 -0.497 -0.0673 0.367
0.046 1 0.046 -0.497 -0.0688 0.367
0.047 1 0.047 -0.497 -0.0702 0.367
0.048 1 0.048 -0.497 -0.0717 0.366
0.049 1 0.049 -0.496 -0.0732 0.366
0.05 1 0.05 -0.496 -0.0747 0.366
0.051 1 0.051 -0.496 -0.0762 0.365
0.052 1 0.052 -0.496 -0.0776 0.365
0.053 1 0.053 -0.496 -0.0791 0.365
0.054 1 0.054 -0.496 -0.0806 0.364
0.055 1 0.055 -0.495 -0.0821 0.364
0.056 1 0.056 -0.495 -0.0836 0.363
0.057 1 0.057 -0.495 -0.085 0.363
0.058 1 0.058 -0.495 -0.0865 0.362
0.059 1 0.059 -0.495 -0.088 0.362
0.06 1 0.06 -0.495 -0.0895 0.362
0.061 1 0.061 -0.494 -0.0909 0.361
0.062 1 0.062 -0.494 -0.0924 0.361
0.063 1 0.063 -0.494 -0.0939 0.36
0.064 1 0.064 -0.494 -0.0953 0.36
0.065 1 0.065 -0.494 -0.0968 0.359
0.066 1 0.066 -0.493 -0.0983 0.359
0.067 1 0.067 -0.493 -0.0997 0.358
0.068 1 0.068 -0.493 -0.101 0.358
0.069 1 0.069 -0.493 -0.103 0.357
0.07 1 0.07 -0.493 -0.104 0.357
0.071 1 0.071 -0.492 -0.106 0.356
0.072 1 0.072 -0.492 -0.107 0.356
0.073 1 0.073 -0.492 -0.109 0.355
0.074 1 0.074 -0.492 -0.11 0.355
0.075 1 0.075 -0.492 -0.111 0.354
0.076 1 0.076 -0.491 -0.113 0.353
0.077 1 0.077 -0.491 -0.114 0.353
0.078 1 0.078 -0.491 -0.116 0.352
0.079 1 0.079 -0.491 -0.117 0.352
0.08 1 0.08 -0.49 -0.119 0.351
0.081 1 0.081 -0.49 -0.12 0.351
0.082 1 0.082 -0.49 -0.122 0.35
0.083 1 0.083 -0.49 -0.123 0.349
0.084 1 0.084 -0.489 -0.125 0.349
0.085 1 0.085 -0.489 -0.126 0.348
0.086 1 0.086 -0.489 -0.127 0.348
0.087 1 0.087 -0.489 -0.129 0.347
0.088 1 0.088 -0.488 -0.13 0.346
0.089 1 0.089 -0.488 -0.132 0.346
0.09 1 0.09 -0.488 -0.133 0.345
0.091 1 0.091 -0.488 -0.135 0.344
0.092 1 0.092 -0.487 -0.136 0.344
0.093 1 0.093 -0.487 -0.137 0.343
0.094 1 0.094 -0.487 -0.139 0.342
0.095 1 0.095 -0.486 -0.14 0.342
0.096 1 0.096 -0.486 -0.142 0.341
0.097 1 0.097 -0.486 -0.143 0.34
0.098 1 0.098 -0.486 -0.145 0.339
0.099 1 0.099 -0.485 -0.146 0.339
0.1 1 0.1 -0.485 -0.147 0.338
0.101 1 0.101 -0.485 -0.149 0.337
0.102 1 0.102 -0.484 -0.15 0.336
0.103 1 0.103 -0.484 -0.152 0.336
0.104 1 0.104 -0.484 -0.153 0.335
0.105 1 0.105 -0.483 -0.155 0.334
0.106 1 0.106 -0.483 -0.156 0.333
0.107 1 0.107 -0.483 -0.157 0.333
0.108 1 0.108 -0.483 -0.159 0.332
0.109 1 0.109 -0.482 -0.16 0.331
0.11 1 0.11 -0.482 -0.162 0.33
0.111 1 0.111 -0.482 -0.163 0.329
0.112 1 0.112 -0.481 -0.164 0.329
0.113 1 0.113 -0.481 -0.166 0.328
0.114 1 0.114 -0.481 -0.167 0.327
0.115 1 0.115 -0.48 -0.169 0.326
0.116 1 0.116 -0.48 -0.17 0.325
0.117 1 0.117 -0.479 -0.171 0.324
0.118 1 0.118 -0.479 -0.173 0.324
0.119 1 0.119 -0.479 -0.174 0.323
0.12 1 0.12 -0.478 -0.176 0.322
0.121 1 0.121 -0.478 -0.177 0.321
0.122 1 0.122 -0.478 -0.178 0.32
0.123 1 0.123 -0.477 -0.18 0.319
0.124 1 0.124 -0.477 -0.181 0.318
0.125 1 0.125 -0.477 -0.183 0.317
0.126 1 0.126 -0.476 -0.184 0.317
0.127 1 0.127 -0.476 -0.185 0.316
0.128 1 0.128 -0.475 -0.187 0.315
0.129 1 0.129 -0.475 -0.188 0.314
0.13 1 0.13 -0.475 -0.19 0.313
0.131 1 0.131 -0.474 -0.191 0.312
0.132 1 0.132 -0.474 -0.192 0.311
0.133 1 0.133 -0.473 -0.194 0.31
0.134 1 0.134 -0.473 -0.195 0.309
0.135 1 0.135 -0.473 -0.196 0.308
0.136 1 0.136 -0.472 -0.198 0.307
0.137 1 0.137 -0.472 -0.199 0.306
0.138 1 0.138 -0.471 -0.2 0.305
0.139 1 0.139 -0.471 -0.202 0.304
0.14 1 0.14 -0.471 -0.203 0.303
0.141 1 0.141 -0.47 -0.204 0.302
0.142 1 0.142 -0.47 -0.206 0.301
0.143 1 0.143 -0.469 -0.207 0.3
0.144 1 0.144 -0.469 -0.209 0.299
0.145 1 0.145 -0.468 -0.21 0.298
0.146 1 0.146 -0.468 -0.211 0.297
0.147 1 0.147 -0.468 -0.213 0.296
0.148 1 0.148 -0.467 -0.214 0.295
0.149 1 0.149 -0.467 -0.215 0.294
0.15 1 0.15 -0.466 -0.217 0.293
0.151 1 0.151 -0.466 -0.218 0.292
0.152 1 0.152 -0.465 -0.219 0.291
0.153 1 0.153 -0.465 -0.221 0.29
0.154 1 0.154 -0.464 -0.222 0.289
0.155 1 0.155 -0.464 -0.223 0.287
0.156 1 0.156 -0.463 -0.225 0.286
0.157 1 0.157 -0.463 -0.226 0.285
0.158 1 0.158 -0.463 -0.227 0.284
0.159 1 0.159 -0.462 -0.228 0.283
0.16 1 0.16 -0.462 -0.23 0.282
0.161 1 0.161 -0.461 -0.231 0.281
0.162 1 0.162 -0.461 -0.232 0.28
0.163 1 0.163 -0.46 -0.234 0.278
0.164 1 0.164 -0.46 -0.235 0.277
0.165 1 0.165 -0.459 -0.236 0.276
0.166 1 0.166 -0.459 -0.238 0.275
0.167 1 0.167 -0.458 -0.239 0.274
0.168 1 0.168 -0.458 -0.24 0.273
0.169 1 0.169 -0.457 -0.241 0.271
0.17 1 0.17 -0.457 -0.243 0.27
0.171 1 0.171 -0.456 -0.244 0.269
0.172 1 0.172 -0.456 -0.245 0.268
0.173 1 0.173 -0.455 -0.247 0.267
0.174 1 0.174 -0.455 -0.248 0.265
0.175 1 0.175 -0.454 -0.249 0.264
0.176 1 0.176 -0.454 -0.25 0.263
0.177 1 0.177 -0.453 -0.252 0.262
0.178 1 0.178 -0.452 -0.253 0.261
0.179 1 0.179 -0.452 -0.254 0.259
0.18 1 0.18 -0.451 -0.255 0.258
0.181 1 0.181 -0.451 -0.257 0.257
0.182 1 0.182 -0.45 -0.258 0.256
0.183 1 0.183 -0.45 -0.259 0.254
0.184 1 0.184 -0.449 -0.26 0.253
0.185 1 0.185 -0.449 -0.262 0.252
0.186 1 0.186 -0.448 -0.263 0.251
0.187 1 0.187 -0.448 -0.264 0.249
0.188 1 0.188 -0.447 -0.265 0.248
0.189 1 0.189 -0.446 -0.267 0.247
0.19 1 0.19 -0.446 -0.268 0.245
0.191 1 0.191 -0.445 -0.269 0.244
0.192 1 0.192 -0.445 -0.27 0.243
0.193 1 0.193 -0.444 -0.272 0.241
0.194 1 0.194 -0.444 -0.273 0.24
0.195 1 0.195 -0.443 -0.274 0.239
0.196 1 0.196 -0.442 -0.275 0.237
0.197 1 0.197 -0.442 -0.276 0.236
0.198 1 0.198 -0.441 -0.278 0.235
0.199 1 0.199 -0.441 -0.279 0.233
0.2 1 0.2 -0.44 -0.28 0.232
0.201 1 0.201 -0.439 -0.281 0.231
0.202 1 0.202 -0.439 -0.282 0.229
0.203 1 0.203 -0.438 -0.284 0.228
0.204 1 0.204 -0.438 -0.285 0.227
0.205 1 0.205 -0.437 -0.286 0.225
0.206 1 0.206 -0.436 -0.287 0.224
0.207 1 0.207 -0.436 -0.288 0.222
0.208 1 0.208 -0.435 -0.29 0.221
0.209 1 0.209 -0.434 -0.291 0.22
0.21 1 0.21 -0.434 -0.292 0.218
0.211 1 0.211 -0.433 -0.293 0.217
0.212 1 0.212 -0.433 -0.294 0.215
0.213 1 0.213 -0.432 -0.295 0.214
0.214 1 0.214 -0.431 -0.296 0.212
0.215 1 0.215 -0.431 -0.298 0.211
0.216 1 0.216 -0.43 -0.299 0.21
0.217 1 0.217 -0.429 -0.3 0.208
0.218 1 0.218 -0.429 -0.301 0.207
0.219 1 0.219 -0.428 -0.302 0.205
0.22 1 0.22 -0.427 -0.303 0.204
0.221 1 0.221 -0.427 -0.305 0.202
0.222 1 0.222 -0.426 -0.306 0.201
0.223 1 0.223 -0.425 -0.307 0.199
0.224 1 0.224 -0.425 -0.308 0.198
0.225 1 0.225 -0.424 -0.309 0.196
0.226 1 0.226 -0.423 -0.31 0.195
0.227 1 0.227 -0.423 -0.311 0.193
0.228 1 0.228 -0.422 -0.312 0.192
0.229 1 0.229 -0.421 -0.313 0.19
0.23 1 0.23 -0.421 -0.315 0.189
0.231 1 0.231 -0.42 -0.316 0.187
0.232 1 0.232 -0.419 -0.317 0.186
0.233 1 0.233 -0.419 -0.318 0.184
0.234 1 0.234 -0.418 -0.319 0.183
0.235 1 0.235 -0.417 -0.32 0.181
0.236 1 0.236 -0.416 -0.321 0.18
0.237 1 0.237 -0.416 -0.322 0.178
0.238 1 0.238 -0.415 -0.323 0.177
0.239 1 0.239 -0.414 -0.324 0.175
0.24 1 0.24 -0.414 -0.325 0.174
0.241 1 0.241 -0.413 -0.327 0.172
0.242 1 0.242 -0.412 -0.328 0.17
0.243 1 0.243 -0.411 -0.329 0.169
0.244 1 0.244 -0.411 -0.33 0.167
0.245 1 0.245 -0.41 -0.331 0.166
0.246 1 0.246 -0.409 -0.332 0.164
0.247 1 0.247 -0.408 -0.333 0.163
0.248 1 0.248 -0.408 -0.334 0.161
0.249 1 0.249 -0.407 -0.335 0.159
0.25 1 0.25 -0.406 -0.336 0.158
0.251 1 0.251 -0.405 -0.337 0.156
0.252 1 0.252 -0.405 -0.338 0.155
0.253 1 0.253 -0.404 -0.339 0.153
0.254 1 0.254 -0.403 -0.34 0.151
0.255 1 0.255 -0.402 -0.341 0.15
0.256 1 0.256 -0.402 -0.342 0.148
0.257 1 0.257 -0.401 -0.343 0.146
0.258 1 0.258 -0.4 -0.344 0.145
0.259 1 0.259 -0.399 -0.345 0.143
0.26 1 0.26 -0.399 -0.346 0.141
0.261 1 0.261 -0.398 -0.347 0.14
0.262 1 0.262 -0.397 -0.348 0.138
0.263 1 0.263 -0.396 -0.349 0.137
0.264 1 0.264 -0.395 -0.35 0.135
0.265 1 0.265 -0.395 -0.351 0.133
0.266 1 0.266 -0.394 -0.352 0.132
0.267 1 0.267 -0.393 -0.353 0.13
0.268 1 0.268 -0.392 -0.354 0.128
0.269 1 0.269 -0.391 -0.355 0.127
0.27 1 0.27 -0.391 -0.356 0.125
0.271 1 0.271 -0.39 -0.357 0.123
0.272 1 0.272 -0.389 -0.358 0.122
0.273 1 0.273 -0.388 -0.359 0.12
0.274 1 0.274 -0.387 -0.36 0.118
0.275 1 0.275 -0.387 -0.361 0.116
0.276 1 0.276 -0.386 -0.361 0.115
0.277 1 0.277 -0.385 -0.362 0.113
0.278 1 0.278 -0.384 -0.363 0.111
0.279 1 0.279 -0.383 -0.364 0.11
0.28 1 0.28 -0.382 -0.365 0.108
0.281 1 0.281 -0.382 -0.366 0.106
0.282 1 0.282 -0.381 -0.367 0.104
0.283 1 0.283 -0.38 -0.368 0.103
0.284 1 0.284 -0.379 -0.369 0.101
0.285 1 0.285 -0.378 -0.37 0.0993
0.286 1 0.286 -0.377 -0.371 0.0975
0.287 1 0.287 -0.376 -0.371 0.0958
0.288 1 0.288 -0.376 -0.372 0.0941
0.289 1 0.289 -0.375 -0.373 0.0923
0.29 1 0.29 -0.374 -0.374 0.0906
0.291 1 0.291 -0.373 -0.375 0.0888
0.292 1 0.292 -0.372 -0.376 0.0871
0.293 1 0.293 -0.371 -0.377 0.0853
0.294 1 0.294 -0.37 -0.377 0.0836
0.295 1 0.295 -0.369 -0.378 0.0818
0.296 1 0.296 -0.369 -0.379 0.08
0.297 1 0.297 -0.368 -0.38 0.0783
0.298 1 0.298 -0.367 -0.381 0.0765
0.299 1 0.299 -0.366 -0.382 0.0747
0.3 1 0.3 -0.365 -0.382 0.0729
0.301 1 0.301 -0.364 -0.383 0.0712
0.302 1 0.302 -0.363 -0.384 0.0694
0.303 1 0.303 -0.362 -0.385 0.0676
0.304 1 0.304 -0.361 -0.386 0.0658
0.305 1 0.305 -0.36 -0.387 0.064
0.306 1 0.306 -0.36 -0.387 0.0622
0.307 1 0.307 -0.359 -0.388 0.0604
0.308 1 0.308 -0.358 -0.389 0.0586
0.309 1 0.309 -0.357 -0.39 0.0568
0.31 1 0.31 -0.356 -0.391 0.055
0.311 1 0.311 -0.355 -0.391 0.0532
0.312 1 0.312 -0.354 -0.392 0.0514
0.313 1 0.313 -0.353 -0.393 0.0496
0.314 1 0.314 -0.352 -0.394 0.0478
0.315 1 0.315 -0.351 -0.394 0.046
0.316 1 0.316 -0.35 -0.395 0.0442
0.317 1 0.317 -0.349 -0.396 0.0423
0.318 1 0.318 -0.348 -0.397 0.0405
0.319 1 0.319 -0.347 -0.397 0.0387
0.32 1 0.32 -0.346 -0.398 0.0369
0.321 1 0.321 -0.345 -0.399 0.035
0.322 1 0.322 -0.344 -0.4 0.0332
0.323 1 0.323 -0.344 -0.4 0.0314
0.324 1 0.324 -0.343 -0.401 0.0296
0.325 1 0.325 -0.342 -0.402 0.0277
0.326 1 0.326 -0.341 -0.402 0.0259
0.327 1 0.327 -0.34 -0.403 0.024
0.328 1 0.328 -0.339 -0.404 0.0222
0.329 1 0.329 -0.338 -0.404 0.0204
0.33 1 0.33 -0.337 -0.405 0.0185
0.331 1 0.331 -0.336 -0.406 0.0167
0.332 1 0.332 -0.335 -0.407 0.0148
0.333 1 0.333 -0.334 -0.407 0.013
0.334 1 0.334 -0.333 -0.408 0.0111
0.335 1 0.335 -0.332 -0.409 0.00926
0.336 1 0.336 -0.331 -0.409 0.0074
0.337 1 0.337 -0.33 -0.41 0.00554
0.338 1 0.338 -0.329 -0.41 0.00369
0.339 1 0.339 -0.328 -0.411 0.00183
0.34 1 0.34 -0.327 -0.412 -3.53e-05
0.341 1 0.341 -0.326 -0.412 -0.0019
0.342 1 0.342 -0.325 -0.413 -0.00376
0.343 1 0.343 -0.324 -0.414 -0.00563
0.344 1 0.344 -0.322 -0.414 -0.0075
0.345 1 0.345 -0.321 -0.415 -0.00936
0.346 1 0.346 -0.32 -0.415 -0.0112
0.347 1 0.347 -0.319 -0.416 -0.0131
0.348 1 0.348 -0.318 -0.417 -0.015
0.349 1 0.349 -0.317 -0.417 -0.0168
0.35 1 0.35 -0.316 -0.418 -0.0187
0.351 1 0.351 -0.315 -0.418 -0.0206
0.352 1 0.352 -0.314 -0.419 -0.0225
0.353 1 0.353 -0.313 -0.42 -0.0244
0.354 1 0.354 -0.312 -0.42 -0.0262
0.355 1 0.355 -0.311 -0.421 -0.0281
0.356 1 0.356 -0.31 -0.421 -0.03
0.357 1 0.357 -0.309 -0.422 -0.0319
0.358 1 0.358 -0.308 -0.422 -0.0338
0.359 1 0.359 -0.307 -0.423 -0.0356
0.36 1 0.36 -0.306 -0.423 -0.0375
0.361 1 0.361 -0.305 -0.424 -0.0394
0.362 1 0.362 -0.303 -0.424 -0.0413
0.363 1 0.363 -0.302 -0.425 -0.0432
0.364 1 0.364 -0.301 -0.425 -0.0451
0.365 1 0.365 -0.3 -0.426 -0.0469
0.366 1 0.366 -0.299 -0.426 -0.0488
0.367 1 0.367 -0.298 -0.427 -0.0507
0.368 1 0.368 -0.297 -0.427 -0.0526
0.369 1 0.369 -0.296 -0.428 -0.0545
0.37 1 0.37 -0.295 -0.428 -0.0564
0.371 1 0.371 -0.294 -0.429 -0.0583
0.372 1 0.372 -0.292 -0.429 -0.0602
0.373 1 0.373 -0.291 -0.43 -0.062
0.374 1 0.374 -0.29 -0.43 -0.0639
0.375 1 0.375 -0.289 -0.431 -0.0658
0.376 1 0.376 -0.288 -0.431 -0.0677
0.377 1 0.377 -0.287 -0.432 -0.0696
0.378 1 0.378 -0.286 -0.432 -0.0715
0.379 1 0.379 -0.285 -0.432 -0.0734
0.38 1 0.38 -0.283 -0.433 -0.0753
0.381 1 0.381 -0.282 -0.433 -0.0772
0.382 1 0.382 -0.281 -0.434 -0.0791
0.383 1 0.383 -0.28 -0.434 -0.0809
0.384 1 0.384 -0.279 -0.434 -0.0828
0.385 1 0.385 -0.278 -0.435 -0.0847
0.386 1 0.386 -0.277 -0.435 -0.0866
0.387 1 0.387 -0.275 -0.436 -0.0885
0.388 1 0.388 -0.274 -0.436 -0.0904
0.389 1 0.389 -0.273 -0.436 -0.0923
0.39 1 0.39 -0.272 -0.437 -0.0942
0.391 1 0.391 -0.271 -0.437 -0.096
0.392 1 0.392 -0.27 -0.437 -0.0979
0.393 1 0.393 -0.268 -0.438 -0.0998
0.394 1 0.394 -0.267 -0.438 -0.102
0.395 1 0.395 -0.266 -0.438 -0.104
0.396 1 0.396 -0.265 -0.439 -0.105
0.397 1 0.397 -0.264 -0.439 -0.107
0.398 1 0.398 -0.262 -0.439 -0.109
0.399 1 0.399 -0.261 -0.44 -0.111
0.4 1 0.4 -0.26 -0.44 -0.113
0.401 1 0.401 -0.259 -0.44 -0.115
0.402 1 0.402 -0.258 -0.441 -0.117
0.403 1 0.403 -0.256 -0.441 -0.119
0.404 1 0.404 -0.255 -0.441 -0.121
0.405 1 0.405 -0.254 -0.441 -0.122
0.406 1 0.406 -0.253 -0.442 -0.124
0.407 1 0.407 -0.252 -0.442 -0.126
0.408 1 0.408 -0.25 -0.442 -0.128
0.409 1 0.409 -0.249 -0.442 -0.13
0.41 1 0.41 -0.248 -0.443 -0.132
0.411 1 0.411 -0.247 -0.443 -0.134
0.412 1 0.412 -0.245 -0.443 -0.135
0.413 1 0.413 -0.244 -0.443 -0.137
0.414 1 0.414 -0.243 -0.444 -0.139
0.415 1 0.415 -0.242 -0.444 -0.141
0.416 1 0.416 -0.24 -0.444 -0.143
0.417 1 0.417 -0.239 -0.444 -0.145
0.418 1 0.418 -0.238 -0.444 -0.147
0.419 1 0.419 -0.237 -0.445 -0.149
0.42 1 0.42 -0.235 -0.445 -0.15
0.421 1 0.421 -0.234 -0.445 -0.152
0.422 1 0.422 -0.233 -0.445 -0.154
0.423 1 0.423 -0.232 -0.445 -0.156
0.424 1 0.424 -0.23 -0.445 -0.158
0.425 1 0.425 -0.229 -0.446 -0.16
0.426 1 0.426 -0.228 -0.446 -0.161
0.427 1 0.427 -0.227 -0.446 -0.163
0.428 1 0.428 -0.225 -0.446 -0.165
0.429 1 0.429 -0.224 -0.446 -0.167
0.43 1 0.43 -0.223 -0.446 -0.169
0.431 1 0.431 -0.221 -0.446 -0.171
0.432 1 0.432 -0.22 -0.446 -0.172
0.433 1 0.433 -0.219 -0.447 -0.174
0.434 1 0.434 -0.217 -0.447 -0.176
0.435 1 0.435 -0.216 -0.447 -0.178
0.436 1 0.436 -0.215 -0.447 -0.18
0.437 1 0.437 -0.214 -0.447 -0.182
0.438 1 0.438 -0.212 -0.447 -0.183
0.439 1 0.439 -0.211 -0.447 -0.185
0.44 1 0.44 -0.21 -0.447 -0.187
0.441 1 0.441 -0.208 -0.447 -0.189
0.442 1 0.442 -0.207 -0.447 -0.191
0.443 1 0.443 -0.206 -0.447 -0.192
0.444 1 0.444 -0.204 -0.447 -0.194
0.445 1 0.445 -0.203 -0.447 -0.196
0.446 1 0.446 -0.202 -0.447 -0.198
0.447 1 0.447 -0.2 -0.447 -0.2
0.448 1 0.448 -0.199 -0.447 -0.201
0.449 1 0.449 -0.198 -0.447 -0.203
0.45 1 0.45 -0.196 -0.447 -0.205
0.451 1 0.451 -0.195 -0.447 -0.207
0.452 1 0.452 -0.194 -0.447 -0.209
0.453 1 0.453 -0.192 -0.447 -0.21
0.454 1 0.454 -0.191 -0.447 -0.212
0.455 1 0.455 -0.189 -0.447 -0.214
0.456 1 0.456 -0.188 -0.447 -0.216
0.457 1 0.457 -0.187 -0.447 -0.217
0.458 1 0.458 -0.185 -0.447 -0.219
0.459 1 0.459 -0.184 -0.447 -0.221
0.46 1 0.46 -0.183 -0.447 -0.223
0.461 1 0.461 -0.181 -0.447 -0.224
0.462 1 0.462 -0.18 -0.446 -0.226
0.463 1 0.463 -0.178 -0.446 -0.228
0.464 1 0.464 -0.177 -0.446 -0.23
0.465 1 0.465 -0.176 -0.446 -0.231
0.466 1 0.466 -0.174 -0.446 -0.233
0.467 1 0.467 -0.173 -0.446 -0.235
0.468 1 0.468 -0.171 -0.446 -0.236
0.469 1 0.469 -0.17 -0.446 -0.238
0.47 1 0.47 -0.169 -0.445 -0.24
0.471 1 0.471 -0.167 -0.445 -0.242
0.472 1 0.472 -0.166 -0.445 -0.243
0.473 1 0.473 -0.164 -0.445 -0.245
0.474 1 0.474 -0.163 -0.445 -0.247
0.475 1 0.475 -0.162 -0.445 -0.248
0.476 1 0.476 -0.16 -0.444 -0.25
0.477 1 0.477 -0.159 -0.444 -0.252
0.478 1 0.478 -0.157 -0.444 -0.253
0.479 1 0.479 -0.156 -0.444 -0.255
0.48 1 0.48 -0.154 -0.444 -0.257
0.481 1 0.481 -0.153 -0.443 -0.258
0.482 1 0.482 -0.152 -0.443 -0.26
0.483 1 0.483 -0.15 -0.443 -0.262
0.484 1 0.484 -0.149 -0.443 -0.263
0.485 1 0.485 -0.147 -0.442 -0.265
0.486 1 0.486 -0.146 -0.442 -0.267
0.487 1 0.487 -0.144 -0.442 -0.268
0.488 1 0.488 -0.143 -0.441 -0.27
0.489 1 0.489 -0.141 -0.441 -0.272
0.49 1 0.49 -0.14 -0.441 -0.273
0.491 1 0.491 -0.138 -0.441 -0.275
0.492 1 0.492 -0.137 -0.44 -0.276
0.493 1 0.493 -0.135 -0.44 -0.278
0.494 1 0.494 -0.134 -0.44 -0.28
0.495 1 0.495 -0.132 -0.439 -0.281
0.496 1 0.496 -0.131 -0.439 -0.283
0.497 1 0.497 -0.129 -0.439 -0.284
0.498 1 0.498 -0.128 -0.438 -0.286
0.499 1 0.499 -0.126 -0.438 -0.287
0.5 1 0.5 -0.125 -0.438 -0.289
0.501 1 0.501 -0.123 -0.437 -0.291
0.502 1 0.502 -0.122 -0.437 -0.292
0.503 1 0.503 -0.12 -0.436 -0.294
0.504 1 0.504 -0.119 -0.436 -0.295
0.505 1 0.505 -0.117 -0.436 -0.297
0.506 1 0.506 -0.116 -0.435 -0.298
0.507 1 0.507 -0.114 -0.435 -0.3
0.508 1 0.508 -0.113 -0.434 -0.301
0.509 1 0.509 -0.111 -0.434 -0.303
0.51 1 0.51 -0.11 -0.433 -0.304
0.511 1 0.511 -0.108 -0.433 -0.306
0.512 1 0.512 -0.107 -0.432 -0.307
0.513 1 0.513 -0.105 -0.432 -0.309
0.514 1 0.514 -0.104 -0.432 -0.31
0.515 1 0.515 -0.102 -0.431 -0.312
0.516 1 0.516 -0.101 -0.431 -0.313
0.517 1 0.517 -0.0991 -0.43 -0.315
0.518 1 0.518 -0.0975 -0.43 -0.316
0.519 1 0.519 -0.096 -0.429 -0.318
0.52 1 0.52 -0.0944 -0.428 -0.319
0.521 1 0.521 -0.0928 -0.428 -0.321
0.522 1 0.522 -0.0913 -0.427 -0.322
0.523 1 0.523 -0.0897 -0.427 -0.323
0.524 1 0.524 -0.0881 -0.426 -0.325
0.525 1 0.525 -0.0866 -0.426 -0.326
0.526 1 0.526 -0.085 -0.425 -0.328
0.527 1 0.527 -0.0834 -0.425 -0.329
0.528 1 0.528 -0.0818 -0.424 -0.33
0.529 1 0.529 -0.0802 -0.423 -0.332
0.53 1 0.53 -0.0786 -0.423 -0.333
0.531 1 0.531 -0.0771 -0.422 -0.335
0.532 1 0.532 -0.0755 -0.422 -0.336
0.533 1 0.533 -0.0739 -0.421 -0.337
0.534 1 0.534 -0.0723 -0.42 -0.339
0.535 1 0.535 -0.0707 -0.42 -0.34
0.536 1 0.536 -0.0691 -0.419 -0.341
0.537 1 0.537 -0.0674 -0.418 -0.343
0.538 1 0.538 -0.0658 -0.418 -0.344
0.539 1 0.539 -0.0642 -0.417 -0.345
0.54 1 0.54 -0.0626 -0.416 -0.346
0.541 1 0.541 -0.061 -0.416 -0.348
0.542 1 0.542 -0.0594 -0.415 -0.349
0.543 1 0.543 -0.0577 -0.414 -0.35
0.544 1 0.544 -0.0561 -0.414 -0.352
0.545 1 0.545 -0.0545 -0.413 -0.353
0.546 1 0.546 -0.0528 -0.412 -0.354
0.547 1 0.547 -0.0512 -0.411 -0.355
0.548 1 0.548 -0.0495 -0.411 -0.357
0.549 1 0.549 -0.0479 -0.41 -0.358
0.55 1 0.55 -0.0462 -0.409 -0.359
0.551 1 0.551 -0.0446 -0.408 -0.36
0.552 1 0.552 -0.0429 -0.408 -0.361
0.553 1 0.553 -0.0413 -0.407 -0.363
0.554 1 0.554 -0.0396 -0.406 -0.364
0.555 1 0.555 -0.038 -0.405 -0.365
0.556 1 0.556 -0.0363 -0.404 -0.366
0.557 1 0.557 -0.0346 -0.403 -0.367
0.558 1 0.558 -0.033 -0.403 -0.368
0.559 1 0.559 -0.0313 -0.402 -0.37
0.56 1 0.56 -0.0296 -0.401 -0.371
0.561 1 0.561 -0.0279 -0.4 -0.372
0.562 1 0.562 -0.0262 -0.399 -0.373
0.563 1 0.563 -0.0245 -0.398 -0.374
0.564 1 0.564 -0.0229 -0.397 -0.375
0.565 1 0.565 -0.0212 -0.397 -0.376
0.566 1 0.566 -0.0195 -0.396 -0.377
0.567 1 0.567 -0.0178 -0.395 -0.378
0.568 1 0.568 -0.0161 -0.394 -0.379
0.569 1 0.569 -0.0144 -0.393 -0.381
0.57 1 0.57 -0.0126 -0.392 -0.382
0.571 1 0.571 -0.0109 -0.391 -0.383
0.572 1 0.572 -0.00922 -0.39 -0.384
0.573 1 0.573 -0.00751 -0.389 -0.385
0.574 1 0.574 -0.00579 -0.388 -0.386
0.575 1 0.575 -0.00406 -0.387 -0.387
0.576 1 0.576 -0.00234 -0.386 -0.388
0.577 1 0.577 -0.000607 -0.385 -0.389
0.578 1 0.578 0.00113 -0.384 -0.39
0.579 1 0.579 0.00286 -0.383 -0.39
0.58 1 0.58 0.0046 -0.382 -0.391
0.581 1 0.581 0.00634 -0.381 -0.392
0.582 1 0.582 0.00809 -0.38 -0.393
0.583 1 0.583 0.00983 -0.379 -0.394
0.584 1 0.584 0.0116 -0.378 -0.395
0.585 1 0.585 0.0133 -0.377 -0.396
0.586 1 0.586 0.0151 -0.376 -0.397
0.587 1 0.587 0.0169 -0.375 -0.398
0.588 1 0.588 0.0186 -0.374 -0.399
0.589 1 0.589 0.0204 -0.373 -0.399
0.59 1 0.59 0.0222 -0.372 -0.4
0.591 1 0.591 0.0239 -0.37 -0.401
0.592 1 0.592 0.0257 -0.369 -0.402
0.593 1 0.593 0.0275 -0.368 -0.403
0.594 1 0.594 0.0293 -0.367 -0.403
0.595 1 0.595 0.031 -0.366 -0.404
0.596 1 0.596 0.0328 -0.365 -0.405
0.597 1 0.597 0.0346 -0.364 -0.406
0.598 1 0.598 0.0364 -0.362 -0.407
0.599 1 0.599 0.0382 -0.361 -0.407
0.6 1 0.6 0.04 -0.36 -0.408
0.601 1 0.601 0.0418 -0.359 -0.409
0.602 1 0.602 0.0436 -0.358 -0.409
0.603 1 0.603 0.0454 -0.356 -0.41
0.604 1 0.604 0.0472 -0.355 -0.411
0.605 1 0.605 0.049 -0.354 -0.411
0.606 1 0.606 0.0509 -0.353 -0.412
0.607 1 0.607 0.0527 -0.351 -0.413
0.608 1 0.608 0.0545 -0.35 -0.413
0.609 1 0.609 0.0563 -0.349 -0.414
0.61 1 0.61 0.0582 -0.348 -0.415
0.611 1 0.611 0.06 -0.346 -0.415
0.612 1 0.612 0.0618 -0.345 -0.416
0.613 1 0.613 0.0637 -0.344 -0.416
0.614 1 0.614 0.0655 -0.342 -0.417
0.615 1 0.615 0.0673 -0.341 -0.417
0.616 1 0.616 0.0692 -0.34 -0.418
0.617 1 0.617 0.071 -0.338 -0.419
0.618 1 0.618 0.0729 -0.337 -0.419
0.619 1 0.619 0.0747 -0.336 -0.42
0.62 1 0.62 0.0766 -0.334 -0.42
0.621 1 0.621 0.0785 -0.333 -0.421
0.622 1 0.622 0.0803 -0.331 -0.421
0.623 1 0.623 0.0822 -0.33 -0.421
0.624 1 0.624 0.0841 -0.329 -0.422
0.625 1 0.625 0.0859 -0.327 -0.422
0.626 1 0.626 0.0878 -0.326 -0.423
0.627 1 0.627 0.0897 -0.324 -0.423
0.628 1 0.628 0.0916 -0.323 -0.423
0.629 1 0.629 0.0935 -0.321 -0.424
0.63 1 0.63 0.0954 -0.32 -0.424
0.631 1 0.631 0.0972 -0.318 -0.425
0.632 1 0.632 0.0991 -0.317 -0.425
0.633 1 0.633 0.101 -0.315 -0.425
0.634 1 0.634 0.103 -0.314 -0.425
0.635 1 0.635 0.105 -0.312 -0.426
0.636 1 0.636 0.107 -0.311 -0.426
0.637 1 0.637 0.109 -0.309 -0.426
0.638 1 0.638 0.111 -0.308 -0.427
0.639 1 0.639 0.112 -0.306 -0.427
0.64 1 0.64 0.114 -0.305 -0.427
0.641 1 0.641 0.116 -0.303 -0.427
0.642 1 0.642 0.118 -0.301 -0.427
0.643 1 0.643 0.12 -0.3 -0.428
0.644 1 0.644 0.122 -0.298 -0.428
0.645 1 0.645 0.124 -0.297 -0.428
0.646 1 0.646 0.126 -0.295 -0.428
0.647 1 0.647 0.128 -0.293 -0.428
0.648 1 0.648 0.13 -0.292 -0.428
0.649 1 0.649 0.132 -0.29 -0.428
0.65 1 0.65 0.134 -0.288 -0.428
0.651 1 0.651 0.136 -0.287 -0.428
0.652 1 0.652 0.138 -0.285 -0.429
0.653 1 0.653 0.14 -0.283 -0.429
0.654 1 0.654 0.142 -0.282 -0.429
0.655 1 0.655 0.144 -0.28 -0.429
0.656 1 0.656 0.146 -0.278 -0.429
0.657 1 0.657 0.147 -0.277 -0.429
0.658 1 0.658 0.149 -0.275 -0.428
0.659 1 0.659 0.151 -0.273 -0.428
0.66 1 0.66 0.153 -0.271 -0.428
0.661 1 0.661 0.155 -0.269 -0.428
0.662 1 0.662 0.157 -0.268 -0.428
0.663 1 0.663 0.159 -0.266 -0.428
0.664 1 0.664 0.161 -0.264 -0.428
0.665 1 0.665 0.163 -0.262 -0.428
0.666 1 0.666 0.165 -0.26 -0.428
0.667 1 0.667 0.167 -0.259 -0.427
0.668 1 0.668 0.169 -0.257 -0.427
0.669 1 0.669 0.171 -0.255 -0.427
0.67 1 0.67 0.173 -0.253 -0.427
0.671 1 0.671 0.175 -0.251 -0.427
0.672 1 0.672 0.177 -0.249 -0.426
0.673 1 0.673 0.179 -0.247 -0.426
0.674 1 0.674 0.181 -0.246 -0.426
0.675 1 0.675 0.183 -0.244 -0.425
0.676 1 0.676 0.185 -0.242 -0.425
0.677 1 0.677 0.187 -0.24 -0.425
0.678 1 0.678 0.19 -0.238 -0.424
0.679 1 0.679 0.192 -0.236 -0.424
0.68 1 0.68 0.194 -0.234 -0.424
0.681 1 0.681 0.196 -0.232 -0.423
0.682 1 0.682 0.198 -0.23 -0.423
0.683 1 0.683 0.2 -0.228 -0.422
0.684 1 0.684 0.202 -0.226 -0.422
0.685 1 0.685 0.204 -0.224 -0.421
0.686 1 0.686 0.206 -0.222 -0.421
0.687 1 0.687 0.208 -0.22 -0.42
0.688 1 0.688 0.21 -0.218 -0.42
0.689 1 0.689 0.212 -0.216 -0.419
0.69 1 0.69 0.214 -0.214 -0.419
0.691 1 0.691 0.216 -0.212 -0.418
0.692 1 0.692 0.218 -0.21 -0.418
0.693 1 0.693 0.22 -0.207 -0.417
0.694 1 0.694 0.222 -0.205 -0.416
0.695 1 0.695 0.225 -0.203 -0.416
0.696 1 0.696 0.227 -0.201 -0.415
0.697 1 0.697 0.229 -0.199 -0.414
0.698 1 0.698 0.231 -0.197 -0.414
0.699 1 0.699 0.233 -0.195 -0.413
0.7 1 0.7 0.235 -0.193 -0.412
0.701 1 0.701 0.237 -0.19 -0.411
0.702 1 0.702 0.239 -0.188 -0.411
0.703 1 0.703 0.241 -0.186 -0.41
0.704 1 0.704 0.243 -0.184 -0.409
0.705 1 0.705 0.246 -0.181 -0.408
0.706 1 0.706 0.248 -0.179 -0.407
0.707 1 0.707 0.25 -0.177 -0.406
0.708 1 0.708 0.252 -0.175 -0.405
0.709 1 0.709 0.254 -0.172 -0.405
0.71 1 0.71 0.256 -0.17 -0.404
0.711 1 0.711 0.258 -0.168 -0.403
0.712 1 0.712 0.26 -0.166 -0.402
0.713 1 0.713 0.263 -0.163 -0.401
0.714 1 0.714 0.265 -0.161 -0.4
0.715 1 0.715 0.267 -0.159 -0.399
0.716 1 0.716 0.269 -0.156 -0.398
0.717 1 0.717 0.271 -0.154 -0.397
0.718 1 0.718 0.273 -0.152 -0.395
0.719 1 0.719 0.275 -0.149 -0.394
0.72 1 0.72 0.278 -0.147 -0.393
0.721 1 0.721 0.28 -0.144 -0.392
0.722 1 0.722 0.282 -0.142 -0.391
0.723 1 0.723 0.284 -0.14 -0.39
0.724 1 0.724 0.286 -0.137 -0.389
0.725 1 0.725 0.288 -0.135 -0.387
0.726 1 0.726 0.291 -0.132 -0.386
0.727 1 0.727 0.293 -0.13 -0.385
0.728 1 0.728 0.295 -0.127 -0.384
0.729 1 0.729 0.297 -0.125 -0.382
0.73 1 0.73 0.299 -0.122 -0.381
0.731 1 0.731 0.302 -0.12 -0.38
0.732 1 0.732 0.304 -0.117 -0.378
0.733 1 0.733 0.306 -0.115 -0.377
0.734 1 0.734 0.308 -0.112 -0.375
0.735 1 0.735 0.31 -0.11 -0.374
0.736 1 0.736 0.313 -0.107 -0.373
0.737 1 0.737 0.315 -0.105 -0.371
0.738 1 0.738 0.317 -0.102 -0.37
0.739 1 0.739 0.319 -0.0995 -0.368
0.74 1 0.74 0.321 -0.0969 -0.367
0.741 1 0.741 0.324 -0.0943 -0.365
0.742 1 0.742 0.326 -0.0917 -0.363
0.743 1 0.743 0.328 -0.0891 -0.362
0.744 1 0.744 0.33 -0.0864 -0.36
0.745 1 0.745 0.333 -0.0838 -0.359
0.746 1 0.746 0.335 -0.0811 -0.357
0.747 1 0.747 0.337 -0.0784 -0.355
0.748 1 0.748 0.339 -0.0757 -0.354
0.749 1 0.749 0.342 -0.073 -0.352
0.75 1 0.75 0.344 -0.0703 -0.35
0.751 1 0.751 0.346 -0.0676 -0.348
0.752 1 0.752 0.348 -0.0649 -0.347
0.753 1 0.753 0.351 -0.0621 -0.345
0.754 1 0.754 0.353 -0.0593 -0.343
0.755 1 0.755 0.355 -0.0566 -0.341
0.756 1 0.756 0.357 -0.0538 -0.339
0.757 1 0.757 0.36 -0.051 -0.337
0.758 1 0.758 0.362 -0.0482 -0.335
0.759 1 0.759 0.364 -0.0454 -0.333
0.76 1 0.76 0.366 -0.0426 -0.331
0.761 1 0.761 0.369 -0.0397 -0.329
0.762 1 0.762 0.371 -0.0369 -0.327
0.763 1 0.763 0.373 -0.034 -0.325
0.764 1 0.764 0.376 -0.0311 -0.323
0.765 1 0.765 0.378 -0.0283 -0.321
0.766 1 0.766 0.38 -0.0254 -0.319
0.767 1 0.767 0.382 -0.0225 -0.317
0.768 1 0.768 0.385 -0.0195 -0.315
0.769 1 0.769 0.387 -0.0166 -0.313
0.77 1 0.77 0.389 -0.0137 -0.31
0.771 1 0.771 0.392 -0.0107 -0.308
0.772 1 0.772 0.394 -0.00775 -0.306
0.773 1 0.773 0.396 -0.00478 -0.304
0.774 1 0.774 0.399 -0.00179 -0.301
0.775 1 0.775 0.401 0.00121 -0.299
0.776 1 0.776 0.403 0.00422 -0.297
0.777 1 0.777 0.406 0.00724 -0.294
0.778 1 0.778 0.408 0.0103 -0.292
0.779 1 0.779 0.41 0.0133 -0.29
0.78 1 0.78 0.413 0.0164 -0.287
0.781 1 0.781 0.415 0.0194 -0.285
0.782 1 0.782 0.417 0.0225 -0.282
0.783 1 0.783 0.42 0.0256 -0.28
0.784 1 0.784 0.422 0.0287 -0.277
0.785 1 0.785 0.424 0.0318 -0.275
0.786 1 0.786 0.427 0.035 -0.272
0.787 1 0.787 0.429 0.0381 -0.269
0.788 1 0.788 0.431 0.0413 -0.267
0.789 1 0.789 0.434 0.0444 -0.264
0.79 1 0.79 0.436 0.0476 -0.261
0.791 1 0.791 0.439 0.0508 -0.259
0.792 1 0.792 0.441 0.054 -0.256
0.793 1 0.793 0.443 0.0572 -0.253
0.794 1 0.794 0.446 0.0604 -0.25
0.795 1 0.795 0.448 0.0636 -0.247
0.796 1 0.796 0.45 0.0669 -0.245
0.797 1 0.797 0.453 0.0702 -0.242
0.798 1 0.798 0.455 0.0734 -0.239
0.799 1 0.799 0.458 0.0767 -0.236
0.8 1 0.8 0.46 0.08 -0.233
0.801 1 0.801 0.462 0.0833 -0.23
0.802 1 0.802 0.465 0.0866 -0.227
0.803 1 0.803 0.467 0.09 -0.224
0.804 1 0.804 0.47 0.0933 -0.221
0.805 1 0.805 0.472 0.0967 -0.218
0.806 1 0.806 0.474 0.1 -0.215
0.807 1 0.807 0.477 0.103 -0.212
0.808 1 0.808 0.479 0.107 -0.208
0.809 1 0.809 0.482 0.11 -0.205
0.81 1 0.81 0.484 0.114 -0.202
0.811 1 0.811 0.487 0.117 -0.199
0.812 1 0.812 0.489 0.12 -0.196
0.813 1 0.813 0.491 0.124 -0.192
0.814 1 0.814 0.494 0.127 -0.189
0.815 1 0.815 0.496 0.131 -0.186
0.816 1 0.816 0.499 0.134 -0.182
0.817 1 0.817 0.501 0.138 -0.179
0.818 1 0.818 0.504 0.141 -0.175
0.819 1 0.819 0.506 0.145 -0.172
0.82 1 0.82 0.509 0.148 -0.168
0.821 1 0.821 0.511 0.152 -0.165
0.822 1 0.822 0.514 0.156 -0.161
0.823 1 0.823 0.516 0.159 -0.158
0.824 1 0.824 0.518 0.163 -0.154
0.825 1 0.825 0.521 0.166 -0.151
0.826 1 0.826 0.523 0.17 -0.147
0.827 1 0.827 0.526 0.174 -0.143
0.828 1 0.828 0.528 0.177 -0.14
0.829 1 0.829 0.531 0.181 -0.136
0.83 1 0.83 0.533 0.184 -0.132
0.831 1 0.831 0.536 0.188 -0.128
0.832 1 0.832 0.538 0.192 -0.124
0.833 1 0.833 0.541 0.196 -0.121
0.834 1 0.834 0.543 0.199 -0.117
0.835 1 0.835 0.546 0.203 -0.113
0.836 1 0.836 0.548 0.207 -0.109
0.837 1 0.837 0.551 0.21 -0.105
0.838 1 0.838 0.553 0.214 -0.101
0.839 1 0.839 0.556 0.218 -0.0969
0.84 1 0.84 0.558 0.222 -0.0928
0.841 1 0.841 0.561 0.226 -0.0887
0.842 1 0.842 0.563 0.229 -0.0846
0.843 1 0.843 0.566 0.233 -0.0805
0.844 1 0.844 0.569 0.237 -0.0763
0.845 1 0.845 0.571 0.241 -0.0721
0.846 1 0.846 0.574 0.245 -0.0678
0.847 1 0.847 0.576 0.249 -0.0636
0.848 1 0.848 0.579 0.253 -0.0593
0.849 1 0.849 0.581 0.256 -0.055
0.85 1 0.85 0.584 0.26 -0.0506
0.851 1 0.851 0.586 0.264 -0.0462
0.852 1 0.852 0.589 0.268 -0.0418
0.853 1 0.853 0.591 0.272 -0.0373
0.854 1 0.854 0.594 0.276 -0.0329
0.855 1 0.855 0.597 0.28 -0.0284
0.856 1 0.856 0.599 0.284 -0.0238
0.857 1 0.857 0.602 0.288 -0.0192
0.858 1 0.858 0.604 0.292 -0.0146
0.859 1 0.859 0.607 0.296 -0.01
0.86 1 0.86 0.609 0.3 -0.00534
0.861 1 0.861 0.612 0.304 -0.000643
0.862 1 0.862 0.615 0.308 0.00409
0.863 1 0.863 0.617 0.312 0.00885
0.864 1 0.864 0.62 0.316 0.0136
0.865 1 0.865 0.622 0.321 0.0185
0.866 1 0.866 0.625 0.325 0.0233
0.867 1 0.867 0.628 0.329 0.0282
0.868 1 0.868 0.63 0.333 0.0331
0.869 1 0.869 0.633 0.337 0.0381
0.87 1 0.87 0.635 0.341 0.0431
0.871 1 0.871 0.638 0.345 0.0481
0.872 1 0.872 0.641 0.35 0.0531
0.873 1 0.873 0.643 0.354 0.0582
0.874 1 0.874 0.646 0.358 0.0633
0.875 1 0.875 0.648 0.362 0.0685
0.876 1 0.876 0.651 0.367 0.0736
0.877 1 0.877 0.654 0.371 0.0788
0.878 1 0.878 0.656 0.375 0.0841
0.879 1 0.879 0.659 0.379 0.0894
0.88 1 0.88 0.662 0.384 0.0947
0.881 1 0.881 0.664 0.388 0.1
0.882 1 0.882 0.667 0.392 0.105
0.883 1 0.883 0.67 0.397 0.111
0.884 1 0.884 0.672 0.401 0.116
0.885 1 0.885 0.675 0.405 0.122
0.886 1 0.886 0.677 0.41 0.127
0.887 1 0.887 0.68 0.414 0.133
0.888 1 0.888 0.683 0.419 0.138
0.889 1 0.889 0.685 0.423 0.144
0.89 1 0.89 0.688 0.427 0.15
0.891 1 0.891 0.691 0.432 0.155
0.892 1 0.892 0.693 0.436 0.161
0.893 1 0.893 0.696 0.441 0.167
0.894 1 0.894 0.699 0.445 0.173
0.895 1 0.895 0.702 0.45 0.178
0.896 1 0.896 0.704 0.454 0.184
0.897 1 0.897 0.707 0.459 0.19
0.898 1 0.898 0.71 0.463 0.196
0.899 1 0.899 0.712 0.468 0.202
0.9 1 0.9 0.715 0.473 0.208
0.901 1 0.901 0.718 0.477 0.214
0.902 1 0.902 0.72 0.482 0.22
0.903 1 0.903 0.723 0.486 0.226
0.904 1 0.904 0.726 0.491 0.232
0.905 1 0.905 0.729 0.496 0.238
0.906 1 0.906 0.731 0.5 0.245
0.907 1 0.907 0.734 0.505 0.251
0.908 1 0.908 0.737 0.51 0.257
0.909 1 0.909 0.739 0.514 0.263
0.91 1 0.91 0.742 0.519 0.27
0.911 1 0.911 0.745 0.524 0.276
0.912 1 0.912 0.748 0.528 0.283
0.913 1 0.913 0.75 0.533 0.289
0.914 1 0.914 0.753 0.538 0.296
0.915 1 0.915 0.756 0.543 0.302
0.916 1 0.916 0.759 0.547 0.309
0.917 1 0.917 0.761 0.552 0.315
0.918 1 0.918 0.764 0.557 0.322
0.919 1 0.919 0.767 0.562 0.329
0.92 1 0.92 0.77 0.567 0.335
0.921 1 0.921 0.772 0.572 0.342
0.922 1 0.922 0.775 0.576 0.349
0.923 1 0.923 0.778 0.581 0.356
0.924 1 0.924 0.781 0.586 0.362
0.925 1 0.925 0.783 0.591 0.369
0.926 1 0.926 0.786 0.596 0.376
0.927 1 0.927 0.789 0.601 0.383
0.928 1 0.928 0.792 0.606 0.39
0.929 1 0.929 0.795 0.611 0.397
0.93 1 0.93 0.797 0.616 0.404
0.931 1 0.931 0.8 0.621 0.411
0.932 1 0.932 0.803 0.626 0.419
0.933 1 0.933 0.806 0.631 0.426
0.934 1 0.934 0.809 0.636 0.433
0.935 1 0.935 0.811 0.641 0.44
0.936 1 0.936 0.814 0.646 0.448
0.937 1 0.937 0.817 0.651 0.455
0.938 1 0.938 0.82 0.656 0.462
0.939 1 0.939 0.823 0.661 0.47
0.94 1 0.94 0.825 0.666 0.477
0.941 1 0.941 0.828 0.672 0.485
0.942 1 0.942 0.831 0.677 0.492
0.943 1 0.943 0.834 0.682 0.5
0.944 1 0.944 0.837 0.687 0.508
0.945 1 0.945 0.84 0.692 0.515
0.946 1 0.946 0.842 0.697 0.523
0.947 1 0.947 0.845 0.703 0.531
0.948 1 0.948 0.848 0.708 0.538
0.949 1 0.949 0.851 0.713 0.546
0.95 1 0.95 0.854 0.718 0.554
0.951 1 0.951 0.857 0.724 0.562
0.952 1 0.952 0.859 0.729 0.57
0.953 1 0.953 0.862 0.734 0.578
0.954 1 0.954 0.865 0.74 0.586
0.955 1 0.955 0.868 0.745 0.594
0.956 1 0.956 0.871 0.75 0.602
0.957 1 0.957 0.874 0.756 0.61
0.958 1 0.958 0.877 0.761 0.618
0.959 1 0.959 0.88 0.766 0.627
0.96 1 0.96 0.882 0.772 0.635
0.961 1 0.961 0.885 0.777 0.643
0.962 1 0.962 0.888 0.783 0.652
0.963 1 0.963 0.891 0.788 0.66
0.964 1 0.964 0.894 0.794 0.668
0.965 1 0.965 0.897 0.799 0.677
0.966 1 0.966 0.9 0.805 0.685
0.967 1 0.967 0.903 0.81 0.694
0.968 1 0.968 0.906 0.816 0.702
0.969 1 0.969 0.908 0.821 0.711
0.97 1 0.97 0.911 0.827 0.72
0.971 1 0.971 0.914 0.832 0.728
0.972 1 0.972 0.917 0.838 0.737
0.973 1 0.973 0.92 0.843 0.746
0.974 1 0.974 0.923 0.849 0.755
0.975 1 0.975 0.926 0.855 0.764
0.976 1 0.976 0.929 0.86 0.773
0.977 1 0.977 0.932 0.866 0.782
0.978 1 0.978 0.935 0.872 0.791
0.979 1 0.979 0.938 0.877 0.8
0.98 1 0.98 0.941 0.883 0.809
0.981 1 0.981 0.944 0.889 0.818
0.982 1 0.982 0.946 0.894 0.827
0.983 1 0.983 0.949 0.9 0.836
0.984 1 0.984 0.952 0.906 0.846
0.985 1 0.985 0.955 0.912 0.855
0.986 1 0.986 0.958 0.917 0.864
0.987 1 0.987 0.961 0.923 0.874
0.988 1 0.988 0.964 0.929 0.883
0.989 1 0.989 0.967 0.935 0.893
0.99 1 0.99 0.97 0.941 0.902
0.991 1 0.991 0.973 0.947 0.912
0.992 1 0.992 0.976 0.952 0.921
0.993 1 0.993 0.979 0.958 0.931
0.994 1 0.994 0.982 0.964 0.941
0.995 1 0.995 0.985 0.97 0.951
0.996 1 0.996 0.988 0.976 0.96
0.997 1 0.997 0.991 0.982 0.97
0.998 1 0.998 0.994 0.988 0.98
0.999 1 0.999 0.997 0.994 0.99
1 1 1 1 1 1
