   
10 3 4.16 1.98
11 3 4.02 1.75
12 3 4 1.96
13 3 4.68 1.86
14 3 4.41 1.92
15 3 4.4 1.92
16 3 3.94 2.13
17 3 4.77 1.63
18 3 3.75 1.57
19 3 4.4 1.53
20 3 4.47 1.09
21 3 5.58 1.57
22 3 5.16 1.84
23 3 4.83 1.24
24 3 4.6 1.13
25 3 5 0.929
26 3 4.49 0.979
27 3 4.58 1.11
28 3 4.5 0.922
29 3 4.57 0.95
30 3 4.7 1.06
31 3 4.38 1.06
32 3 4.38 1.21
33 3 4.25 1.17
34 3 4.34 1.28
35 3 4.06 1.15
36 3 4.1 0.935
37 3 4.12 0.94
38 3 3.99 0.904
39 3 4.26 0.822
40 3 4.28 1.16
41 3 3.57 1.08
42 3 3.68 1.03
43 3 3.71 1.03
44 3 3.17 1.02
45 3 3.16 1.28
46 3 3.19 1.31
47 3 3.48 1.43
48 3 3.47 1.11
49 3 3.51 1.13
50 3 3.5 1.14
51 3 3.49 1.14
52 3 3.47 1.12
53 3 3.48 1.1
54 3 3.44 1.1
55 3 3.34 1.09
56 3 3.33 1.07
57 3 3.38 1.09
58 3 3.51 1.13
59 3 3.53 1.06
60 3 3.53 1.06
61 3 3.57 1.07
62 3 3.5 1
63 3 3.52 1
64 3 3.51 0.978
65 3 3.42 0.983
66 3 3.4 1.01
67 3 3.33 1.02
68 3 3.21 0.98
69 3 3.3 0.972
70 3 3.32 0.953
71 3 3.33 0.887
72 3 3.4 0.909
73 3 3.36 0.925
74 3 3.39 0.961
75 3 3.38 0.958
76 3 3.27 0.852
77 3 3.31 0.788
78 3 3.36 0.808
79 3 3.29 0.817
80 3 3.29 0.826
81 3 3.41 0.862
82 3 3.03 0.907
83 3 3.01 0.969
84 3 2.98 0.947
85 3 2.97 0.947
86 3 2.96 0.95
87 3 2.96 0.952
88 3 3.02 0.969
89 3 2.91 1.02
90 3 2.78 1.04
91 3 2.8 1.01
92 3 2.77 1.02
93 3 2.84 1.02
94 3 2.82 1.03
95 3 2.85 1.06
96 3 2.87 1.06
97 3 2.82 1.1
98 3 2.77 1.03
99 3 2.76 1.03
100 3 2.76 1.05
101 3 2.76 1.05
102 3 2.76 1.06
103 3 2.76 1.06
104 3 2.86 1.12
105 3 2.79 1.16
106 3 2.81 1.26
107 3 2.82 1.29
108 3 2.86 1.29
109 3 2.88 1.29
110 3 2.88 1.27
111 3 2.88 1.27
112 3 2.87 1.23
113 3 2.89 1.24
114 3 2.85 1.28
115 3 2.86 1.27
116 3 2.86 1.27
117 3 2.76 1.23
118 3 2.76 1.23
119 3 2.76 1.24
120 3 2.77 1.25
121 3 2.82 1.25
122 3 2.73 1.24
123 3 2.76 1.24
124 3 2.72 1.25
125 3 2.72 1.12
126 3 2.72 1.12
127 3 2.74 1.13
128 3 2.73 1.13
129 3 2.7 1.11
130 3 2.73 1.11
131 3 2.73 1.11
132 3 2.59 1.04
133 3 2.62 1
134 3 2.56 0.939
135 3 2.63 0.926
136 3 2.59 0.928
137 3 2.59 0.913
138 3 2.58 0.912
139 3 2.57 0.917
140 3 2.57 0.928
141 3 2.58 0.934
142 3 2.58 0.937
143 3 2.57 0.923
144 3 2.58 0.923
145 3 2.58 0.916
146 3 2.56 0.911
147 3 2.54 0.884
148 3 2.53 0.885
149 3 2.54 0.911
150 3 2.55 0.906
151 3 2.55 0.906
152 3 2.54 0.908
153 3 2.59 0.935
154 3 2.59 0.945
155 3 2.52 0.923
156 3 2.49 0.937
157 3 2.51 1
158 3 2.48 1
159 3 2.47 1
160 3 2.46 1.08
161 3 2.46 1.08
162 3 2.47 1.08
163 3 2.47 1.07
164 3 2.48 1.07
165 3 2.43 1.09
166 3 2.39 1.08
167 3 2.36 1.11
168 3 2.32 1.13
169 3 2.3 1.16
170 3 2.29 1.16
171 3 2.32 1.17
172 3 2.32 1.14
173 3 2.35 1.16
174 3 2.41 1.13
175 3 2.46 1.12
176 3 2.46 1.12
177 3 2.4 1.09
178 3 2.38 1.09
179 3 2.37 1.15
180 3 2.37 1.15
181 3 2.41 1.17
182 3 2.44 1.15
183 3 2.43 1.14
184 3 2.42 1.15
185 3 2.42 1.16
186 3 2.41 1.15
187 3 2.41 1.15
188 3 2.41 1.15
189 3 2.38 1.16
190 3 2.38 1.14
191 3 2.36 1.13
192 3 2.35 1.14
193 3 2.34 1.14
194 3 2.34 1.14
195 3 2.35 1.11
196 3 2.34 1.1
197 3 2.35 1.11
198 3 2.35 1.11
199 3 2.36 1.11
200 3 2.35 1.12
201 3 2.35 1.11
202 3 2.32 1.08
203 3 2.27 1.08
204 3 2.28 1.08
205 3 2.25 1.07
206 3 2.23 1.07
207 3 2.25 1.07
208 3 2.24 1.03
209 3 2.24 1.03
210 3 2.25 1.02
211 3 2.25 1.03
212 3 2.25 1.03
213 3 2.27 1.02
214 3 2.27 1.03
215 3 2.27 1.03
216 3 2.3 1.03
217 3 2.3 1.03
218 3 2.3 1.03
219 3 2.3 1.03
220 3 2.32 1.03
221 3 2.33 1.02
222 3 2.32 1.02
223 3 2.3 1.04
224 3 2.28 1.04
225 3 2.31 1.04
226 3 2.31 1.04
227 3 2.31 1.05
228 3 2.31 1.05
229 3 2.3 1.04
230 3 2.3 1.06
231 3 2.3 1.06
232 3 2.32 1.07
233 3 2.3 1.05
234 3 2.25 1.04
235 3 2.26 1
236 3 2.26 1.01
237 3 2.21 1.02
238 3 2.21 1.04
239 3 2.21 1.05
240 3 2.21 1.03
241 3 2.19 1.03
242 3 2.19 1.03
243 3 2.19 1.03
244 3 2.19 1.03
245 3 2.19 1.03
246 3 2.18 1.03
247 3 2.19 1.03
248 3 2.18 1.04
249 3 2.18 1.05
250 3 2.18 1.05
251 3 2.19 1.05
252 3 2.19 1.05
253 3 2.19 1.05
254 3 2.19 1.04
255 3 2.19 1.04
256 3 2.18 1.04
257 3 2.18 1.04
258 3 2.18 1.04
259 3 2.18 1.04
260 3 2.18 1.04
261 3 2.15 1.01
262 3 2.19 1.02
263 3 2.2 1.01
264 3 2.2 1
265 3 2.21 0.998
266 3 2.21 0.999
267 3 2.21 0.996
268 3 2.21 0.997
269 3 2.21 1
270 3 2.22 1.01
271 3 2.22 1.01
272 3 2.22 1.01
273 3 2.22 1.01
274 3 2.22 1
275 3 2.22 1
276 3 2.22 1.01
277 3 2.22 1.01
278 3 2.2 1.01
279 3 2.19 1.01
280 3 2.18 1
281 3 2.18 1
282 3 2.16 0.998
283 3 2.15 1
284 3 2.15 0.991
285 3 2.15 0.987
286 3 2.16 0.975
287 3 2.15 0.977
288 3 2.15 0.975
289 3 2.14 0.975
290 3 2.14 0.984
291 3 2.15 0.989
292 3 2.17 0.991
293 3 2.17 1.01
294 3 2.16 1.01
295 3 2.16 1
296 3 2.15 1
297 3 2.15 1.01
298 3 2.15 1.01
299 3 2.16 1.01
300 3 2.16 1.01
301 3 2.15 1.01
302 3 2.15 1.01
303 3 2.16 1.02
304 3 2.15 1.01
305 3 2.15 1
306 3 2.15 0.998
307 3 2.15 0.999
308 3 2.16 1
309 3 2.16 1.01
310 3 2.17 1
311 3 2.18 1.01
312 3 2.16 1.01
313 3 2.17 1.01
314 3 2.18 1.02
315 3 2.18 1.02
316 3 2.17 1.02
317 3 2.16 1
318 3 2.18 1
319 3 2.18 1
320 3 2.18 1.01
321 3 2.19 1.01
322 3 2.18 1.01
323 3 2.2 1.03
324 3 2.22 1.03
325 3 2.23 1.06
326 3 2.23 1.06
327 3 2.23 1.06
328 3 2.21 1.05
329 3 2.23 1.05
330 3 2.23 1.07
331 3 2.23 1.07
332 3 2.24 1.08
333 3 2.24 1.09
334 3 2.24 1.09
335 3 2.25 1.09
336 3 2.25 1.1
337 3 2.25 1.1
338 3 2.23 1.1
339 3 2.24 1.1
340 3 2.24 1.12
341 3 2.24 1.12
342 3 2.25 1.12
343 3 2.25 1.12
344 3 2.25 1.12
345 3 2.25 1.12
346 3 2.25 1.12
347 3 2.25 1.12
348 3 2.24 1.13
349 3 2.24 1.14
350 3 2.24 1.13
351 3 2.24 1.13
352 3 2.23 1.13
353 3 2.24 1.14
354 3 2.23 1.14
355 3 2.23 1.14
356 3 2.22 1.13
357 3 2.21 1.13
358 3 2.21 1.13
359 3 2.21 1.13
360 3 2.2 1.12
361 3 2.2 1.11
362 3 2.2 1.11
363 3 2.19 1.11
364 3 2.18 1.11
365 3 2.18 1.11
366 3 2.18 1.11
367 3 2.17 1.1
368 3 2.17 1.11
369 3 2.17 1.11
370 3 2.17 1.08
371 3 2.18 1.08
372 3 2.17 1.07
373 3 2.17 1.07
374 3 2.17 1.06
375 3 2.17 1.06
376 3 2.2 1.05
377 3 2.2 1.04
378 3 2.22 1.05
379 3 2.21 1.05
380 3 2.22 1.03
381 3 2.22 1.03
382 3 2.22 1.03
383 3 2.21 1.03
384 3 2.21 1.04
385 3 2.21 1.04
386 3 2.21 1.04
387 3 2.21 1.05
388 3 2.2 1.05
389 3 2.2 1.04
390 3 2.2 1.04
391 3 2.2 1.04
392 3 2.2 1.03
393 3 2.22 1.03
394 3 2.22 1.02
395 3 2.23 1.02
396 3 2.22 1.02
397 3 2.22 1.02
398 3 2.2 1.02
399 3 2.22 1.01
400 3 2.22 1.01
401 3 2.22 1.01
402 3 2.22 1.01
403 3 2.22 1.01
404 3 2.22 1
405 3 2.23 1.01
406 3 2.22 1.01
407 3 2.22 1.01
408 3 2.22 1.02
409 3 2.22 1.02
410 3 2.22 1.02
411 3 2.22 1.02
412 3 2.22 1.02
413 3 2.22 1.02
414 3 2.22 1.02
415 3 2.22 1.02
416 3 2.23 1.02
417 3 2.23 1.02
418 3 2.22 1.02
419 3 2.23 1.03
420 3 2.23 1.03
421 3 2.24 1.04
422 3 2.23 1.04
423 3 2.22 1.04
424 3 2.23 1.04
425 3 2.24 1.04
426 3 2.24 1.04
427 3 2.24 1.04
428 3 2.24 1.03
429 3 2.24 1.03
430 3 2.25 1.03
431 3 2.25 1.04
432 3 2.25 1.04
433 3 2.24 1.04
434 3 2.25 1.04
435 3 2.25 1.04
436 3 2.25 1.04
437 3 2.25 1.06
438 3 2.25 1.06
439 3 2.25 1.06
440 3 2.25 1.05
441 3 2.25 1.05
442 3 2.24 1.05
443 3 2.25 1.04
444 3 2.24 1.04
445 3 2.26 1.03
446 3 2.25 1.03
447 3 2.25 1.03
448 3 2.25 1.03
449 3 2.24 1.03
450 3 2.23 1.03
451 3 2.23 1.03
452 3 2.25 1.03
453 3 2.25 1.03
454 3 2.25 1.02
455 3 2.25 1.02
456 3 2.25 1.02
457 3 2.25 1.03
458 3 2.25 1.03
459 3 2.25 1.02
460 3 2.25 1.02
461 3 2.25 1.02
462 3 2.25 1.02
463 3 2.25 1.03
464 3 2.24 1.03
465 3 2.24 1.02
466 3 2.25 1.02
467 3 2.25 1.02
468 3 2.25 1.02
469 3 2.25 1.02
470 3 2.23 1.01
471 3 2.23 1.03
472 3 2.23 1.03
473 3 2.24 1.05
474 3 2.25 1.05
475 3 2.25 1.05
476 3 2.25 1.06
477 3 2.25 1.06
478 3 2.25 1.06
479 3 2.24 1.05
480 3 2.25 1.05
481 3 2.25 1.06
482 3 2.25 1.06
483 3 2.25 1.06
484 3 2.26 1.06
485 3 2.26 1.06
486 3 2.26 1.06
487 3 2.26 1.06
488 3 2.27 1.06
489 3 2.27 1.06
490 3 2.27 1.06
491 3 2.27 1.06
492 3 2.27 1.06
493 3 2.26 1.05
494 3 2.26 1.05
495 3 2.26 1.05
496 3 2.26 1.06
497 3 2.26 1.06
498 3 2.26 1.05
499 3 2.26 1.05
500 3 2.26 1.05
501 3 2.26 1.05
502 3 2.26 1.05
503 3 2.26 1.05
504 3 2.26 1.05
505 3 2.26 1.05
506 3 2.26 1.05
507 3 2.26 1.05
508 3 2.26 1.05
509 3 2.26 1.05
510 3 2.25 1.05
511 3 2.25 1.05
512 3 2.24 1.05
513 3 2.23 1.05
514 3 2.23 1.04
515 3 2.21 1.04
516 3 2.21 1.05
517 3 2.2 1.04
518 3 2.19 1.04
519 3 2.2 1.04
520 3 2.19 1.05
521 3 2.19 1.04
522 3 2.19 1.04
523 3 2.2 1.05
524 3 2.19 1.05
525 3 2.19 1.04
526 3 2.19 1.04
527 3 2.19 1.04
528 3 2.19 1.04
529 3 2.18 1.04
530 3 2.17 1.04
531 3 2.16 1.06
532 3 2.16 1.06
533 3 2.16 1.06
534 3 2.15 1.05
535 3 2.14 1.06
536 3 2.13 1.06
537 3 2.14 1.06
538 3 2.14 1.06
539 3 2.14 1.05
540 3 2.14 1.05
541 3 2.14 1.05
542 3 2.15 1.05
543 3 2.14 1.06
544 3 2.14 1.06
545 3 2.14 1.06
546 3 2.14 1.06
547 3 2.12 1.06
548 3 2.12 1.06
549 3 2.13 1.06
550 3 2.13 1.06
551 3 2.13 1.06
552 3 2.13 1.06
553 3 2.13 1.05
554 3 2.13 1.05
555 3 2.14 1.06
556 3 2.14 1.06
557 3 2.14 1.07
558 3 2.15 1.07
559 3 2.14 1.08
560 3 2.14 1.08
561 3 2.14 1.07
562 3 2.14 1.08
563 3 2.13 1.07
564 3 2.13 1.07
565 3 2.13 1.07
566 3 2.13 1.07
567 3 2.13 1.06
568 3 2.13 1.07
569 3 2.13 1.07
570 3 2.12 1.06
571 3 2.12 1.05
572 3 2.13 1.06
573 3 2.15 1.06
574 3 2.16 1.05
575 3 2.15 1.05
576 3 2.15 1.05
577 3 2.16 1.05
578 3 2.16 1.05
579 3 2.16 1.05
580 3 2.15 1.05
581 3 2.15 1.06
582 3 2.15 1.06
583 3 2.16 1.07
584 3 2.16 1.07
585 3 2.16 1.05
586 3 2.17 1.06
587 3 2.17 1.06
588 3 2.16 1.06
589 3 2.17 1.06
590 3 2.17 1.06
591 3 2.17 1.07
592 3 2.17 1.07
593 3 2.17 1.06
594 3 2.18 1.07
595 3 2.17 1.07
596 3 2.17 1.06
597 3 2.17 1.06
598 3 2.17 1.06
599 3 2.17 1.06
600 3 2.17 1.07
601 3 2.17 1.06
602 3 2.17 1.06
603 3 2.17 1.06
604 3 2.17 1.06
605 3 2.16 1.06
606 3 2.16 1.06
607 3 2.16 1.06
608 3 2.16 1.07
609 3 2.15 1.06
610 3 2.15 1.05
611 3 2.16 1.05
612 3 2.15 1.05
613 3 2.15 1.05
614 3 2.15 1.05
615 3 2.15 1.05
616 3 2.15 1.05
617 3 2.15 1.05
618 3 2.16 1.06
619 3 2.15 1.06
620 3 2.15 1.05
621 3 2.15 1.05
622 3 2.15 1.04
623 3 2.15 1.05
624 3 2.15 1.04
625 3 2.15 1.05
626 3 2.14 1.05
627 3 2.14 1.04
628 3 2.15 1.04
629 3 2.15 1.04
630 3 2.14 1.05
631 3 2.13 1.04
632 3 2.14 1.04
633 3 2.14 1.02
634 3 2.15 1.02
635 3 2.15 1.02
636 3 2.16 1.02
637 3 2.16 1.02
638 3 2.15 1.01
639 3 2.15 1.01
640 3 2.14 1.01
641 3 2.14 1.01
642 3 2.14 1.01
643 3 2.14 1.01
644 3 2.15 1.02
645 3 2.14 1.02
646 3 2.14 1.02
647 3 2.14 1.02
648 3 2.14 1.02
649 3 2.14 1.02
650 3 2.14 1.02
651 3 2.14 1.01
652 3 2.14 1.01
653 3 2.13 1.02
654 3 2.13 1.01
655 3 2.13 1.01
656 3 2.13 1.01
657 3 2.13 1
658 3 2.14 1.01
659 3 2.14 1
660 3 2.14 1
661 3 2.14 1
662 3 2.14 1.01
663 3 2.15 1
664 3 2.15 1
665 3 2.15 1
666 3 2.15 1
667 3 2.14 1
668 3 2.14 1
669 3 2.14 1.01
670 3 2.14 1.01
671 3 2.14 1.01
672 3 2.14 1.01
673 3 2.14 1.01
674 3 2.14 1.01
675 3 2.14 1.01
676 3 2.13 1.01
677 3 2.14 1.01
678 3 2.14 1.01
679 3 2.14 1.01
680 3 2.14 1.01
681 3 2.14 1.01
682 3 2.14 1.01
683 3 2.14 1.01
684 3 2.14 1.01
685 3 2.13 1
686 3 2.13 0.999
687 3 2.14 0.999
688 3 2.14 1
689 3 2.13 1
690 3 2.13 1.01
691 3 2.13 1.01
692 3 2.13 1.01
693 3 2.13 1.01
694 3 2.13 1.01
695 3 2.12 1.01
696 3 2.12 1
697 3 2.11 1.01
698 3 2.11 1.01
699 3 2.11 1.01
700 3 2.11 1.01
701 3 2.11 1.01
702 3 2.12 1.02
703 3 2.11 1.01
704 3 2.11 1.01
705 3 2.11 1.01
706 3 2.11 1
707 3 2.11 0.999
708 3 2.11 1
709 3 2.11 1
710 3 2.1 0.994
711 3 2.12 0.995
712 3 2.12 0.989
713 3 2.12 0.991
714 3 2.12 0.994
715 3 2.12 0.994
716 3 2.12 0.989
717 3 2.12 0.988
718 3 2.12 0.987
719 3 2.12 0.989
720 3 2.12 0.989
721 3 2.12 0.989
722 3 2.12 0.989
723 3 2.12 0.989
724 3 2.12 0.988
725 3 2.12 0.989
726 3 2.12 0.989
727 3 2.12 0.988
728 3 2.12 0.988
729 3 2.11 0.983
730 3 2.11 0.985
731 3 2.11 0.985
732 3 2.1 0.986
733 3 2.1 0.986
734 3 2.1 0.982
735 3 2.1 0.981
736 3 2.1 0.981
737 3 2.1 0.983
738 3 2.09 0.981
739 3 2.09 0.984
740 3 2.09 0.984
741 3 2.09 0.984
742 3 2.09 0.987
743 3 2.09 0.987
744 3 2.09 0.986
745 3 2.09 0.987
746 3 2.09 0.986
747 3 2.09 0.987
748 3 2.09 0.987
749 3 2.09 0.988
750 3 2.09 0.988
751 3 2.08 0.989
752 3 2.08 0.989
753 3 2.09 0.987
754 3 2.09 0.987
755 3 2.1 0.985
756 3 2.1 0.974
757 3 2.1 0.974
758 3 2.1 0.974
759 3 2.09 0.972
760 3 2.09 0.974
761 3 2.08 0.979
762 3 2.09 0.982
763 3 2.08 0.98
764 3 2.07 0.991
765 3 2.07 0.991
766 3 2.07 0.988
767 3 2.07 0.985
768 3 2.07 0.984
769 3 2.07 0.986
770 3 2.08 0.986
771 3 2.07 0.982
772 3 2.08 0.981
773 3 2.08 0.98
774 3 2.07 0.981
775 3 2.07 0.979
776 3 2.07 0.979
777 3 2.07 0.978
778 3 2.07 0.978
779 3 2.07 0.979
780 3 2.07 0.981
781 3 2.07 0.979
782 3 2.08 0.981
783 3 2.08 0.988
784 3 2.09 0.998
785 3 2.09 1
786 3 2.09 0.998
787 3 2.09 1
788 3 2.09 1
789 3 2.09 1
790 3 2.09 1.01
791 3 2.09 1
792 3 2.09 1
793 3 2.09 1
794 3 2.08 1
795 3 2.09 0.999
796 3 2.09 0.998
797 3 2.09 0.999
798 3 2.09 0.997
799 3 2.09 0.997
800 3 2.09 0.997
801 3 2.08 0.994
802 3 2.09 0.994
803 3 2.09 0.99
804 3 2.09 0.989
805 3 2.09 0.988
806 3 2.09 0.987
807 3 2.09 0.987
808 3 2.09 0.987
809 3 2.09 0.988
810 3 2.09 0.994
811 3 2.09 0.994
812 3 2.09 0.993
813 3 2.09 0.994
814 3 2.08 0.994
815 3 2.08 0.996
816 3 2.08 0.994
817 3 2.08 0.995
818 3 2.08 0.995
819 3 2.08 0.995
820 3 2.08 0.994
821 3 2.06 0.997
822 3 2.07 0.994
823 3 2.07 0.991
824 3 2.07 0.991
825 3 2.07 0.991
826 3 2.07 0.996
827 3 2.07 0.998
828 3 2.07 0.995
829 3 2.07 0.992
830 3 2.07 0.992
831 3 2.08 0.993
832 3 2.07 0.994
833 3 2.06 1
834 3 2.06 1
835 3 2.06 0.999
836 3 2.06 0.999
837 3 2.06 0.999
838 3 2.05 1
839 3 2.05 1.02
840 3 2.05 1.02
841 3 2.05 1.02
842 3 2.06 1.02
843 3 2.07 1.02
844 3 2.07 1.03
845 3 2.07 1.03
846 3 2.07 1.03
847 3 2.07 1.03
848 3 2.07 1.03
849 3 2.07 1.03
850 3 2.07 1.03
851 3 2.07 1.03
852 3 2.07 1.03
853 3 2.07 1.02
854 3 2.07 1.02
855 3 2.07 1.02
856 3 2.06 1.02
857 3 2.07 1.02
858 3 2.06 1.02
859 3 2.06 1.02
860 3 2.06 1.02
861 3 2.06 1.02
862 3 2.06 1.01
863 3 2.06 1.02
864 3 2.06 1.02
865 3 2.06 1.02
866 3 2.06 1.02
867 3 2.07 1.02
868 3 2.06 1.01
869 3 2.06 1.02
870 3 2.06 1.02
871 3 2.06 1.02
872 3 2.06 1.02
873 3 2.07 1.02
874 3 2.08 1.01
875 3 2.08 1.02
876 3 2.08 1.02
877 3 2.08 1.02
878 3 2.08 1.02
879 3 2.08 1.02
880 3 2.08 1.02
881 3 2.08 1.02
882 3 2.08 1.03
883 3 2.08 1.03
884 3 2.08 1.03
885 3 2.08 1.03
886 3 2.08 1.02
887 3 2.09 1.03
888 3 2.09 1.03
889 3 2.09 1.03
890 3 2.09 1.03
891 3 2.09 1.03
892 3 2.09 1.03
893 3 2.08 1.03
894 3 2.09 1.04
895 3 2.09 1.04
896 3 2.09 1.04
897 3 2.09 1.04
898 3 2.09 1.04
899 3 2.1 1.04
900 3 2.1 1.04
901 3 2.1 1.04
902 3 2.09 1.04
903 3 2.09 1.04
904 3 2.1 1.03
905 3 2.1 1.03
906 3 2.1 1.04
907 3 2.1 1.04
908 3 2.1 1.03
909 3 2.09 1.03
910 3 2.09 1.03
911 3 2.1 1.03
912 3 2.1 1.03
913 3 2.1 1.04
914 3 2.1 1.04
915 3 2.1 1.04
916 3 2.1 1.04
917 3 2.09 1.04
918 3 2.09 1.04
919 3 2.1 1.05
920 3 2.1 1.05
921 3 2.1 1.05
922 3 2.1 1.05
923 3 2.11 1.05
924 3 2.11 1.05
925 3 2.11 1.05
926 3 2.1 1.05
927 3 2.1 1.04
928 3 2.11 1.04
929 3 2.1 1.05
930 3 2.1 1.05
931 3 2.1 1.04
932 3 2.1 1.04
933 3 2.1 1.04
934 3 2.09 1.04
935 3 2.09 1.04
936 3 2.09 1.05
937 3 2.09 1.05
938 3 2.09 1.05
939 3 2.09 1.04
940 3 2.08 1.04
941 3 2.08 1.04
942 3 2.09 1.04
943 3 2.09 1.04
944 3 2.09 1.04
945 3 2.09 1.04
946 3 2.09 1.04
947 3 2.08 1.04
948 3 2.08 1.04
949 3 2.08 1.04
950 3 2.08 1.04
951 3 2.09 1.04
952 3 2.09 1.04
953 3 2.09 1.04
954 3 2.09 1.04
955 3 2.09 1.04
956 3 2.09 1.03
957 3 2.09 1.04
958 3 2.09 1.04
959 3 2.09 1.04
960 3 2.1 1.04
961 3 2.11 1.04
962 3 2.11 1.03
963 3 2.1 1.03
964 3 2.1 1.03
965 3 2.1 1.04
966 3 2.1 1.03
967 3 2.1 1.03
968 3 2.1 1.03
969 3 2.1 1.03
970 3 2.1 1.03
971 3 2.1 1.03
972 3 2.1 1.03
973 3 2.1 1.03
974 3 2.1 1.03
975 3 2.1 1.03
976 3 2.1 1.03
977 3 2.1 1.03
978 3 2.1 1.03
979 3 2.1 1.03
980 3 2.11 1.03
981 3 2.11 1.03
982 3 2.11 1.03
983 3 2.11 1.03
984 3 2.11 1.03
985 3 2.11 1.03
986 3 2.11 1.03
987 3 2.11 1.04
988 3 2.11 1.04
989 3 2.11 1.04
990 3 2.11 1.04
991 3 2.11 1.04
992 3 2.12 1.04
993 3 2.12 1.04
994 3 2.12 1.04
995 3 2.12 1.04
996 3 2.12 1.04
997 3 2.12 1.04
998 3 2.12 1.04
999 3 2.12 1.04
1e+03 3 2.12 1.04
1e+03 3 2.12 1.04
1e+03 3 2.12 1.04
1e+03 3 2.12 1.04
1e+03 3 2.12 1.05
1e+03 3 2.12 1.05
1.01e+03 3 2.12 1.05
1.01e+03 3 2.12 1.05
1.01e+03 3 2.12 1.05
1.01e+03 3 2.12 1.05
1.01e+03 3 2.12 1.05
1.01e+03 3 2.12 1.05
1.01e+03 3 2.11 1.05
1.01e+03 3 2.11 1.04
1.01e+03 3 2.12 1.04
1.02e+03 3 2.12 1.05
1.02e+03 3 2.12 1.05
1.02e+03 3 2.12 1.05
1.02e+03 3 2.12 1.05
1.02e+03 3 2.12 1.05
1.02e+03 3 2.12 1.05
1.02e+03 3 2.12 1.05
1.02e+03 3 2.12 1.05
1.02e+03 3 2.12 1.05
1.02e+03 3 2.13 1.05
1.02e+03 3 2.14 1.05
1.03e+03 3 2.14 1.04
1.03e+03 3 2.14 1.04
1.03e+03 3 2.14 1.04
1.03e+03 3 2.14 1.04
1.03e+03 3 2.14 1.04
1.03e+03 3 2.14 1.04
1.03e+03 3 2.14 1.05
1.03e+03 3 2.14 1.05
1.03e+03 3 2.14 1.04
1.04e+03 3 2.14 1.04
1.04e+03 3 2.14 1.04
1.04e+03 3 2.14 1.04
1.04e+03 3 2.14 1.04
1.04e+03 3 2.13 1.05
1.04e+03 3 2.13 1.05
1.04e+03 3 2.13 1.05
1.04e+03 3 2.13 1.05
1.04e+03 3 2.13 1.05
1.04e+03 3 2.14 1.05
1.04e+03 3 2.14 1.05
1.05e+03 3 2.15 1.05
1.05e+03 3 2.15 1.05
1.05e+03 3 2.15 1.06
1.05e+03 3 2.15 1.06
1.05e+03 3 2.15 1.06
1.05e+03 3 2.15 1.06
1.05e+03 3 2.14 1.07
1.05e+03 3 2.13 1.07
1.05e+03 3 2.13 1.07
1.06e+03 3 2.13 1.07
1.06e+03 3 2.13 1.06
1.06e+03 3 2.13 1.06
1.06e+03 3 2.12 1.07
1.06e+03 3 2.12 1.07
1.06e+03 3 2.12 1.07
1.06e+03 3 2.12 1.07
1.06e+03 3 2.12 1.07
1.06e+03 3 2.13 1.07
1.06e+03 3 2.13 1.07
1.06e+03 3 2.13 1.07
1.07e+03 3 2.13 1.07
1.07e+03 3 2.13 1.07
1.07e+03 3 2.13 1.07
1.07e+03 3 2.13 1.07
1.07e+03 3 2.13 1.07
1.07e+03 3 2.14 1.08
1.07e+03 3 2.14 1.08
1.07e+03 3 2.15 1.07
1.07e+03 3 2.15 1.07
1.08e+03 3 2.15 1.07
1.08e+03 3 2.15 1.07
1.08e+03 3 2.15 1.07
1.08e+03 3 2.16 1.07
1.08e+03 3 2.16 1.07
1.08e+03 3 2.16 1.07
1.08e+03 3 2.16 1.07
1.08e+03 3 2.16 1.07
1.08e+03 3 2.16 1.07
1.08e+03 3 2.16 1.07
1.08e+03 3 2.16 1.07
1.09e+03 3 2.16 1.07
1.09e+03 3 2.16 1.07
1.09e+03 3 2.16 1.07
1.09e+03 3 2.16 1.06
1.09e+03 3 2.16 1.06
1.09e+03 3 2.16 1.06
1.09e+03 3 2.16 1.06
1.09e+03 3 2.16 1.06
1.09e+03 3 2.17 1.06
1.1e+03 3 2.17 1.06
1.1e+03 3 2.16 1.06
1.1e+03 3 2.17 1.06
1.1e+03 3 2.17 1.06
1.1e+03 3 2.18 1.06
1.1e+03 3 2.18 1.05
1.1e+03 3 2.18 1.05
1.1e+03 3 2.18 1.05
1.1e+03 3 2.18 1.05
1.1e+03 3 2.18 1.05
1.1e+03 3 2.18 1.05
1.11e+03 3 2.18 1.05
1.11e+03 3 2.18 1.05
1.11e+03 3 2.18 1.05
1.11e+03 3 2.18 1.05
1.11e+03 3 2.17 1.05
1.11e+03 3 2.17 1.05
1.11e+03 3 2.17 1.06
1.11e+03 3 2.17 1.05
1.11e+03 3 2.17 1.05
1.12e+03 3 2.17 1.05
1.12e+03 3 2.17 1.05
1.12e+03 3 2.18 1.04
1.12e+03 3 2.18 1.05
1.12e+03 3 2.17 1.05
1.12e+03 3 2.18 1.05
1.12e+03 3 2.18 1.05
1.12e+03 3 2.17 1.05
1.12e+03 3 2.17 1.04
1.12e+03 3 2.17 1.04
1.12e+03 3 2.17 1.04
1.13e+03 3 2.18 1.04
1.13e+03 3 2.18 1.04
1.13e+03 3 2.18 1.05
1.13e+03 3 2.18 1.05
1.13e+03 3 2.18 1.05
1.13e+03 3 2.19 1.05
1.13e+03 3 2.19 1.05
1.13e+03 3 2.18 1.05
1.13e+03 3 2.18 1.05
1.14e+03 3 2.18 1.04
1.14e+03 3 2.18 1.04
1.14e+03 3 2.18 1.04
1.14e+03 3 2.18 1.04
1.14e+03 3 2.18 1.04
1.14e+03 3 2.18 1.04
1.14e+03 3 2.19 1.04
1.14e+03 3 2.18 1.05
1.14e+03 3 2.19 1.05
1.14e+03 3 2.19 1.05
1.14e+03 3 2.19 1.05
1.15e+03 3 2.18 1.05
1.15e+03 3 2.18 1.05
1.15e+03 3 2.18 1.04
1.15e+03 3 2.18 1.05
1.15e+03 3 2.18 1.05
1.15e+03 3 2.18 1.05
1.15e+03 3 2.19 1.06
1.15e+03 3 2.19 1.06
1.15e+03 3 2.18 1.06
1.16e+03 3 2.18 1.06
1.16e+03 3 2.18 1.06
1.16e+03 3 2.19 1.06
1.16e+03 3 2.19 1.06
1.16e+03 3 2.19 1.06
1.16e+03 3 2.18 1.06
1.16e+03 3 2.18 1.06
1.16e+03 3 2.18 1.06
1.16e+03 3 2.18 1.06
1.16e+03 3 2.18 1.06
1.16e+03 3 2.17 1.06
1.17e+03 3 2.17 1.06
1.17e+03 3 2.17 1.06
1.17e+03 3 2.17 1.06
1.17e+03 3 2.17 1.06
1.17e+03 3 2.18 1.07
1.17e+03 3 2.18 1.06
1.17e+03 3 2.18 1.06
1.17e+03 3 2.18 1.06
1.17e+03 3 2.18 1.06
1.18e+03 3 2.18 1.06
1.18e+03 3 2.18 1.06
1.18e+03 3 2.18 1.06
1.18e+03 3 2.18 1.06
1.18e+03 3 2.18 1.06
1.18e+03 3 2.17 1.06
1.18e+03 3 2.17 1.06
1.18e+03 3 2.17 1.06
1.18e+03 3 2.16 1.07
1.18e+03 3 2.16 1.06
1.18e+03 3 2.16 1.07
1.19e+03 3 2.16 1.07
1.19e+03 3 2.16 1.07
1.19e+03 3 2.16 1.06
1.19e+03 3 2.16 1.06
1.19e+03 3 2.16 1.06
1.19e+03 3 2.16 1.06
1.19e+03 3 2.16 1.07
1.19e+03 3 2.16 1.07
1.19e+03 3 2.16 1.07
1.2e+03 3 2.16 1.07
1.2e+03 3 2.16 1.07
1.2e+03 3 2.16 1.07
1.2e+03 3 2.16 1.07
1.2e+03 3 2.16 1.07
1.2e+03 3 2.16 1.07
1.2e+03 3 2.16 1.07
1.2e+03 3 2.16 1.07
1.2e+03 3 2.16 1.07
1.2e+03 3 2.16 1.07
1.2e+03 3 2.16 1.07
1.21e+03 3 2.16 1.07
1.21e+03 3 2.16 1.07
1.21e+03 3 2.16 1.07
1.21e+03 3 2.16 1.07
1.21e+03 3 2.16 1.07
1.21e+03 3 2.16 1.07
1.21e+03 3 2.15 1.06
1.21e+03 3 2.15 1.06
1.21e+03 3 2.15 1.06
1.22e+03 3 2.15 1.07
1.22e+03 3 2.15 1.07
1.22e+03 3 2.15 1.07
1.22e+03 3 2.14 1.06
1.22e+03 3 2.14 1.06
1.22e+03 3 2.15 1.06
1.22e+03 3 2.15 1.06
1.22e+03 3 2.15 1.06
1.22e+03 3 2.14 1.06
1.22e+03 3 2.14 1.06
1.22e+03 3 2.14 1.06
1.23e+03 3 2.13 1.06
1.23e+03 3 2.14 1.05
1.23e+03 3 2.13 1.06
1.23e+03 3 2.13 1.05
1.23e+03 3 2.13 1.05
1.23e+03 3 2.13 1.05
1.23e+03 3 2.13 1.05
1.23e+03 3 2.13 1.05
1.23e+03 3 2.13 1.05
1.24e+03 3 2.13 1.05
1.24e+03 3 2.12 1.05
1.24e+03 3 2.13 1.05
1.24e+03 3 2.13 1.05
1.24e+03 3 2.13 1.05
1.24e+03 3 2.13 1.05
1.24e+03 3 2.13 1.05
1.24e+03 3 2.14 1.05
1.24e+03 3 2.14 1.05
1.24e+03 3 2.14 1.05
1.24e+03 3 2.14 1.05
1.25e+03 3 2.14 1.05
1.25e+03 3 2.14 1.05
1.25e+03 3 2.14 1.05
1.25e+03 3 2.14 1.05
1.25e+03 3 2.14 1.05
1.25e+03 3 2.14 1.05
1.25e+03 3 2.14 1.05
1.25e+03 3 2.13 1.05
1.25e+03 3 2.13 1.05
1.26e+03 3 2.13 1.05
1.26e+03 3 2.13 1.05
1.26e+03 3 2.13 1.05
1.26e+03 3 2.13 1.06
1.26e+03 3 2.13 1.06
1.26e+03 3 2.13 1.06
1.26e+03 3 2.13 1.06
1.26e+03 3 2.13 1.05
1.26e+03 3 2.12 1.05
1.26e+03 3 2.12 1.05
1.26e+03 3 2.12 1.06
1.27e+03 3 2.13 1.06
1.27e+03 3 2.12 1.06
1.27e+03 3 2.13 1.06
1.27e+03 3 2.13 1.06
1.27e+03 3 2.13 1.06
1.27e+03 3 2.13 1.06
1.27e+03 3 2.13 1.06
1.27e+03 3 2.13 1.06
1.27e+03 3 2.13 1.06
1.28e+03 3 2.13 1.06
1.28e+03 3 2.13 1.06
1.28e+03 3 2.13 1.06
1.28e+03 3 2.13 1.06
1.28e+03 3 2.13 1.06
1.28e+03 3 2.13 1.06
1.28e+03 3 2.13 1.06
1.28e+03 3 2.13 1.06
1.28e+03 3 2.13 1.06
1.28e+03 3 2.13 1.06
1.28e+03 3 2.13 1.06
1.29e+03 3 2.13 1.06
1.29e+03 3 2.12 1.06
1.29e+03 3 2.13 1.06
1.29e+03 3 2.13 1.07
1.29e+03 3 2.12 1.07
1.29e+03 3 2.12 1.07
1.29e+03 3 2.12 1.07
1.29e+03 3 2.12 1.07
1.29e+03 3 2.12 1.07
1.3e+03 3 2.12 1.07
1.3e+03 3 2.12 1.07
1.3e+03 3 2.12 1.07
1.3e+03 3 2.12 1.07
1.3e+03 3 2.12 1.07
1.3e+03 3 2.12 1.07
1.3e+03 3 2.12 1.07
1.3e+03 3 2.12 1.07
1.3e+03 3 2.12 1.07
1.3e+03 3 2.12 1.07
1.3e+03 3 2.12 1.07
1.31e+03 3 2.12 1.07
1.31e+03 3 2.12 1.07
1.31e+03 3 2.13 1.07
1.31e+03 3 2.13 1.07
1.31e+03 3 2.12 1.07
1.31e+03 3 2.12 1.07
1.31e+03 3 2.12 1.07
1.31e+03 3 2.12 1.07
1.31e+03 3 2.12 1.07
1.32e+03 3 2.12 1.07
1.32e+03 3 2.12 1.07
1.32e+03 3 2.12 1.07
1.32e+03 3 2.12 1.07
1.32e+03 3 2.11 1.06
1.32e+03 3 2.11 1.07
1.32e+03 3 2.11 1.07
1.32e+03 3 2.12 1.07
1.32e+03 3 2.12 1.07
1.32e+03 3 2.11 1.07
1.32e+03 3 2.1 1.07
1.33e+03 3 2.1 1.07
1.33e+03 3 2.1 1.07
1.33e+03 3 2.1 1.07
1.33e+03 3 2.1 1.07
1.33e+03 3 2.1 1.07
1.33e+03 3 2.1 1.08
1.33e+03 3 2.1 1.07
1.33e+03 3 2.1 1.07
1.33e+03 3 2.1 1.07
1.34e+03 3 2.1 1.07
1.34e+03 3 2.1 1.07
1.34e+03 3 2.1 1.07
1.34e+03 3 2.1 1.07
1.34e+03 3 2.1 1.07
1.34e+03 3 2.1 1.07
1.34e+03 3 2.1 1.07
1.34e+03 3 2.1 1.07
1.34e+03 3 2.1 1.07
1.34e+03 3 2.1 1.07
1.34e+03 3 2.1 1.07
1.35e+03 3 2.1 1.07
1.35e+03 3 2.1 1.07
1.35e+03 3 2.09 1.06
1.35e+03 3 2.09 1.07
1.35e+03 3 2.09 1.07
1.35e+03 3 2.09 1.07
1.35e+03 3 2.09 1.07
1.35e+03 3 2.09 1.07
1.35e+03 3 2.09 1.07
1.36e+03 3 2.09 1.07
1.36e+03 3 2.09 1.07
1.36e+03 3 2.09 1.07
1.36e+03 3 2.08 1.06
1.36e+03 3 2.08 1.06
1.36e+03 3 2.08 1.06
1.36e+03 3 2.09 1.06
1.36e+03 3 2.08 1.06
1.36e+03 3 2.08 1.06
1.36e+03 3 2.08 1.06
1.36e+03 3 2.08 1.06
1.37e+03 3 2.08 1.06
1.37e+03 3 2.08 1.06
1.37e+03 3 2.08 1.06
1.37e+03 3 2.08 1.06
1.37e+03 3 2.08 1.06
1.37e+03 3 2.08 1.06
1.37e+03 3 2.08 1.06
1.37e+03 3 2.08 1.06
1.37e+03 3 2.08 1.06
1.38e+03 3 2.08 1.06
1.38e+03 3 2.08 1.06
1.38e+03 3 2.08 1.06
1.38e+03 3 2.08 1.06
1.38e+03 3 2.08 1.06
1.38e+03 3 2.08 1.06
1.38e+03 3 2.08 1.06
1.38e+03 3 2.08 1.06
1.38e+03 3 2.08 1.06
1.38e+03 3 2.08 1.06
1.38e+03 3 2.08 1.06
1.39e+03 3 2.08 1.06
1.39e+03 3 2.08 1.06
1.39e+03 3 2.08 1.06
1.39e+03 3 2.08 1.06
1.39e+03 3 2.08 1.05
1.39e+03 3 2.08 1.05
1.39e+03 3 2.09 1.06
1.39e+03 3 2.09 1.06
1.39e+03 3 2.09 1.06
1.4e+03 3 2.09 1.06
1.4e+03 3 2.09 1.06
1.4e+03 3 2.09 1.06
1.4e+03 3 2.09 1.06
1.4e+03 3 2.09 1.06
1.4e+03 3 2.09 1.06
1.4e+03 3 2.09 1.06
1.4e+03 3 2.09 1.06
1.4e+03 3 2.08 1.05
1.4e+03 3 2.08 1.06
1.4e+03 3 2.08 1.06
1.41e+03 3 2.08 1.06
1.41e+03 3 2.08 1.06
1.41e+03 3 2.08 1.06
1.41e+03 3 2.08 1.06
1.41e+03 3 2.08 1.06
1.41e+03 3 2.08 1.06
1.41e+03 3 2.08 1.06
1.41e+03 3 2.08 1.06
1.41e+03 3 2.08 1.06
1.42e+03 3 2.08 1.06
1.42e+03 3 2.08 1.06
1.42e+03 3 2.08 1.06
1.42e+03 3 2.08 1.06
1.42e+03 3 2.08 1.06
1.42e+03 3 2.08 1.06
1.42e+03 3 2.08 1.06
1.42e+03 3 2.08 1.06
1.42e+03 3 2.08 1.06
1.42e+03 3 2.08 1.06
1.42e+03 3 2.08 1.06
1.43e+03 3 2.08 1.06
1.43e+03 3 2.08 1.06
1.43e+03 3 2.08 1.06
1.43e+03 3 2.08 1.06
1.43e+03 3 2.07 1.06
1.43e+03 3 2.07 1.06
1.43e+03 3 2.07 1.06
1.43e+03 3 2.07 1.06
1.43e+03 3 2.07 1.06
1.44e+03 3 2.07 1.06
1.44e+03 3 2.07 1.06
1.44e+03 3 2.07 1.06
1.44e+03 3 2.07 1.06
1.44e+03 3 2.07 1.06
1.44e+03 3 2.07 1.06
1.44e+03 3 2.07 1.06
1.44e+03 3 2.07 1.06
1.44e+03 3 2.07 1.06
1.44e+03 3 2.07 1.06
1.44e+03 3 2.07 1.06
1.45e+03 3 2.07 1.06
1.45e+03 3 2.07 1.06
1.45e+03 3 2.08 1.07
1.45e+03 3 2.08 1.07
1.45e+03 3 2.08 1.07
1.45e+03 3 2.08 1.07
1.45e+03 3 2.08 1.07
1.45e+03 3 2.07 1.07
1.45e+03 3 2.07 1.07
1.46e+03 3 2.07 1.07
1.46e+03 3 2.07 1.07
1.46e+03 3 2.07 1.07
1.46e+03 3 2.07 1.07
1.46e+03 3 2.07 1.08
1.46e+03 3 2.08 1.08
1.46e+03 3 2.08 1.08
1.46e+03 3 2.08 1.08
1.46e+03 3 2.07 1.08
1.46e+03 3 2.08 1.08
1.46e+03 3 2.08 1.07
1.47e+03 3 2.08 1.08
1.47e+03 3 2.08 1.08
1.47e+03 3 2.08 1.08
1.47e+03 3 2.08 1.08
1.47e+03 3 2.08 1.08
1.47e+03 3 2.08 1.08
1.47e+03 3 2.08 1.08
1.47e+03 3 2.08 1.08
1.47e+03 3 2.09 1.08
1.48e+03 3 2.09 1.08
1.48e+03 3 2.08 1.08
1.48e+03 3 2.08 1.08
1.48e+03 3 2.08 1.08
1.48e+03 3 2.09 1.08
1.48e+03 3 2.09 1.08
1.48e+03 3 2.09 1.08
1.48e+03 3 2.08 1.08
1.48e+03 3 2.09 1.08
1.48e+03 3 2.09 1.07
1.48e+03 3 2.09 1.07
1.49e+03 3 2.09 1.08
1.49e+03 3 2.09 1.07
1.49e+03 3 2.09 1.07
1.49e+03 3 2.09 1.07
1.49e+03 3 2.09 1.07
1.49e+03 3 2.09 1.08
1.49e+03 3 2.1 1.08
1.49e+03 3 2.1 1.08
1.49e+03 3 2.1 1.08
1.5e+03 3 2.1 1.08
1.5e+03 3 2.1 1.08
1.5e+03 3 2.1 1.08
1.5e+03 3 2.1 1.08
1.5e+03 3 2.1 1.08
1.5e+03 3 2.1 1.08
1.5e+03 3 2.1 1.08
1.5e+03 3 2.1 1.08
1.5e+03 3 2.11 1.08
1.5e+03 3 2.1 1.08
1.5e+03 3 2.1 1.09
1.51e+03 3 2.1 1.09
1.51e+03 3 2.1 1.09
1.51e+03 3 2.1 1.09
1.51e+03 3 2.1 1.09
1.51e+03 3 2.1 1.09
1.51e+03 3 2.1 1.09
1.51e+03 3 2.1 1.09
1.51e+03 3 2.1 1.09
1.51e+03 3 2.1 1.09
1.52e+03 3 2.1 1.09
1.52e+03 3 2.1 1.09
1.52e+03 3 2.1 1.09
1.52e+03 3 2.09 1.09
1.52e+03 3 2.09 1.09
1.52e+03 3 2.09 1.09
1.52e+03 3 2.08 1.08
1.52e+03 3 2.09 1.08
1.52e+03 3 2.09 1.08
1.52e+03 3 2.09 1.08
1.52e+03 3 2.09 1.08
1.53e+03 3 2.09 1.08
1.53e+03 3 2.09 1.08
1.53e+03 3 2.09 1.08
1.53e+03 3 2.09 1.08
1.53e+03 3 2.09 1.08
1.53e+03 3 2.09 1.08
1.53e+03 3 2.09 1.08
1.53e+03 3 2.09 1.08
1.53e+03 3 2.09 1.08
1.54e+03 3 2.09 1.08
1.54e+03 3 2.09 1.08
1.54e+03 3 2.09 1.08
1.54e+03 3 2.09 1.08
1.54e+03 3 2.09 1.08
1.54e+03 3 2.09 1.07
1.54e+03 3 2.09 1.08
1.54e+03 3 2.09 1.08
1.54e+03 3 2.09 1.08
1.54e+03 3 2.09 1.07
1.54e+03 3 2.09 1.07
1.55e+03 3 2.09 1.07
1.55e+03 3 2.09 1.08
1.55e+03 3 2.09 1.07
1.55e+03 3 2.09 1.08
1.55e+03 3 2.09 1.08
1.55e+03 3 2.09 1.08
1.55e+03 3 2.09 1.07
1.55e+03 3 2.08 1.08
1.55e+03 3 2.08 1.07
1.56e+03 3 2.08 1.07
1.56e+03 3 2.08 1.07
1.56e+03 3 2.09 1.07
1.56e+03 3 2.08 1.07
1.56e+03 3 2.08 1.07
1.56e+03 3 2.08 1.07
1.56e+03 3 2.08 1.07
1.56e+03 3 2.08 1.07
1.56e+03 3 2.08 1.07
1.56e+03 3 2.08 1.07
1.56e+03 3 2.08 1.07
1.57e+03 3 2.08 1.07
1.57e+03 3 2.08 1.07
1.57e+03 3 2.08 1.07
1.57e+03 3 2.08 1.07
1.57e+03 3 2.08 1.07
1.57e+03 3 2.08 1.07
1.57e+03 3 2.08 1.07
1.57e+03 3 2.08 1.07
1.57e+03 3 2.08 1.07
1.58e+03 3 2.08 1.07
1.58e+03 3 2.08 1.07
1.58e+03 3 2.08 1.06
1.58e+03 3 2.08 1.06
1.58e+03 3 2.08 1.06
1.58e+03 3 2.08 1.06
1.58e+03 3 2.08 1.06
1.58e+03 3 2.07 1.06
1.58e+03 3 2.07 1.06
1.58e+03 3 2.07 1.06
1.58e+03 3 2.07 1.06
1.59e+03 3 2.07 1.06
1.59e+03 3 2.06 1.06
1.59e+03 3 2.06 1.06
1.59e+03 3 2.06 1.06
1.59e+03 3 2.07 1.06
1.59e+03 3 2.07 1.06
1.59e+03 3 2.07 1.05
1.59e+03 3 2.07 1.05
1.59e+03 3 2.07 1.06
1.6e+03 3 2.07 1.06
1.6e+03 3 2.06 1.06
1.6e+03 3 2.07 1.06
1.6e+03 3 2.07 1.05
1.6e+03 3 2.07 1.05
1.6e+03 3 2.06 1.05
1.6e+03 3 2.06 1.05
1.6e+03 3 2.06 1.05
1.6e+03 3 2.06 1.05
1.6e+03 3 2.06 1.05
1.6e+03 3 2.06 1.05
1.61e+03 3 2.06 1.05
1.61e+03 3 2.06 1.05
1.61e+03 3 2.06 1.05
1.61e+03 3 2.06 1.05
1.61e+03 3 2.06 1.05
1.61e+03 3 2.06 1.05
1.61e+03 3 2.06 1.05
1.61e+03 3 2.06 1.05
1.61e+03 3 2.06 1.05
1.62e+03 3 2.06 1.05
1.62e+03 3 2.06 1.05
1.62e+03 3 2.06 1.05
1.62e+03 3 2.06 1.05
1.62e+03 3 2.06 1.05
1.62e+03 3 2.06 1.05
1.62e+03 3 2.06 1.05
1.62e+03 3 2.06 1.05
1.62e+03 3 2.06 1.06
1.62e+03 3 2.06 1.06
1.62e+03 3 2.06 1.06
1.63e+03 3 2.06 1.06
1.63e+03 3 2.06 1.06
1.63e+03 3 2.06 1.06
1.63e+03 3 2.06 1.06
1.63e+03 3 2.07 1.06
1.63e+03 3 2.06 1.06
1.63e+03 3 2.06 1.06
1.63e+03 3 2.06 1.06
1.63e+03 3 2.05 1.06
1.64e+03 3 2.05 1.06
1.64e+03 3 2.05 1.06
1.64e+03 3 2.05 1.06
1.64e+03 3 2.06 1.07
1.64e+03 3 2.06 1.07
1.64e+03 3 2.06 1.07
1.64e+03 3 2.06 1.07
1.64e+03 3 2.06 1.07
1.64e+03 3 2.06 1.07
1.64e+03 3 2.06 1.07
1.64e+03 3 2.06 1.07
1.65e+03 3 2.07 1.07
1.65e+03 3 2.07 1.07
1.65e+03 3 2.07 1.07
1.65e+03 3 2.06 1.07
1.65e+03 3 2.06 1.07
1.65e+03 3 2.06 1.07
1.65e+03 3 2.07 1.07
1.65e+03 3 2.06 1.07
1.65e+03 3 2.06 1.07
1.66e+03 3 2.06 1.07
1.66e+03 3 2.06 1.07
1.66e+03 3 2.06 1.07
1.66e+03 3 2.06 1.07
1.66e+03 3 2.06 1.07
1.66e+03 3 2.06 1.06
1.66e+03 3 2.06 1.06
1.66e+03 3 2.06 1.07
1.66e+03 3 2.06 1.06
1.66e+03 3 2.06 1.06
1.66e+03 3 2.06 1.06
1.67e+03 3 2.06 1.06
1.67e+03 3 2.06 1.06
1.67e+03 3 2.06 1.06
1.67e+03 3 2.06 1.06
1.67e+03 3 2.06 1.06
1.67e+03 3 2.06 1.06
1.67e+03 3 2.05 1.06
1.67e+03 3 2.05 1.06
1.67e+03 3 2.05 1.06
1.68e+03 3 2.05 1.06
1.68e+03 3 2.05 1.06
1.68e+03 3 2.05 1.06
1.68e+03 3 2.05 1.07
1.68e+03 3 2.05 1.07
1.68e+03 3 2.05 1.07
1.68e+03 3 2.05 1.07
1.68e+03 3 2.05 1.07
1.68e+03 3 2.06 1.07
1.68e+03 3 2.06 1.07
1.68e+03 3 2.06 1.06
1.69e+03 3 2.05 1.06
1.69e+03 3 2.05 1.06
1.69e+03 3 2.06 1.06
1.69e+03 3 2.06 1.06
1.69e+03 3 2.06 1.06
1.69e+03 3 2.06 1.06
1.69e+03 3 2.06 1.06
1.69e+03 3 2.06 1.06
1.69e+03 3 2.06 1.06
1.7e+03 3 2.06 1.06
1.7e+03 3 2.06 1.06
1.7e+03 3 2.06 1.06
1.7e+03 3 2.06 1.06
1.7e+03 3 2.05 1.06
1.7e+03 3 2.06 1.06
1.7e+03 3 2.06 1.06
1.7e+03 3 2.06 1.06
1.7e+03 3 2.06 1.06
1.7e+03 3 2.05 1.06
1.7e+03 3 2.05 1.06
1.71e+03 3 2.06 1.06
1.71e+03 3 2.06 1.06
1.71e+03 3 2.06 1.06
1.71e+03 3 2.06 1.06
1.71e+03 3 2.06 1.06
1.71e+03 3 2.06 1.06
1.71e+03 3 2.05 1.06
1.71e+03 3 2.05 1.05
1.71e+03 3 2.05 1.05
1.72e+03 3 2.05 1.05
1.72e+03 3 2.05 1.05
1.72e+03 3 2.05 1.05
1.72e+03 3 2.05 1.05
1.72e+03 3 2.05 1.06
1.72e+03 3 2.05 1.06
1.72e+03 3 2.05 1.06
1.72e+03 3 2.05 1.06
1.72e+03 3 2.05 1.06
1.72e+03 3 2.05 1.06
1.72e+03 3 2.05 1.06
1.73e+03 3 2.05 1.05
1.73e+03 3 2.05 1.05
1.73e+03 3 2.05 1.06
1.73e+03 3 2.05 1.06
1.73e+03 3 2.04 1.05
1.73e+03 3 2.04 1.06
1.73e+03 3 2.04 1.06
1.73e+03 3 2.04 1.06
1.73e+03 3 2.04 1.06
1.74e+03 3 2.04 1.06
1.74e+03 3 2.04 1.06
1.74e+03 3 2.04 1.06
1.74e+03 3 2.04 1.06
1.74e+03 3 2.04 1.05
1.74e+03 3 2.04 1.05
1.74e+03 3 2.04 1.06
1.74e+03 3 2.04 1.06
1.74e+03 3 2.04 1.06
1.74e+03 3 2.04 1.06
1.74e+03 3 2.04 1.06
1.75e+03 3 2.04 1.06
1.75e+03 3 2.04 1.06
1.75e+03 3 2.04 1.06
1.75e+03 3 2.04 1.06
1.75e+03 3 2.04 1.06
1.75e+03 3 2.04 1.06
1.75e+03 3 2.04 1.06
1.75e+03 3 2.04 1.06
1.75e+03 3 2.04 1.06
1.76e+03 3 2.04 1.06
1.76e+03 3 2.04 1.06
1.76e+03 3 2.04 1.06
1.76e+03 3 2.04 1.05
1.76e+03 3 2.04 1.06
1.76e+03 3 2.04 1.06
1.76e+03 3 2.04 1.06
1.76e+03 3 2.04 1.06
1.76e+03 3 2.04 1.06
1.76e+03 3 2.04 1.06
1.76e+03 3 2.04 1.06
1.77e+03 3 2.04 1.05
1.77e+03 3 2.04 1.05
1.77e+03 3 2.04 1.05
1.77e+03 3 2.04 1.06
1.77e+03 3 2.03 1.06
1.77e+03 3 2.03 1.06
1.77e+03 3 2.03 1.06
1.77e+03 3 2.03 1.06
1.77e+03 3 2.03 1.06
1.78e+03 3 2.03 1.05
1.78e+03 3 2.03 1.05
1.78e+03 3 2.03 1.05
1.78e+03 3 2.03 1.05
1.78e+03 3 2.03 1.05
1.78e+03 3 2.03 1.05
1.78e+03 3 2.03 1.05
1.78e+03 3 2.03 1.05
1.78e+03 3 2.03 1.05
1.78e+03 3 2.03 1.05
1.78e+03 3 2.03 1.05
1.79e+03 3 2.03 1.05
1.79e+03 3 2.03 1.06
1.79e+03 3 2.03 1.06
1.79e+03 3 2.03 1.06
1.79e+03 3 2.03 1.06
1.79e+03 3 2.03 1.06
1.79e+03 3 2.03 1.06
1.79e+03 3 2.03 1.06
1.79e+03 3 2.03 1.06
1.8e+03 3 2.03 1.06
1.8e+03 3 2.03 1.06
1.8e+03 3 2.03 1.06
1.8e+03 3 2.03 1.06
1.8e+03 3 2.04 1.06
1.8e+03 3 2.04 1.06
1.8e+03 3 2.04 1.06
1.8e+03 3 2.04 1.06
1.8e+03 3 2.04 1.06
1.8e+03 3 2.04 1.06
1.8e+03 3 2.04 1.06
1.81e+03 3 2.04 1.06
1.81e+03 3 2.04 1.06
1.81e+03 3 2.04 1.06
1.81e+03 3 2.04 1.06
1.81e+03 3 2.04 1.06
1.81e+03 3 2.04 1.06
1.81e+03 3 2.04 1.06
1.81e+03 3 2.04 1.06
1.81e+03 3 2.04 1.05
1.82e+03 3 2.04 1.05
1.82e+03 3 2.04 1.05
1.82e+03 3 2.04 1.05
1.82e+03 3 2.04 1.05
1.82e+03 3 2.04 1.05
1.82e+03 3 2.04 1.06
1.82e+03 3 2.03 1.05
1.82e+03 3 2.04 1.05
1.82e+03 3 2.04 1.06
1.82e+03 3 2.04 1.06
1.82e+03 3 2.03 1.06
1.83e+03 3 2.03 1.06
1.83e+03 3 2.04 1.06
1.83e+03 3 2.04 1.06
1.83e+03 3 2.04 1.05
1.83e+03 3 2.04 1.06
1.83e+03 3 2.04 1.06
1.83e+03 3 2.04 1.06
1.83e+03 3 2.04 1.06
1.83e+03 3 2.04 1.06
1.84e+03 3 2.04 1.06
1.84e+03 3 2.04 1.06
1.84e+03 3 2.03 1.06
1.84e+03 3 2.03 1.05
1.84e+03 3 2.04 1.06
1.84e+03 3 2.04 1.06
1.84e+03 3 2.04 1.05
1.84e+03 3 2.04 1.05
1.84e+03 3 2.03 1.06
1.84e+03 3 2.03 1.05
1.84e+03 3 2.03 1.05
1.85e+03 3 2.03 1.05
1.85e+03 3 2.03 1.06
1.85e+03 3 2.03 1.06
1.85e+03 3 2.03 1.05
1.85e+03 3 2.03 1.06
1.85e+03 3 2.03 1.06
1.85e+03 3 2.03 1.06
1.85e+03 3 2.03 1.06
1.85e+03 3 2.03 1.06
1.86e+03 3 2.03 1.06
1.86e+03 3 2.03 1.06
1.86e+03 3 2.03 1.06
1.86e+03 3 2.03 1.06
1.86e+03 3 2.03 1.06
1.86e+03 3 2.03 1.06
1.86e+03 3 2.03 1.06
1.86e+03 3 2.03 1.06
1.86e+03 3 2.03 1.06
1.86e+03 3 2.03 1.06
1.86e+03 3 2.03 1.06
1.87e+03 3 2.03 1.06
1.87e+03 3 2.03 1.06
1.87e+03 3 2.03 1.06
1.87e+03 3 2.03 1.06
1.87e+03 3 2.03 1.06
1.87e+03 3 2.03 1.06
1.87e+03 3 2.03 1.06
1.87e+03 3 2.03 1.06
1.87e+03 3 2.03 1.06
1.88e+03 3 2.03 1.06
1.88e+03 3 2.02 1.06
1.88e+03 3 2.03 1.06
1.88e+03 3 2.03 1.06
1.88e+03 3 2.02 1.06
1.88e+03 3 2.02 1.06
1.88e+03 3 2.02 1.06
1.88e+03 3 2.02 1.05
1.88e+03 3 2.02 1.05
1.88e+03 3 2.02 1.05
1.88e+03 3 2.02 1.05
1.89e+03 3 2.02 1.05
1.89e+03 3 2.02 1.05
1.89e+03 3 2.02 1.05
1.89e+03 3 2.02 1.05
1.89e+03 3 2.02 1.05
1.89e+03 3 2.02 1.05
1.89e+03 3 2.02 1.05
1.89e+03 3 2.02 1.05
1.89e+03 3 2.02 1.05
1.9e+03 3 2.02 1.05
1.9e+03 3 2.02 1.05
1.9e+03 3 2.02 1.05
1.9e+03 3 2.01 1.05
1.9e+03 3 2.01 1.05
1.9e+03 3 2.01 1.05
1.9e+03 3 2.01 1.05
1.9e+03 3 2.01 1.05
1.9e+03 3 2.01 1.05
1.9e+03 3 2.01 1.05
1.9e+03 3 2.01 1.05
1.91e+03 3 2.01 1.05
1.91e+03 3 2.01 1.05
1.91e+03 3 2.01 1.05
1.91e+03 3 2.02 1.05
1.91e+03 3 2.02 1.05
1.91e+03 3 2.02 1.05
1.91e+03 3 2.02 1.05
1.91e+03 3 2.02 1.05
1.91e+03 3 2.02 1.05
1.92e+03 3 2.02 1.05
1.92e+03 3 2.02 1.05
1.92e+03 3 2.01 1.05
1.92e+03 3 2.01 1.05
1.92e+03 3 2.01 1.05
1.92e+03 3 2.01 1.05
1.92e+03 3 2.01 1.05
1.92e+03 3 2.01 1.05
1.92e+03 3 2.01 1.05
1.92e+03 3 2.01 1.05
1.92e+03 3 2.01 1.05
1.93e+03 3 2.02 1.05
1.93e+03 3 2.01 1.05
1.93e+03 3 2.01 1.05
1.93e+03 3 2.01 1.05
1.93e+03 3 2.01 1.05
1.93e+03 3 2.01 1.04
1.93e+03 3 2.01 1.04
1.93e+03 3 2.02 1.04
1.93e+03 3 2.02 1.04
1.94e+03 3 2.01 1.04
1.94e+03 3 2.01 1.04
1.94e+03 3 2.01 1.04
1.94e+03 3 2.02 1.04
1.94e+03 3 2.02 1.04
1.94e+03 3 2.02 1.04
1.94e+03 3 2.01 1.04
1.94e+03 3 2.01 1.04
1.94e+03 3 2.01 1.04
1.94e+03 3 2.01 1.04
1.94e+03 3 2.01 1.04
1.95e+03 3 2.01 1.04
1.95e+03 3 2.01 1.04
1.95e+03 3 2.01 1.04
1.95e+03 3 2.01 1.05
1.95e+03 3 2.01 1.05
1.95e+03 3 2.01 1.05
1.95e+03 3 2.01 1.05
1.95e+03 3 2.01 1.04
1.95e+03 3 2.01 1.04
1.96e+03 3 2.01 1.04
1.96e+03 3 2.01 1.04
1.96e+03 3 2.01 1.04
1.96e+03 3 2.01 1.04
1.96e+03 3 2.01 1.04
1.96e+03 3 2.01 1.04
1.96e+03 3 2.01 1.04
1.96e+03 3 2.01 1.04
1.96e+03 3 2.01 1.04
1.96e+03 3 2.01 1.04
1.96e+03 3 2 1.04
1.97e+03 3 2 1.04
1.97e+03 3 2.01 1.05
1.97e+03 3 2.01 1.05
1.97e+03 3 2.01 1.05
1.97e+03 3 2.01 1.05
1.97e+03 3 2.01 1.05
1.97e+03 3 2 1.05
1.97e+03 3 2.01 1.05
1.97e+03 3 2 1.05
1.98e+03 3 2.01 1.05
1.98e+03 3 2.01 1.05
1.98e+03 3 2 1.05
1.98e+03 3 2 1.05
1.98e+03 3 2 1.05
1.98e+03 3 2 1.05
1.98e+03 3 2 1.05
1.98e+03 3 2 1.05
1.98e+03 3 2 1.05
1.98e+03 3 2 1.05
1.98e+03 3 2 1.05
1.99e+03 3 2 1.05
1.99e+03 3 2 1.05
1.99e+03 3 2 1.05
1.99e+03 3 2 1.05
1.99e+03 3 2 1.05
1.99e+03 3 2 1.05
1.99e+03 3 2 1.05
1.99e+03 3 2 1.05
1.99e+03 3 2 1.06
2e+03 3 2 1.06
2e+03 3 2 1.06
2e+03 3 2 1.06
2e+03 3 2 1.05
2e+03 3 2 1.05
2e+03 3 2 1.05
2e+03 3 2 1.05
2e+03 3 2 1.05
2e+03 3 2 1.05
2e+03 3 2 1.05
2e+03 3 2 1.05
2.01e+03 3 2 1.06
2.01e+03 3 2 1.06
2.01e+03 3 2 1.06
2.01e+03 3 2 1.06
2.01e+03 3 2 1.06
2.01e+03 3 2 1.06
2.01e+03 3 2 1.06
2.01e+03 3 2 1.06
2.01e+03 3 2 1.06
2.02e+03 3 2 1.06
2.02e+03 3 2 1.06
2.02e+03 3 2 1.06
2.02e+03 3 2 1.06
2.02e+03 3 2 1.06
2.02e+03 3 2 1.06
2.02e+03 3 2 1.06
2.02e+03 3 2 1.06
2.02e+03 3 2 1.06
2.02e+03 3 2.01 1.06
2.02e+03 3 2 1.06
2.03e+03 3 2 1.06
2.03e+03 3 2 1.06
2.03e+03 3 2 1.06
2.03e+03 3 2 1.06
2.03e+03 3 2 1.06
2.03e+03 3 2 1.06
2.03e+03 3 2 1.06
2.03e+03 3 2 1.06
2.03e+03 3 2 1.06
2.04e+03 3 2 1.06
2.04e+03 3 2 1.06
2.04e+03 3 2 1.06
2.04e+03 3 2 1.06
2.04e+03 3 2 1.06
2.04e+03 3 2 1.06
2.04e+03 3 2 1.06
2.04e+03 3 2 1.06
2.04e+03 3 2 1.07
2.04e+03 3 2 1.07
2.04e+03 3 2 1.07
2.05e+03 3 2 1.07
2.05e+03 3 2 1.06
2.05e+03 3 2 1.06
2.05e+03 3 2 1.06
2.05e+03 3 2 1.06
2.05e+03 3 2 1.06
2.05e+03 3 2 1.06
2.05e+03 3 2 1.06
2.05e+03 3 2 1.06
2.06e+03 3 2 1.06
2.06e+03 3 2.01 1.07
2.06e+03 3 2.01 1.06
2.06e+03 3 2.01 1.06
2.06e+03 3 2.01 1.06
2.06e+03 3 2.01 1.06
2.06e+03 3 2.01 1.06
2.06e+03 3 2.01 1.06
2.06e+03 3 2.01 1.06
2.06e+03 3 2.01 1.06
2.06e+03 3 2.01 1.06
2.07e+03 3 2.02 1.06
2.07e+03 3 2.01 1.06
2.07e+03 3 2.01 1.06
2.07e+03 3 2.01 1.06
2.07e+03 3 2.02 1.06
2.07e+03 3 2.02 1.06
2.07e+03 3 2.02 1.06
2.07e+03 3 2.02 1.06
2.07e+03 3 2.02 1.06
2.08e+03 3 2.02 1.06
2.08e+03 3 2.02 1.06
2.08e+03 3 2.02 1.06
2.08e+03 3 2.02 1.06
2.08e+03 3 2.02 1.06
2.08e+03 3 2.02 1.06
2.08e+03 3 2.02 1.06
2.08e+03 3 2.02 1.06
2.08e+03 3 2.02 1.06
2.08e+03 3 2.02 1.06
2.08e+03 3 2.02 1.06
2.09e+03 3 2.02 1.06
2.09e+03 3 2.02 1.06
2.09e+03 3 2.02 1.06
2.09e+03 3 2.02 1.06
2.09e+03 3 2.02 1.06
2.09e+03 3 2.02 1.06
2.09e+03 3 2.02 1.06
2.09e+03 3 2.02 1.06
2.09e+03 3 2.02 1.06
2.1e+03 3 2.02 1.06
2.1e+03 3 2.02 1.06
2.1e+03 3 2.02 1.06
2.1e+03 3 2.02 1.06
2.1e+03 3 2.02 1.06
2.1e+03 3 2.02 1.06
2.1e+03 3 2.02 1.06
2.1e+03 3 2.02 1.06
2.1e+03 3 2.02 1.06
2.1e+03 3 2.02 1.06
2.1e+03 3 2.02 1.06
2.11e+03 3 2.02 1.06
2.11e+03 3 2.02 1.06
2.11e+03 3 2.01 1.06
2.11e+03 3 2.02 1.06
2.11e+03 3 2.02 1.06
2.11e+03 3 2.02 1.06
2.11e+03 3 2.02 1.06
2.11e+03 3 2.02 1.06
2.11e+03 3 2.02 1.06
2.12e+03 3 2.02 1.06
2.12e+03 3 2.02 1.05
2.12e+03 3 2.02 1.05
2.12e+03 3 2.02 1.05
2.12e+03 3 2.02 1.05
2.12e+03 3 2.02 1.05
2.12e+03 3 2.02 1.05
2.12e+03 3 2.02 1.06
2.12e+03 3 2.02 1.05
2.12e+03 3 2.02 1.05
2.12e+03 3 2.02 1.05
2.13e+03 3 2.02 1.05
2.13e+03 3 2.02 1.05
2.13e+03 3 2.02 1.05
2.13e+03 3 2.02 1.05
2.13e+03 3 2.02 1.05
2.13e+03 3 2.02 1.05
2.13e+03 3 2.02 1.05
2.13e+03 3 2.02 1.05
2.13e+03 3 2.02 1.05
2.14e+03 3 2.02 1.05
2.14e+03 3 2.02 1.05
2.14e+03 3 2.02 1.05
2.14e+03 3 2.02 1.05
2.14e+03 3 2.02 1.05
2.14e+03 3 2.02 1.05
2.14e+03 3 2.02 1.05
2.14e+03 3 2.02 1.06
2.14e+03 3 2.02 1.06
2.14e+03 3 2.02 1.06
2.14e+03 3 2.02 1.06
2.15e+03 3 2.02 1.06
2.15e+03 3 2.02 1.05
2.15e+03 3 2.02 1.05
2.15e+03 3 2.02 1.05
2.15e+03 3 2.02 1.05
2.15e+03 3 2.02 1.05
2.15e+03 3 2.02 1.05
2.15e+03 3 2.02 1.05
2.15e+03 3 2.02 1.05
2.16e+03 3 2.02 1.05
2.16e+03 3 2.02 1.05
2.16e+03 3 2.02 1.05
2.16e+03 3 2.02 1.05
2.16e+03 3 2.02 1.05
2.16e+03 3 2.02 1.05
2.16e+03 3 2.02 1.05
2.16e+03 3 2.02 1.05
2.16e+03 3 2.02 1.05
2.16e+03 3 2.02 1.05
2.16e+03 3 2.02 1.05
2.17e+03 3 2.02 1.05
2.17e+03 3 2.02 1.05
2.17e+03 3 2.02 1.05
2.17e+03 3 2.02 1.05
2.17e+03 3 2.02 1.05
2.17e+03 3 2.02 1.05
2.17e+03 3 2.02 1.05
2.17e+03 3 2.02 1.05
2.17e+03 3 2.02 1.05
2.18e+03 3 2.02 1.05
2.18e+03 3 2.02 1.05
2.18e+03 3 2.02 1.05
2.18e+03 3 2.02 1.05
2.18e+03 3 2.02 1.05
2.18e+03 3 2.02 1.05
2.18e+03 3 2.02 1.05
2.18e+03 3 2.02 1.05
2.18e+03 3 2.02 1.05
2.18e+03 3 2.02 1.05
2.18e+03 3 2.02 1.05
2.19e+03 3 2.02 1.05
2.19e+03 3 2.02 1.05
2.19e+03 3 2.02 1.05
2.19e+03 3 2.02 1.05
2.19e+03 3 2.02 1.05
2.19e+03 3 2.02 1.05
2.19e+03 3 2.02 1.05
2.19e+03 3 2.02 1.05
2.19e+03 3 2.02 1.05
2.2e+03 3 2.02 1.05
2.2e+03 3 2.02 1.05
2.2e+03 3 2.02 1.04
2.2e+03 3 2.02 1.05
2.2e+03 3 2.02 1.05
2.2e+03 3 2.02 1.05
2.2e+03 3 2.02 1.05
2.2e+03 3 2.02 1.05
2.2e+03 3 2.02 1.05
2.2e+03 3 2.02 1.05
2.2e+03 3 2.02 1.05
2.21e+03 3 2.02 1.05
2.21e+03 3 2.02 1.05
2.21e+03 3 2.02 1.05
2.21e+03 3 2.02 1.05
2.21e+03 3 2.03 1.05
2.21e+03 3 2.03 1.05
2.21e+03 3 2.02 1.05
2.21e+03 3 2.02 1.05
2.21e+03 3 2.02 1.05
2.22e+03 3 2.02 1.05
2.22e+03 3 2.02 1.05
2.22e+03 3 2.02 1.05
2.22e+03 3 2.02 1.05
2.22e+03 3 2.03 1.05
2.22e+03 3 2.03 1.05
2.22e+03 3 2.02 1.05
2.22e+03 3 2.02 1.05
2.22e+03 3 2.02 1.05
2.22e+03 3 2.02 1.05
2.22e+03 3 2.02 1.05
2.23e+03 3 2.02 1.06
2.23e+03 3 2.02 1.05
2.23e+03 3 2.02 1.05
2.23e+03 3 2.02 1.05
2.23e+03 3 2.02 1.05
2.23e+03 3 2.02 1.05
2.23e+03 3 2.02 1.05
2.23e+03 3 2.02 1.05
2.23e+03 3 2.02 1.05
2.24e+03 3 2.02 1.05
2.24e+03 3 2.02 1.05
2.24e+03 3 2.02 1.05
2.24e+03 3 2.02 1.05
2.24e+03 3 2.02 1.05
2.24e+03 3 2.02 1.05
2.24e+03 3 2.02 1.05
2.24e+03 3 2.02 1.05
2.24e+03 3 2.02 1.05
2.24e+03 3 2.02 1.05
2.24e+03 3 2.02 1.05
2.25e+03 3 2.01 1.05
2.25e+03 3 2.01 1.05
2.25e+03 3 2.01 1.05
2.25e+03 3 2.01 1.05
2.25e+03 3 2.01 1.05
2.25e+03 3 2.01 1.05
2.25e+03 3 2.01 1.05
2.25e+03 3 2.01 1.05
2.25e+03 3 2.01 1.05
2.26e+03 3 2.01 1.05
2.26e+03 3 2.02 1.05
2.26e+03 3 2.02 1.05
2.26e+03 3 2.02 1.05
2.26e+03 3 2.01 1.05
2.26e+03 3 2.02 1.05
2.26e+03 3 2.02 1.05
2.26e+03 3 2.02 1.05
2.26e+03 3 2.02 1.05
2.26e+03 3 2.02 1.05
2.26e+03 3 2.02 1.05
2.27e+03 3 2.02 1.05
2.27e+03 3 2.02 1.05
2.27e+03 3 2.02 1.04
2.27e+03 3 2.02 1.04
2.27e+03 3 2.02 1.04
2.27e+03 3 2.02 1.04
2.27e+03 3 2.02 1.04
2.27e+03 3 2.01 1.04
2.27e+03 3 2.01 1.04
2.28e+03 3 2.02 1.04
2.28e+03 3 2.02 1.04
2.28e+03 3 2.02 1.04
2.28e+03 3 2.02 1.04
2.28e+03 3 2.02 1.04
2.28e+03 3 2.02 1.04
2.28e+03 3 2.02 1.04
2.28e+03 3 2.02 1.04
2.28e+03 3 2.02 1.04
2.28e+03 3 2.02 1.04
2.28e+03 3 2.02 1.04
2.29e+03 3 2.02 1.04
2.29e+03 3 2.02 1.04
2.29e+03 3 2.02 1.04
2.29e+03 3 2.02 1.04
2.29e+03 3 2.02 1.04
2.29e+03 3 2.02 1.04
2.29e+03 3 2.02 1.04
2.29e+03 3 2.02 1.04
2.29e+03 3 2.02 1.04
2.3e+03 3 2.02 1.04
2.3e+03 3 2.02 1.04
2.3e+03 3 2.02 1.04
2.3e+03 3 2.02 1.04
2.3e+03 3 2.02 1.04
2.3e+03 3 2.02 1.04
2.3e+03 3 2.02 1.04
2.3e+03 3 2.02 1.04
2.3e+03 3 2.02 1.04
2.3e+03 3 2.02 1.04
2.3e+03 3 2.02 1.04
2.31e+03 3 2.02 1.04
2.31e+03 3 2.02 1.04
2.31e+03 3 2.02 1.05
2.31e+03 3 2.02 1.05
2.31e+03 3 2.02 1.05
2.31e+03 3 2.03 1.04
2.31e+03 3 2.03 1.04
2.31e+03 3 2.03 1.04
2.31e+03 3 2.03 1.04
2.32e+03 3 2.03 1.04
2.32e+03 3 2.03 1.04
2.32e+03 3 2.02 1.04
2.32e+03 3 2.03 1.04
2.32e+03 3 2.03 1.04
2.32e+03 3 2.03 1.04
2.32e+03 3 2.02 1.04
2.32e+03 3 2.02 1.04
2.32e+03 3 2.02 1.04
2.32e+03 3 2.02 1.04
2.32e+03 3 2.02 1.04
2.33e+03 3 2.02 1.04
2.33e+03 3 2.02 1.04
2.33e+03 3 2.02 1.04
2.33e+03 3 2.02 1.04
2.33e+03 3 2.02 1.04
2.33e+03 3 2.02 1.04
2.33e+03 3 2.02 1.04
2.33e+03 3 2.02 1.04
2.33e+03 3 2.02 1.03
2.34e+03 3 2.02 1.03
2.34e+03 3 2.02 1.03
2.34e+03 3 2.02 1.03
2.34e+03 3 2.02 1.03
2.34e+03 3 2.02 1.03
2.34e+03 3 2.02 1.03
2.34e+03 3 2.02 1.03
2.34e+03 3 2.02 1.03
2.34e+03 3 2.02 1.03
2.34e+03 3 2.02 1.03
2.34e+03 3 2.02 1.03
2.35e+03 3 2.02 1.03
2.35e+03 3 2.02 1.03
2.35e+03 3 2.02 1.03
2.35e+03 3 2.02 1.03
2.35e+03 3 2.02 1.03
2.35e+03 3 2.02 1.03
2.35e+03 3 2.02 1.03
2.35e+03 3 2.02 1.03
2.35e+03 3 2.02 1.03
2.36e+03 3 2.02 1.03
2.36e+03 3 2.02 1.03
2.36e+03 3 2.02 1.03
2.36e+03 3 2.02 1.03
2.36e+03 3 2.02 1.03
2.36e+03 3 2.02 1.03
2.36e+03 3 2.02 1.03
2.36e+03 3 2.02 1.03
2.36e+03 3 2.02 1.03
2.36e+03 3 2.02 1.03
2.36e+03 3 2.02 1.03
2.37e+03 3 2.02 1.03
2.37e+03 3 2.02 1.03
2.37e+03 3 2.02 1.03
2.37e+03 3 2.02 1.03
2.37e+03 3 2.02 1.03
2.37e+03 3 2.02 1.03
2.37e+03 3 2.02 1.03
2.37e+03 3 2.02 1.03
2.37e+03 3 2.02 1.03
2.38e+03 3 2.02 1.03
2.38e+03 3 2.02 1.03
2.38e+03 3 2.02 1.03
2.38e+03 3 2.02 1.03
2.38e+03 3 2.02 1.03
2.38e+03 3 2.02 1.03
2.38e+03 3 2.02 1.03
2.38e+03 3 2.02 1.03
2.38e+03 3 2.02 1.03
2.38e+03 3 2.02 1.03
2.38e+03 3 2.02 1.03
2.39e+03 3 2.02 1.03
2.39e+03 3 2.02 1.03
2.39e+03 3 2.02 1.03
2.39e+03 3 2.02 1.03
2.39e+03 3 2.02 1.03
2.39e+03 3 2.02 1.03
2.39e+03 3 2.02 1.03
2.39e+03 3 2.02 1.03
2.39e+03 3 2.02 1.03
2.4e+03 3 2.02 1.03
2.4e+03 3 2.02 1.03
2.4e+03 3 2.02 1.03
2.4e+03 3 2.02 1.03
2.4e+03 3 2.02 1.03
2.4e+03 3 2.02 1.03
2.4e+03 3 2.03 1.03
2.4e+03 3 2.02 1.03
2.4e+03 3 2.02 1.03
2.4e+03 3 2.03 1.03
2.4e+03 3 2.02 1.03
2.41e+03 3 2.02 1.03
2.41e+03 3 2.02 1.03
2.41e+03 3 2.02 1.03
2.41e+03 3 2.02 1.03
2.41e+03 3 2.02 1.03
2.41e+03 3 2.02 1.03
2.41e+03 3 2.02 1.03
2.41e+03 3 2.02 1.03
2.41e+03 3 2.02 1.03
2.42e+03 3 2.02 1.03
2.42e+03 3 2.02 1.03
2.42e+03 3 2.02 1.03
2.42e+03 3 2.02 1.03
2.42e+03 3 2.02 1.03
2.42e+03 3 2.02 1.03
2.42e+03 3 2.02 1.03
2.42e+03 3 2.02 1.03
2.42e+03 3 2.02 1.03
2.42e+03 3 2.02 1.03
2.42e+03 3 2.02 1.03
2.43e+03 3 2.02 1.03
2.43e+03 3 2.02 1.03
2.43e+03 3 2.02 1.03
2.43e+03 3 2.02 1.03
2.43e+03 3 2.02 1.03
2.43e+03 3 2.02 1.03
2.43e+03 3 2.02 1.03
2.43e+03 3 2.02 1.03
2.43e+03 3 2.02 1.03
2.44e+03 3 2.02 1.04
2.44e+03 3 2.02 1.03
2.44e+03 3 2.02 1.03
2.44e+03 3 2.02 1.04
2.44e+03 3 2.02 1.04
2.44e+03 3 2.02 1.04
2.44e+03 3 2.02 1.04
2.44e+03 3 2.02 1.04
2.44e+03 3 2.02 1.04
2.44e+03 3 2.02 1.04
2.44e+03 3 2.02 1.04
2.45e+03 3 2.02 1.04
2.45e+03 3 2.02 1.04
2.45e+03 3 2.02 1.04
2.45e+03 3 2.02 1.05
2.45e+03 3 2.02 1.04
2.45e+03 3 2.02 1.04
2.45e+03 3 2.02 1.05
2.45e+03 3 2.02 1.05
2.45e+03 3 2.02 1.05
2.46e+03 3 2.02 1.05
2.46e+03 3 2.02 1.05
2.46e+03 3 2.02 1.05
2.46e+03 3 2.01 1.05
2.46e+03 3 2.01 1.05
2.46e+03 3 2.01 1.05
2.46e+03 3 2.02 1.05
2.46e+03 3 2.01 1.05
2.46e+03 3 2.01 1.05
2.46e+03 3 2.01 1.05
2.46e+03 3 2.02 1.05
2.47e+03 3 2.02 1.05
2.47e+03 3 2.02 1.05
2.47e+03 3 2.02 1.05
2.47e+03 3 2.02 1.05
2.47e+03 3 2.02 1.05
2.47e+03 3 2.01 1.05
2.47e+03 3 2.01 1.05
2.47e+03 3 2.02 1.05
2.47e+03 3 2.02 1.05
2.48e+03 3 2.02 1.05
2.48e+03 3 2.02 1.05
2.48e+03 3 2.02 1.05
2.48e+03 3 2.02 1.05
2.48e+03 3 2.02 1.05
2.48e+03 3 2.02 1.05
2.48e+03 3 2.02 1.05
2.48e+03 3 2.02 1.05
2.48e+03 3 2.01 1.05
2.48e+03 3 2.01 1.05
2.48e+03 3 2.01 1.05
2.49e+03 3 2.01 1.05
2.49e+03 3 2.01 1.05
2.49e+03 3 2.01 1.05
2.49e+03 3 2.02 1.05
2.49e+03 3 2.02 1.05
2.49e+03 3 2.02 1.05
2.49e+03 3 2.02 1.05
2.49e+03 3 2.02 1.05
2.49e+03 3 2.02 1.05
2.5e+03 3 2.02 1.05
2.5e+03 3 2.02 1.05
2.5e+03 3 2.02 1.05
2.5e+03 3 2.02 1.05
2.5e+03 3 2.02 1.05
2.5e+03 3 2.02 1.05
2.5e+03 3 2.02 1.05
2.5e+03 3 2.02 1.05
2.5e+03 3 2.02 1.05
2.5e+03 3 2.02 1.05
2.5e+03 3 2.02 1.05
2.51e+03 3 2.02 1.05
2.51e+03 3 2.02 1.05
2.51e+03 3 2.02 1.05
2.51e+03 3 2.02 1.05
2.51e+03 3 2.02 1.04
2.51e+03 3 2.02 1.04
2.51e+03 3 2.02 1.05
2.51e+03 3 2.02 1.05
2.51e+03 3 2.02 1.05
2.52e+03 3 2.02 1.05
2.52e+03 3 2.02 1.05
2.52e+03 3 2.02 1.05
2.52e+03 3 2.02 1.05
2.52e+03 3 2.02 1.05
2.52e+03 3 2.02 1.05
2.52e+03 3 2.02 1.05
2.52e+03 3 2.02 1.05
2.52e+03 3 2.02 1.05
2.52e+03 3 2.02 1.04
2.52e+03 3 2.02 1.04
2.53e+03 3 2.02 1.05
2.53e+03 3 2.02 1.04
2.53e+03 3 2.02 1.05
2.53e+03 3 2.02 1.05
2.53e+03 3 2.02 1.05
2.53e+03 3 2.02 1.05
2.53e+03 3 2.02 1.05
2.53e+03 3 2.02 1.04
2.53e+03 3 2.02 1.04
2.54e+03 3 2.02 1.04
2.54e+03 3 2.02 1.04
2.54e+03 3 2.02 1.04
2.54e+03 3 2.02 1.04
2.54e+03 3 2.02 1.04
2.54e+03 3 2.02 1.04
2.54e+03 3 2.02 1.04
2.54e+03 3 2.02 1.04
2.54e+03 3 2.02 1.04
2.54e+03 3 2.02 1.04
2.54e+03 3 2.02 1.04
2.55e+03 3 2.02 1.04
2.55e+03 3 2.02 1.04
2.55e+03 3 2.02 1.04
2.55e+03 3 2.02 1.04
2.55e+03 3 2.02 1.04
2.55e+03 3 2.02 1.04
2.55e+03 3 2.02 1.04
2.55e+03 3 2.02 1.04
2.55e+03 3 2.02 1.04
2.56e+03 3 2.02 1.04
2.56e+03 3 2.02 1.04
2.56e+03 3 2.02 1.04
2.56e+03 3 2.02 1.04
2.56e+03 3 2.02 1.04
2.56e+03 3 2.02 1.04
2.56e+03 3 2.02 1.04
2.56e+03 3 2.02 1.04
2.56e+03 3 2.02 1.04
2.56e+03 3 2.02 1.04
2.56e+03 3 2.02 1.04
2.57e+03 3 2.02 1.04
2.57e+03 3 2.02 1.04
2.57e+03 3 2.02 1.04
2.57e+03 3 2.02 1.04
2.57e+03 3 2.02 1.04
2.57e+03 3 2.02 1.04
2.57e+03 3 2.02 1.04
2.57e+03 3 2.02 1.04
2.57e+03 3 2.02 1.04
2.58e+03 3 2.02 1.04
2.58e+03 3 2.02 1.04
2.58e+03 3 2.02 1.04
2.58e+03 3 2.02 1.04
2.58e+03 3 2.02 1.04
2.58e+03 3 2.02 1.04
2.58e+03 3 2.02 1.04
2.58e+03 3 2.02 1.04
2.58e+03 3 2.02 1.04
2.58e+03 3 2.02 1.04
2.58e+03 3 2.02 1.04
2.59e+03 3 2.02 1.04
2.59e+03 3 2.02 1.04
2.59e+03 3 2.02 1.04
2.59e+03 3 2.02 1.04
2.59e+03 3 2.02 1.04
2.59e+03 3 2.03 1.04
2.59e+03 3 2.03 1.04
2.59e+03 3 2.03 1.04
2.59e+03 3 2.03 1.04
2.6e+03 3 2.03 1.04
2.6e+03 3 2.03 1.04
2.6e+03 3 2.03 1.04
2.6e+03 3 2.03 1.04
2.6e+03 3 2.03 1.04
2.6e+03 3 2.03 1.04
2.6e+03 3 2.03 1.04
2.6e+03 3 2.03 1.04
2.6e+03 3 2.03 1.04
2.6e+03 3 2.03 1.04
2.6e+03 3 2.03 1.04
2.61e+03 3 2.03 1.04
2.61e+03 3 2.03 1.04
2.61e+03 3 2.03 1.05
2.61e+03 3 2.02 1.05
2.61e+03 3 2.03 1.05
2.61e+03 3 2.03 1.05
2.61e+03 3 2.03 1.05
2.61e+03 3 2.03 1.05
2.61e+03 3 2.03 1.05
2.62e+03 3 2.03 1.05
2.62e+03 3 2.03 1.05
2.62e+03 3 2.03 1.05
2.62e+03 3 2.03 1.05
2.62e+03 3 2.03 1.05
2.62e+03 3 2.03 1.05
2.62e+03 3 2.03 1.05
2.62e+03 3 2.03 1.05
2.62e+03 3 2.03 1.05
2.62e+03 3 2.03 1.05
2.62e+03 3 2.03 1.05
2.63e+03 3 2.03 1.05
2.63e+03 3 2.03 1.05
2.63e+03 3 2.03 1.05
2.63e+03 3 2.03 1.05
2.63e+03 3 2.03 1.05
2.63e+03 3 2.03 1.05
2.63e+03 3 2.03 1.05
2.63e+03 3 2.03 1.05
2.63e+03 3 2.03 1.05
2.64e+03 3 2.03 1.05
2.64e+03 3 2.03 1.05
2.64e+03 3 2.03 1.05
2.64e+03 3 2.03 1.05
2.64e+03 3 2.03 1.05
2.64e+03 3 2.03 1.05
2.64e+03 3 2.03 1.05
2.64e+03 3 2.03 1.05
2.64e+03 3 2.03 1.05
2.64e+03 3 2.03 1.05
2.64e+03 3 2.03 1.05
2.65e+03 3 2.03 1.05
2.65e+03 3 2.03 1.05
2.65e+03 3 2.03 1.05
2.65e+03 3 2.03 1.05
2.65e+03 3 2.03 1.05
2.65e+03 3 2.03 1.05
2.65e+03 3 2.03 1.05
2.65e+03 3 2.03 1.05
2.65e+03 3 2.03 1.05
2.66e+03 3 2.03 1.05
2.66e+03 3 2.03 1.05
2.66e+03 3 2.03 1.05
2.66e+03 3 2.03 1.05
2.66e+03 3 2.03 1.05
2.66e+03 3 2.03 1.05
2.66e+03 3 2.03 1.05
2.66e+03 3 2.03 1.05
2.66e+03 3 2.03 1.05
2.66e+03 3 2.03 1.05
2.66e+03 3 2.03 1.05
2.67e+03 3 2.03 1.05
2.67e+03 3 2.03 1.05
2.67e+03 3 2.03 1.05
2.67e+03 3 2.03 1.05
2.67e+03 3 2.03 1.05
2.67e+03 3 2.03 1.05
2.67e+03 3 2.03 1.05
2.67e+03 3 2.03 1.05
2.67e+03 3 2.03 1.05
2.68e+03 3 2.03 1.05
2.68e+03 3 2.03 1.05
2.68e+03 3 2.03 1.05
2.68e+03 3 2.03 1.05
2.68e+03 3 2.03 1.05
2.68e+03 3 2.03 1.05
2.68e+03 3 2.03 1.05
2.68e+03 3 2.03 1.05
2.68e+03 3 2.03 1.05
2.68e+03 3 2.03 1.05
2.68e+03 3 2.03 1.05
2.69e+03 3 2.03 1.05
2.69e+03 3 2.03 1.05
2.69e+03 3 2.03 1.06
2.69e+03 3 2.03 1.05
2.69e+03 3 2.03 1.05
2.69e+03 3 2.03 1.05
2.69e+03 3 2.03 1.06
2.69e+03 3 2.03 1.06
2.69e+03 3 2.03 1.06
2.7e+03 3 2.03 1.06
2.7e+03 3 2.03 1.06
2.7e+03 3 2.03 1.06
2.7e+03 3 2.03 1.06
2.7e+03 3 2.03 1.06
2.7e+03 3 2.03 1.06
2.7e+03 3 2.03 1.06
2.7e+03 3 2.03 1.06
2.7e+03 3 2.03 1.06
2.7e+03 3 2.03 1.06
2.7e+03 3 2.03 1.06
2.71e+03 3 2.03 1.06
2.71e+03 3 2.03 1.06
2.71e+03 3 2.03 1.06
2.71e+03 3 2.03 1.06
2.71e+03 3 2.03 1.06
2.71e+03 3 2.03 1.06
2.71e+03 3 2.03 1.06
2.71e+03 3 2.03 1.06
2.71e+03 3 2.03 1.06
2.72e+03 3 2.03 1.06
2.72e+03 3 2.03 1.06
2.72e+03 3 2.03 1.06
2.72e+03 3 2.03 1.06
2.72e+03 3 2.03 1.06
2.72e+03 3 2.03 1.06
2.72e+03 3 2.03 1.06
2.72e+03 3 2.03 1.06
2.72e+03 3 2.03 1.06
2.72e+03 3 2.03 1.06
2.72e+03 3 2.03 1.06
2.73e+03 3 2.03 1.06
2.73e+03 3 2.03 1.06
2.73e+03 3 2.03 1.06
2.73e+03 3 2.03 1.06
2.73e+03 3 2.03 1.06
2.73e+03 3 2.03 1.06
2.73e+03 3 2.03 1.06
2.73e+03 3 2.03 1.06
2.73e+03 3 2.03 1.06
2.74e+03 3 2.03 1.06
2.74e+03 3 2.03 1.06
2.74e+03 3 2.03 1.06
2.74e+03 3 2.03 1.06
2.74e+03 3 2.03 1.06
2.74e+03 3 2.03 1.06
2.74e+03 3 2.03 1.06
2.74e+03 3 2.03 1.06
2.74e+03 3 2.03 1.06
2.74e+03 3 2.03 1.06
2.74e+03 3 2.04 1.06
2.75e+03 3 2.04 1.06
2.75e+03 3 2.04 1.06
2.75e+03 3 2.04 1.06
2.75e+03 3 2.04 1.06
2.75e+03 3 2.04 1.07
2.75e+03 3 2.04 1.06
2.75e+03 3 2.04 1.06
2.75e+03 3 2.03 1.06
2.75e+03 3 2.03 1.06
2.76e+03 3 2.03 1.06
2.76e+03 3 2.03 1.06
2.76e+03 3 2.03 1.06
2.76e+03 3 2.03 1.07
2.76e+03 3 2.03 1.07
2.76e+03 3 2.03 1.07
2.76e+03 3 2.03 1.07
2.76e+03 3 2.03 1.07
2.76e+03 3 2.03 1.07
2.76e+03 3 2.03 1.07
2.76e+03 3 2.03 1.07
2.77e+03 3 2.03 1.07
2.77e+03 3 2.03 1.07
2.77e+03 3 2.03 1.07
2.77e+03 3 2.03 1.07
2.77e+03 3 2.03 1.07
2.77e+03 3 2.03 1.07
2.77e+03 3 2.04 1.07
2.77e+03 3 2.04 1.07
2.77e+03 3 2.04 1.07
2.78e+03 3 2.04 1.07
2.78e+03 3 2.04 1.07
2.78e+03 3 2.04 1.07
2.78e+03 3 2.04 1.07
2.78e+03 3 2.04 1.07
2.78e+03 3 2.04 1.07
2.78e+03 3 2.04 1.07
2.78e+03 3 2.04 1.07
2.78e+03 3 2.03 1.07
2.78e+03 3 2.04 1.07
2.78e+03 3 2.04 1.07
2.79e+03 3 2.04 1.07
2.79e+03 3 2.04 1.07
2.79e+03 3 2.04 1.07
2.79e+03 3 2.04 1.07
2.79e+03 3 2.04 1.07
2.79e+03 3 2.04 1.07
2.79e+03 3 2.04 1.07
2.79e+03 3 2.04 1.07
2.79e+03 3 2.04 1.07
2.8e+03 3 2.04 1.07
2.8e+03 3 2.03 1.07
2.8e+03 3 2.03 1.07
2.8e+03 3 2.03 1.07
2.8e+03 3 2.03 1.07
2.8e+03 3 2.03 1.07
2.8e+03 3 2.03 1.07
2.8e+03 3 2.03 1.07
2.8e+03 3 2.03 1.07
2.8e+03 3 2.03 1.07
2.8e+03 3 2.03 1.07
2.81e+03 3 2.03 1.07
2.81e+03 3 2.03 1.07
2.81e+03 3 2.03 1.07
2.81e+03 3 2.03 1.07
2.81e+03 3 2.03 1.07
2.81e+03 3 2.03 1.07
2.81e+03 3 2.03 1.07
2.81e+03 3 2.03 1.07
2.81e+03 3 2.03 1.07
2.82e+03 3 2.03 1.07
2.82e+03 3 2.03 1.07
2.82e+03 3 2.03 1.06
2.82e+03 3 2.03 1.06
2.82e+03 3 2.03 1.06
2.82e+03 3 2.03 1.07
2.82e+03 3 2.03 1.07
2.82e+03 3 2.03 1.07
2.82e+03 3 2.03 1.07
2.82e+03 3 2.03 1.07
2.82e+03 3 2.03 1.07
2.83e+03 3 2.03 1.07
2.83e+03 3 2.03 1.07
2.83e+03 3 2.03 1.07
2.83e+03 3 2.03 1.07
2.83e+03 3 2.03 1.07
2.83e+03 3 2.03 1.07
2.83e+03 3 2.03 1.07
2.83e+03 3 2.03 1.07
2.83e+03 3 2.02 1.07
2.84e+03 3 2.02 1.07
2.84e+03 3 2.02 1.07
2.84e+03 3 2.02 1.07
2.84e+03 3 2.03 1.07
2.84e+03 3 2.02 1.07
2.84e+03 3 2.02 1.07
2.84e+03 3 2.02 1.07
2.84e+03 3 2.02 1.07
2.84e+03 3 2.02 1.07
2.84e+03 3 2.02 1.07
2.84e+03 3 2.02 1.07
2.85e+03 3 2.03 1.07
2.85e+03 3 2.03 1.07
2.85e+03 3 2.03 1.07
2.85e+03 3 2.03 1.07
2.85e+03 3 2.03 1.07
2.85e+03 3 2.03 1.07
2.85e+03 3 2.03 1.07
2.85e+03 3 2.03 1.07
2.85e+03 3 2.03 1.07
2.86e+03 3 2.03 1.07
2.86e+03 3 2.03 1.07
2.86e+03 3 2.03 1.07
2.86e+03 3 2.03 1.07
2.86e+03 3 2.03 1.07
2.86e+03 3 2.03 1.07
2.86e+03 3 2.03 1.07
2.86e+03 3 2.03 1.07
2.86e+03 3 2.02 1.07
2.86e+03 3 2.02 1.07
2.86e+03 3 2.02 1.07
2.87e+03 3 2.02 1.07
2.87e+03 3 2.02 1.07
2.87e+03 3 2.02 1.07
2.87e+03 3 2.02 1.07
2.87e+03 3 2.02 1.07
2.87e+03 3 2.02 1.07
2.87e+03 3 2.02 1.07
2.87e+03 3 2.03 1.07
2.87e+03 3 2.03 1.07
2.88e+03 3 2.02 1.08
2.88e+03 3 2.02 1.08
2.88e+03 3 2.03 1.08
2.88e+03 3 2.03 1.08
2.88e+03 3 2.03 1.08
2.88e+03 3 2.03 1.08
2.88e+03 3 2.03 1.08
2.88e+03 3 2.03 1.08
2.88e+03 3 2.03 1.08
2.88e+03 3 2.03 1.08
2.88e+03 3 2.03 1.08
2.89e+03 3 2.03 1.08
2.89e+03 3 2.03 1.08
2.89e+03 3 2.03 1.08
2.89e+03 3 2.03 1.08
2.89e+03 3 2.03 1.08
2.89e+03 3 2.03 1.08
2.89e+03 3 2.03 1.08
2.89e+03 3 2.03 1.08
2.89e+03 3 2.03 1.08
2.9e+03 3 2.03 1.08
2.9e+03 3 2.03 1.08
2.9e+03 3 2.03 1.08
2.9e+03 3 2.03 1.08
2.9e+03 3 2.03 1.08
2.9e+03 3 2.03 1.08
2.9e+03 3 2.03 1.08
2.9e+03 3 2.03 1.08
2.9e+03 3 2.03 1.08
2.9e+03 3 2.03 1.08
2.9e+03 3 2.03 1.08
2.91e+03 3 2.03 1.09
2.91e+03 3 2.03 1.09
2.91e+03 3 2.03 1.09
2.91e+03 3 2.03 1.09
2.91e+03 3 2.03 1.09
2.91e+03 3 2.03 1.09
2.91e+03 3 2.03 1.09
2.91e+03 3 2.03 1.09
2.91e+03 3 2.03 1.09
2.92e+03 3 2.03 1.09
2.92e+03 3 2.03 1.09
2.92e+03 3 2.03 1.09
2.92e+03 3 2.03 1.09
2.92e+03 3 2.03 1.09
2.92e+03 3 2.03 1.09
2.92e+03 3 2.03 1.09
2.92e+03 3 2.03 1.09
2.92e+03 3 2.03 1.09
2.92e+03 3 2.03 1.09
2.92e+03 3 2.03 1.09
2.93e+03 3 2.03 1.09
2.93e+03 3 2.03 1.09
2.93e+03 3 2.03 1.09
2.93e+03 3 2.03 1.09
2.93e+03 3 2.03 1.09
2.93e+03 3 2.03 1.08
2.93e+03 3 2.03 1.09
2.93e+03 3 2.03 1.09
2.93e+03 3 2.03 1.08
2.94e+03 3 2.03 1.08
2.94e+03 3 2.03 1.08
2.94e+03 3 2.03 1.08
2.94e+03 3 2.03 1.09
2.94e+03 3 2.03 1.09
2.94e+03 3 2.03 1.08
2.94e+03 3 2.03 1.09
2.94e+03 3 2.03 1.09
2.94e+03 3 2.03 1.09
2.94e+03 3 2.03 1.09
2.94e+03 3 2.03 1.09
2.95e+03 3 2.03 1.09
2.95e+03 3 2.03 1.08
2.95e+03 3 2.03 1.08
2.95e+03 3 2.03 1.08
2.95e+03 3 2.03 1.08
2.95e+03 3 2.03 1.08
2.95e+03 3 2.03 1.09
2.95e+03 3 2.03 1.09
2.95e+03 3 2.03 1.08
2.96e+03 3 2.03 1.08
2.96e+03 3 2.03 1.08
2.96e+03 3 2.03 1.09
2.96e+03 3 2.03 1.08
2.96e+03 3 2.03 1.08
2.96e+03 3 2.03 1.08
2.96e+03 3 2.03 1.09
2.96e+03 3 2.03 1.09
2.96e+03 3 2.03 1.09
2.96e+03 3 2.04 1.09
2.96e+03 3 2.03 1.09
2.97e+03 3 2.03 1.09
2.97e+03 3 2.04 1.09
2.97e+03 3 2.04 1.09
2.97e+03 3 2.04 1.09
2.97e+03 3 2.04 1.09
2.97e+03 3 2.04 1.09
2.97e+03 3 2.04 1.09
2.97e+03 3 2.04 1.09
2.97e+03 3 2.04 1.09
2.98e+03 3 2.04 1.09
2.98e+03 3 2.04 1.09
2.98e+03 3 2.04 1.09
2.98e+03 3 2.04 1.09
2.98e+03 3 2.04 1.09
2.98e+03 3 2.04 1.09
2.98e+03 3 2.04 1.09
2.98e+03 3 2.04 1.09
2.98e+03 3 2.04 1.09
2.98e+03 3 2.04 1.09
2.98e+03 3 2.04 1.09
2.99e+03 3 2.04 1.09
2.99e+03 3 2.04 1.09
2.99e+03 3 2.04 1.09
2.99e+03 3 2.04 1.09
2.99e+03 3 2.04 1.09
2.99e+03 3 2.04 1.09
2.99e+03 3 2.04 1.09
2.99e+03 3 2.04 1.08
2.99e+03 3 2.04 1.08
3e+03 3 2.04 1.08
3e+03 3 2.04 1.08
3e+03 3 2.04 1.08
3e+03 3 2.04 1.09
3e+03 3 2.04 1.08
3e+03 3 2.04 1.08
3e+03 3 2.04 1.08
3e+03 3 2.04 1.08
3e+03 3 2.04 1.08
3e+03 3 2.04 1.08
3e+03 3 2.04 1.08
3.01e+03 3 2.04 1.08
3.01e+03 3 2.04 1.08
3.01e+03 3 2.04 1.08
3.01e+03 3 2.04 1.08
3.01e+03 3 2.04 1.08
3.01e+03 3 2.04 1.08
3.01e+03 3 2.04 1.08
3.01e+03 3 2.04 1.08
3.01e+03 3 2.04 1.08
3.02e+03 3 2.04 1.08
3.02e+03 3 2.04 1.08
3.02e+03 3 2.04 1.08
3.02e+03 3 2.04 1.08
3.02e+03 3 2.04 1.08
3.02e+03 3 2.04 1.08
3.02e+03 3 2.04 1.08
3.02e+03 3 2.04 1.08
3.02e+03 3 2.04 1.08
3.02e+03 3 2.04 1.08
3.02e+03 3 2.04 1.08
3.03e+03 3 2.04 1.08
3.03e+03 3 2.04 1.08
3.03e+03 3 2.04 1.08
3.03e+03 3 2.04 1.08
3.03e+03 3 2.04 1.08
3.03e+03 3 2.04 1.08
3.03e+03 3 2.04 1.08
3.03e+03 3 2.04 1.08
3.03e+03 3 2.04 1.08
3.04e+03 3 2.04 1.08
3.04e+03 3 2.04 1.08
3.04e+03 3 2.04 1.08
3.04e+03 3 2.04 1.08
3.04e+03 3 2.04 1.08
3.04e+03 3 2.04 1.08
3.04e+03 3 2.04 1.08
3.04e+03 3 2.04 1.08
3.04e+03 3 2.04 1.08
3.04e+03 3 2.04 1.08
3.04e+03 3 2.04 1.08
3.05e+03 3 2.04 1.08
3.05e+03 3 2.04 1.08
3.05e+03 3 2.04 1.08
3.05e+03 3 2.04 1.08
3.05e+03 3 2.05 1.08
3.05e+03 3 2.04 1.08
3.05e+03 3 2.04 1.08
3.05e+03 3 2.04 1.08
3.05e+03 3 2.05 1.08
3.06e+03 3 2.05 1.08
3.06e+03 3 2.05 1.08
3.06e+03 3 2.05 1.08
3.06e+03 3 2.05 1.08
3.06e+03 3 2.05 1.08
3.06e+03 3 2.05 1.08
3.06e+03 3 2.05 1.08
3.06e+03 3 2.05 1.08
3.06e+03 3 2.05 1.08
3.06e+03 3 2.05 1.08
3.06e+03 3 2.05 1.08
3.07e+03 3 2.05 1.08
3.07e+03 3 2.05 1.08
3.07e+03 3 2.05 1.08
3.07e+03 3 2.05 1.08
3.07e+03 3 2.05 1.08
3.07e+03 3 2.05 1.08
3.07e+03 3 2.05 1.08
3.07e+03 3 2.05 1.08
3.07e+03 3 2.05 1.08
3.08e+03 3 2.05 1.08
3.08e+03 3 2.05 1.08
3.08e+03 3 2.05 1.08
3.08e+03 3 2.05 1.08
3.08e+03 3 2.05 1.08
3.08e+03 3 2.05 1.08
3.08e+03 3 2.05 1.08
3.08e+03 3 2.05 1.08
3.08e+03 3 2.05 1.08
3.08e+03 3 2.05 1.08
3.08e+03 3 2.05 1.08
3.09e+03 3 2.05 1.08
3.09e+03 3 2.05 1.08
3.09e+03 3 2.05 1.08
3.09e+03 3 2.05 1.08
3.09e+03 3 2.05 1.08
3.09e+03 3 2.05 1.08
3.09e+03 3 2.05 1.08
3.09e+03 3 2.05 1.08
3.09e+03 3 2.04 1.08
3.1e+03 3 2.04 1.08
3.1e+03 3 2.04 1.08
3.1e+03 3 2.04 1.08
3.1e+03 3 2.04 1.08
3.1e+03 3 2.04 1.08
3.1e+03 3 2.04 1.08
3.1e+03 3 2.04 1.08
3.1e+03 3 2.04 1.08
3.1e+03 3 2.04 1.08
3.1e+03 3 2.04 1.08
3.1e+03 3 2.04 1.08
3.11e+03 3 2.04 1.08
3.11e+03 3 2.04 1.08
3.11e+03 3 2.04 1.08
3.11e+03 3 2.04 1.08
3.11e+03 3 2.04 1.08
3.11e+03 3 2.04 1.08
3.11e+03 3 2.04 1.08
3.11e+03 3 2.04 1.08
3.11e+03 3 2.05 1.08
3.12e+03 3 2.04 1.08
3.12e+03 3 2.04 1.08
3.12e+03 3 2.04 1.08
3.12e+03 3 2.04 1.08
3.12e+03 3 2.04 1.08
3.12e+03 3 2.04 1.08
3.12e+03 3 2.04 1.08
3.12e+03 3 2.04 1.08
3.12e+03 3 2.04 1.08
3.12e+03 3 2.04 1.08
3.12e+03 3 2.04 1.08
3.13e+03 3 2.04 1.08
3.13e+03 3 2.04 1.08
3.13e+03 3 2.04 1.08
3.13e+03 3 2.04 1.08
3.13e+03 3 2.04 1.08
3.13e+03 3 2.04 1.08
3.13e+03 3 2.04 1.08
3.13e+03 3 2.04 1.08
3.13e+03 3 2.04 1.09
3.14e+03 3 2.04 1.09
3.14e+03 3 2.04 1.09
3.14e+03 3 2.04 1.09
3.14e+03 3 2.04 1.09
3.14e+03 3 2.04 1.09
3.14e+03 3 2.04 1.09
3.14e+03 3 2.04 1.09
3.14e+03 3 2.04 1.09
3.14e+03 3 2.04 1.09
3.14e+03 3 2.04 1.09
3.14e+03 3 2.04 1.09
3.15e+03 3 2.04 1.09
3.15e+03 3 2.04 1.09
3.15e+03 3 2.04 1.09
3.15e+03 3 2.04 1.09
3.15e+03 3 2.04 1.09
3.15e+03 3 2.04 1.09
3.15e+03 3 2.04 1.09
3.15e+03 3 2.04 1.09
3.15e+03 3 2.04 1.09
3.16e+03 3 2.04 1.09
3.16e+03 3 2.04 1.09
3.16e+03 3 2.04 1.09
3.16e+03 3 2.04 1.09
3.16e+03 3 2.04 1.09
3.16e+03 3 2.04 1.09
3.16e+03 3 2.04 1.09
3.16e+03 3 2.04 1.09
3.16e+03 3 2.04 1.09
3.16e+03 3 2.04 1.09
3.16e+03 3 2.04 1.09
3.17e+03 3 2.04 1.09
3.17e+03 3 2.04 1.09
3.17e+03 3 2.04 1.09
3.17e+03 3 2.04 1.09
3.17e+03 3 2.04 1.09
3.17e+03 3 2.04 1.09
3.17e+03 3 2.04 1.09
3.17e+03 3 2.04 1.09
3.17e+03 3 2.03 1.09
3.18e+03 3 2.03 1.09
3.18e+03 3 2.03 1.09
3.18e+03 3 2.03 1.09
3.18e+03 3 2.03 1.09
3.18e+03 3 2.03 1.09
3.18e+03 3 2.03 1.09
3.18e+03 3 2.03 1.09
3.18e+03 3 2.03 1.09
3.18e+03 3 2.03 1.09
3.18e+03 3 2.03 1.09
3.18e+03 3 2.03 1.09
3.19e+03 3 2.03 1.09
3.19e+03 3 2.03 1.09
3.19e+03 3 2.03 1.09
3.19e+03 3 2.04 1.09
3.19e+03 3 2.04 1.09
3.19e+03 3 2.04 1.09
3.19e+03 3 2.03 1.09
3.19e+03 3 2.03 1.09
3.19e+03 3 2.03 1.09
3.2e+03 3 2.03 1.09
3.2e+03 3 2.03 1.09
3.2e+03 3 2.03 1.09
3.2e+03 3 2.03 1.09
3.2e+03 3 2.03 1.09
3.2e+03 3 2.03 1.09
3.2e+03 3 2.03 1.09
3.2e+03 3 2.03 1.09
3.2e+03 3 2.03 1.09
3.2e+03 3 2.03 1.09
3.2e+03 3 2.03 1.09
3.21e+03 3 2.03 1.09
3.21e+03 3 2.03 1.09
3.21e+03 3 2.03 1.09
3.21e+03 3 2.03 1.09
3.21e+03 3 2.03 1.09
3.21e+03 3 2.03 1.09
3.21e+03 3 2.02 1.09
3.21e+03 3 2.03 1.09
3.21e+03 3 2.03 1.09
3.22e+03 3 2.03 1.09
3.22e+03 3 2.03 1.09
3.22e+03 3 2.03 1.09
3.22e+03 3 2.03 1.09
3.22e+03 3 2.03 1.09
3.22e+03 3 2.02 1.09
3.22e+03 3 2.02 1.09
3.22e+03 3 2.02 1.09
3.22e+03 3 2.03 1.09
3.22e+03 3 2.03 1.09
3.22e+03 3 2.03 1.09
3.23e+03 3 2.03 1.09
3.23e+03 3 2.03 1.09
3.23e+03 3 2.03 1.09
3.23e+03 3 2.03 1.09
3.23e+03 3 2.03 1.09
3.23e+03 3 2.03 1.09
3.23e+03 3 2.03 1.09
3.23e+03 3 2.02 1.09
3.23e+03 3 2.02 1.09
3.24e+03 3 2.03 1.09
3.24e+03 3 2.03 1.09
3.24e+03 3 2.03 1.09
3.24e+03 3 2.03 1.09
3.24e+03 3 2.03 1.09
3.24e+03 3 2.02 1.09
3.24e+03 3 2.03 1.09
3.24e+03 3 2.02 1.09
3.24e+03 3 2.02 1.09
3.24e+03 3 2.02 1.09
3.24e+03 3 2.02 1.09
3.25e+03 3 2.03 1.09
3.25e+03 3 2.03 1.09
3.25e+03 3 2.03 1.09
3.25e+03 3 2.03 1.09
3.25e+03 3 2.02 1.09
3.25e+03 3 2.03 1.09
3.25e+03 3 2.03 1.09
3.25e+03 3 2.03 1.09
3.25e+03 3 2.03 1.09
3.26e+03 3 2.03 1.09
3.26e+03 3 2.03 1.09
3.26e+03 3 2.03 1.09
3.26e+03 3 2.03 1.09
3.26e+03 3 2.03 1.09
3.26e+03 3 2.02 1.09
3.26e+03 3 2.02 1.09
3.26e+03 3 2.02 1.08
3.26e+03 3 2.02 1.08
3.26e+03 3 2.02 1.08
3.26e+03 3 2.02 1.08
3.27e+03 3 2.02 1.09
3.27e+03 3 2.02 1.09
3.27e+03 3 2.02 1.09
3.27e+03 3 2.02 1.09
3.27e+03 3 2.02 1.09
3.27e+03 3 2.02 1.09
3.27e+03 3 2.02 1.09
3.27e+03 3 2.02 1.09
3.27e+03 3 2.02 1.09
3.28e+03 3 2.02 1.09
3.28e+03 3 2.02 1.09
3.28e+03 3 2.02 1.09
3.28e+03 3 2.02 1.09
3.28e+03 3 2.02 1.08
3.28e+03 3 2.02 1.08
3.28e+03 3 2.02 1.08
3.28e+03 3 2.02 1.09
3.28e+03 3 2.02 1.09
3.28e+03 3 2.02 1.09
3.28e+03 3 2.02 1.09
3.29e+03 3 2.02 1.09
3.29e+03 3 2.02 1.09
3.29e+03 3 2.02 1.09
3.29e+03 3 2.02 1.09
3.29e+03 3 2.02 1.09
3.29e+03 3 2.02 1.09
3.29e+03 3 2.02 1.09
3.29e+03 3 2.01 1.08
3.29e+03 3 2.01 1.08
3.3e+03 3 2.01 1.08
3.3e+03 3 2.01 1.08
3.3e+03 3 2.01 1.08
3.3e+03 3 2.01 1.08
3.3e+03 3 2.01 1.08
3.3e+03 3 2.01 1.08
3.3e+03 3 2.01 1.08
3.3e+03 3 2.01 1.08
3.3e+03 3 2.01 1.08
3.3e+03 3 2.01 1.08
3.3e+03 3 2.01 1.08
3.31e+03 3 2.01 1.08
3.31e+03 3 2.01 1.08
3.31e+03 3 2.01 1.08
3.31e+03 3 2.01 1.08
3.31e+03 3 2.01 1.08
3.31e+03 3 2.01 1.08
3.31e+03 3 2.01 1.08
3.31e+03 3 2.01 1.08
3.31e+03 3 2.01 1.08
3.32e+03 3 2.01 1.08
3.32e+03 3 2.01 1.08
3.32e+03 3 2.01 1.08
3.32e+03 3 2.01 1.08
3.32e+03 3 2.01 1.08
3.32e+03 3 2.01 1.08
3.32e+03 3 2.01 1.08
3.32e+03 3 2.01 1.08
3.32e+03 3 2.01 1.08
3.32e+03 3 2.01 1.08
3.32e+03 3 2.01 1.08
3.33e+03 3 2.01 1.08
3.33e+03 3 2.01 1.08
3.33e+03 3 2.01 1.08
3.33e+03 3 2.01 1.08
3.33e+03 3 2.01 1.08
3.33e+03 3 2.01 1.08
3.33e+03 3 2.01 1.08
3.33e+03 3 2.01 1.08
3.33e+03 3 2.01 1.08
3.34e+03 3 2.01 1.08
3.34e+03 3 2.01 1.08
3.34e+03 3 2.01 1.09
3.34e+03 3 2.01 1.09
3.34e+03 3 2.01 1.09
3.34e+03 3 2.01 1.09
3.34e+03 3 2.01 1.09
3.34e+03 3 2.01 1.09
3.34e+03 3 2.01 1.09
3.34e+03 3 2.01 1.09
3.34e+03 3 2.01 1.09
3.35e+03 3 2.01 1.08
3.35e+03 3 2.01 1.08
3.35e+03 3 2.01 1.08
3.35e+03 3 2.01 1.09
3.35e+03 3 2.01 1.09
3.35e+03 3 2.01 1.09
3.35e+03 3 2.01 1.09
3.35e+03 3 2.01 1.09
3.35e+03 3 2.01 1.09
3.36e+03 3 2.01 1.09
3.36e+03 3 2.01 1.09
3.36e+03 3 2.01 1.09
3.36e+03 3 2.01 1.09
3.36e+03 3 2.01 1.09
3.36e+03 3 2.01 1.09
3.36e+03 3 2.01 1.09
3.36e+03 3 2.01 1.09
3.36e+03 3 2.01 1.09
3.36e+03 3 2.01 1.09
3.36e+03 3 2.01 1.09
3.37e+03 3 2.01 1.09
3.37e+03 3 2.01 1.09
3.37e+03 3 2.01 1.09
3.37e+03 3 2.01 1.09
3.37e+03 3 2.01 1.09
3.37e+03 3 2.01 1.09
3.37e+03 3 2.01 1.09
3.37e+03 3 2.01 1.09
3.37e+03 3 2.01 1.09
3.38e+03 3 2.01 1.09
3.38e+03 3 2.01 1.09
3.38e+03 3 2.01 1.09
3.38e+03 3 2.01 1.09
3.38e+03 3 2.01 1.09
3.38e+03 3 2.01 1.09
3.38e+03 3 2.01 1.09
3.38e+03 3 2.01 1.09
3.38e+03 3 2.01 1.09
3.38e+03 3 2.01 1.09
3.38e+03 3 2.01 1.09
3.39e+03 3 2.01 1.09
3.39e+03 3 2.01 1.09
3.39e+03 3 2.01 1.09
3.39e+03 3 2.01 1.09
3.39e+03 3 2.01 1.09
3.39e+03 3 2.01 1.09
3.39e+03 3 2.01 1.09
3.39e+03 3 2.01 1.09
3.39e+03 3 2.01 1.09
3.4e+03 3 2.01 1.09
3.4e+03 3 2.01 1.08
3.4e+03 3 2.01 1.09
3.4e+03 3 2.01 1.09
3.4e+03 3 2.01 1.09
3.4e+03 3 2.01 1.09
3.4e+03 3 2.01 1.09
3.4e+03 3 2.01 1.09
3.4e+03 3 2.01 1.09
3.4e+03 3 2.01 1.09
3.4e+03 3 2.01 1.09
3.41e+03 3 2.01 1.09
3.41e+03 3 2.01 1.09
3.41e+03 3 2.01 1.09
3.41e+03 3 2.01 1.09
3.41e+03 3 2.01 1.08
3.41e+03 3 2.01 1.08
3.41e+03 3 2.01 1.08
3.41e+03 3 2.01 1.08
3.41e+03 3 2.01 1.08
3.42e+03 3 2.01 1.08
3.42e+03 3 2.01 1.08
3.42e+03 3 2.01 1.08
3.42e+03 3 2.01 1.08
3.42e+03 3 2.01 1.08
3.42e+03 3 2.01 1.09
3.42e+03 3 2.01 1.09
3.42e+03 3 2.01 1.08
3.42e+03 3 2.01 1.08
3.42e+03 3 2.01 1.08
3.42e+03 3 2.01 1.08
3.43e+03 3 2.01 1.08
3.43e+03 3 2.01 1.08
3.43e+03 3 2.01 1.09
3.43e+03 3 2.01 1.08
3.43e+03 3 2.02 1.08
3.43e+03 3 2.02 1.09
3.43e+03 3 2.01 1.09
3.43e+03 3 2.02 1.08
3.43e+03 3 2.02 1.09
3.44e+03 3 2.02 1.09
3.44e+03 3 2.02 1.09
3.44e+03 3 2.02 1.09
3.44e+03 3 2.01 1.09
3.44e+03 3 2.02 1.09
3.44e+03 3 2.02 1.09
3.44e+03 3 2.01 1.09
3.44e+03 3 2.01 1.09
3.44e+03 3 2.01 1.09
3.44e+03 3 2.01 1.09
3.44e+03 3 2.01 1.09
3.45e+03 3 2.01 1.09
3.45e+03 3 2.01 1.09
3.45e+03 3 2.02 1.09
3.45e+03 3 2.02 1.09
3.45e+03 3 2.02 1.09
3.45e+03 3 2.02 1.09
3.45e+03 3 2.02 1.09
3.45e+03 3 2.02 1.09
3.45e+03 3 2.01 1.09
3.46e+03 3 2.02 1.09
3.46e+03 3 2.01 1.09
3.46e+03 3 2.01 1.09
3.46e+03 3 2.01 1.09
3.46e+03 3 2.01 1.09
3.46e+03 3 2.01 1.09
3.46e+03 3 2.01 1.09
3.46e+03 3 2.01 1.09
3.46e+03 3 2.01 1.08
3.46e+03 3 2.01 1.08
3.46e+03 3 2.01 1.08
3.47e+03 3 2.01 1.08
3.47e+03 3 2.01 1.09
3.47e+03 3 2.01 1.08
3.47e+03 3 2.01 1.08
3.47e+03 3 2.02 1.08
3.47e+03 3 2.01 1.08
3.47e+03 3 2.01 1.08
3.47e+03 3 2.01 1.09
3.47e+03 3 2.01 1.09
3.48e+03 3 2.01 1.09
3.48e+03 3 2.02 1.09
3.48e+03 3 2.01 1.09
3.48e+03 3 2.01 1.09
3.48e+03 3 2.02 1.09
3.48e+03 3 2.02 1.09
3.48e+03 3 2.02 1.09
3.48e+03 3 2.02 1.08
3.48e+03 3 2.02 1.08
3.48e+03 3 2.01 1.08
3.48e+03 3 2.02 1.09
3.49e+03 3 2.02 1.09
3.49e+03 3 2.02 1.08
3.49e+03 3 2.02 1.08
3.49e+03 3 2.02 1.08
3.49e+03 3 2.02 1.08
3.49e+03 3 2.02 1.08
3.49e+03 3 2.02 1.08
3.49e+03 3 2.02 1.08
3.49e+03 3 2.02 1.08
3.5e+03 3 2.02 1.08
3.5e+03 3 2.02 1.08
3.5e+03 3 2.02 1.08
3.5e+03 3 2.02 1.08
3.5e+03 3 2.02 1.08
3.5e+03 3 2.02 1.08
3.5e+03 3 2.02 1.08
3.5e+03 3 2.02 1.08
3.5e+03 3 2.02 1.08
3.5e+03 3 2.02 1.08
3.5e+03 3 2.02 1.08
3.51e+03 3 2.02 1.08
3.51e+03 3 2.02 1.08
3.51e+03 3 2.02 1.08
3.51e+03 3 2.02 1.08
3.51e+03 3 2.02 1.08
3.51e+03 3 2.02 1.08
3.51e+03 3 2.02 1.08
3.51e+03 3 2.02 1.08
3.51e+03 3 2.02 1.08
3.52e+03 3 2.02 1.08
3.52e+03 3 2.02 1.08
3.52e+03 3 2.02 1.08
3.52e+03 3 2.02 1.08
3.52e+03 3 2.02 1.08
3.52e+03 3 2.02 1.08
3.52e+03 3 2.02 1.08
3.52e+03 3 2.02 1.08
3.52e+03 3 2.02 1.08
3.52e+03 3 2.02 1.08
3.52e+03 3 2.02 1.08
3.53e+03 3 2.02 1.08
3.53e+03 3 2.02 1.08
3.53e+03 3 2.02 1.08
3.53e+03 3 2.02 1.08
3.53e+03 3 2.02 1.08
3.53e+03 3 2.02 1.08
3.53e+03 3 2.02 1.08
3.53e+03 3 2.02 1.08
3.53e+03 3 2.02 1.08
3.54e+03 3 2.02 1.08
3.54e+03 3 2.02 1.08
3.54e+03 3 2.02 1.08
3.54e+03 3 2.02 1.08
3.54e+03 3 2.02 1.08
3.54e+03 3 2.02 1.08
3.54e+03 3 2.02 1.08
3.54e+03 3 2.02 1.08
3.54e+03 3 2.02 1.08
3.54e+03 3 2.02 1.08
3.54e+03 3 2.02 1.08
3.55e+03 3 2.02 1.08
3.55e+03 3 2.02 1.08
3.55e+03 3 2.02 1.08
3.55e+03 3 2.02 1.08
3.55e+03 3 2.02 1.08
3.55e+03 3 2.02 1.08
3.55e+03 3 2.02 1.08
3.55e+03 3 2.02 1.08
3.55e+03 3 2.02 1.08
3.56e+03 3 2.02 1.08
3.56e+03 3 2.02 1.08
3.56e+03 3 2.02 1.08
3.56e+03 3 2.02 1.08
3.56e+03 3 2.02 1.08
3.56e+03 3 2.02 1.08
3.56e+03 3 2.02 1.08
3.56e+03 3 2.02 1.08
3.56e+03 3 2.02 1.08
3.56e+03 3 2.01 1.08
3.56e+03 3 2.02 1.08
3.57e+03 3 2.02 1.08
3.57e+03 3 2.02 1.08
3.57e+03 3 2.02 1.08
3.57e+03 3 2.01 1.08
3.57e+03 3 2.02 1.08
3.57e+03 3 2.02 1.08
3.57e+03 3 2.01 1.08
3.57e+03 3 2.01 1.08
3.57e+03 3 2.01 1.08
3.58e+03 3 2.02 1.07
3.58e+03 3 2.02 1.07
3.58e+03 3 2.02 1.07
3.58e+03 3 2.02 1.07
3.58e+03 3 2.01 1.07
3.58e+03 3 2.02 1.08
3.58e+03 3 2.02 1.08
3.58e+03 3 2.02 1.08
3.58e+03 3 2.02 1.08
3.58e+03 3 2.02 1.08
3.58e+03 3 2.02 1.08
3.59e+03 3 2.02 1.08
3.59e+03 3 2.02 1.08
3.59e+03 3 2.02 1.07
3.59e+03 3 2.02 1.08
3.59e+03 3 2.02 1.08
3.59e+03 3 2.02 1.08
3.59e+03 3 2.02 1.08
3.59e+03 3 2.02 1.08
3.59e+03 3 2.02 1.08
3.6e+03 3 2.02 1.08
3.6e+03 3 2.02 1.08
3.6e+03 3 2.02 1.08
3.6e+03 3 2.02 1.08
3.6e+03 3 2.02 1.08
3.6e+03 3 2.02 1.08
3.6e+03 3 2.02 1.08
3.6e+03 3 2.02 1.08
3.6e+03 3 2.02 1.07
3.6e+03 3 2.02 1.07
3.6e+03 3 2.01 1.08
3.61e+03 3 2.01 1.08
3.61e+03 3 2.02 1.08
3.61e+03 3 2.02 1.08
3.61e+03 3 2.02 1.08
3.61e+03 3 2.02 1.08
3.61e+03 3 2.02 1.08
3.61e+03 3 2.01 1.08
3.61e+03 3 2.01 1.08
3.61e+03 3 2.01 1.08
3.62e+03 3 2.01 1.08
3.62e+03 3 2.01 1.08
3.62e+03 3 2.01 1.08
3.62e+03 3 2.01 1.08
3.62e+03 3 2.01 1.08
3.62e+03 3 2.01 1.08
3.62e+03 3 2.01 1.08
3.62e+03 3 2.01 1.08
3.62e+03 3 2.01 1.08
3.62e+03 3 2.02 1.08
3.62e+03 3 2.01 1.08
3.63e+03 3 2.02 1.08
3.63e+03 3 2.02 1.08
3.63e+03 3 2.02 1.08
3.63e+03 3 2.02 1.08
3.63e+03 3 2.01 1.08
3.63e+03 3 2.01 1.08
3.63e+03 3 2.02 1.08
3.63e+03 3 2.02 1.08
3.63e+03 3 2.02 1.09
3.64e+03 3 2.02 1.08
3.64e+03 3 2.02 1.09
3.64e+03 3 2.02 1.08
3.64e+03 3 2.02 1.08
3.64e+03 3 2.02 1.08
3.64e+03 3 2.02 1.09
3.64e+03 3 2.02 1.09
3.64e+03 3 2.02 1.09
3.64e+03 3 2.02 1.09
3.64e+03 3 2.01 1.08
3.64e+03 3 2.01 1.08
3.65e+03 3 2.01 1.09
3.65e+03 3 2.01 1.09
3.65e+03 3 2.01 1.09
3.65e+03 3 2.01 1.09
3.65e+03 3 2.01 1.09
3.65e+03 3 2.01 1.09
3.65e+03 3 2.01 1.09
3.65e+03 3 2.01 1.08
3.65e+03 3 2.01 1.08
3.66e+03 3 2.01 1.08
3.66e+03 3 2.01 1.08
3.66e+03 3 2.01 1.08
3.66e+03 3 2.01 1.08
3.66e+03 3 2.01 1.08
3.66e+03 3 2.01 1.08
3.66e+03 3 2.01 1.08
3.66e+03 3 2.01 1.08
3.66e+03 3 2.01 1.08
3.66e+03 3 2.01 1.08
3.66e+03 3 2.01 1.08
3.67e+03 3 2.01 1.08
3.67e+03 3 2.01 1.08
3.67e+03 3 2.01 1.08
3.67e+03 3 2.01 1.08
3.67e+03 3 2.01 1.08
3.67e+03 3 2.01 1.08
3.67e+03 3 2.01 1.08
3.67e+03 3 2.01 1.08
3.67e+03 3 2.01 1.08
3.68e+03 3 2.01 1.08
3.68e+03 3 2.01 1.08
3.68e+03 3 2.01 1.08
3.68e+03 3 2.01 1.08
3.68e+03 3 2.01 1.08
3.68e+03 3 2.01 1.08
3.68e+03 3 2.01 1.08
3.68e+03 3 2.01 1.08
3.68e+03 3 2.01 1.08
3.68e+03 3 2.01 1.08
3.68e+03 3 2.01 1.08
3.69e+03 3 2.01 1.08
3.69e+03 3 2.01 1.08
3.69e+03 3 2.01 1.08
3.69e+03 3 2.01 1.08
3.69e+03 3 2.01 1.08
3.69e+03 3 2.01 1.08
3.69e+03 3 2.01 1.08
3.69e+03 3 2.01 1.08
3.69e+03 3 2.01 1.08
3.7e+03 3 2.01 1.08
3.7e+03 3 2.01 1.08
3.7e+03 3 2.01 1.08
3.7e+03 3 2.01 1.08
3.7e+03 3 2.01 1.08
3.7e+03 3 2.01 1.08
3.7e+03 3 2.01 1.08
3.7e+03 3 2.01 1.08
3.7e+03 3 2.01 1.08
3.7e+03 3 2.01 1.08
3.7e+03 3 2.01 1.08
3.71e+03 3 2.01 1.08
3.71e+03 3 2.01 1.08
3.71e+03 3 2.01 1.08
3.71e+03 3 2.01 1.08
3.71e+03 3 2.01 1.08
3.71e+03 3 2.01 1.08
3.71e+03 3 2.01 1.08
3.71e+03 3 2.01 1.08
3.71e+03 3 2.01 1.08
3.72e+03 3 2.01 1.08
3.72e+03 3 2.01 1.08
3.72e+03 3 2.01 1.08
3.72e+03 3 2.01 1.08
3.72e+03 3 2.01 1.08
3.72e+03 3 2.01 1.08
3.72e+03 3 2.01 1.08
3.72e+03 3 2.01 1.08
3.72e+03 3 2.01 1.08
3.72e+03 3 2.01 1.08
3.72e+03 3 2.01 1.08
3.73e+03 3 2.01 1.08
3.73e+03 3 2.01 1.08
3.73e+03 3 2.01 1.08
3.73e+03 3 2.01 1.08
3.73e+03 3 2.01 1.08
3.73e+03 3 2.01 1.08
3.73e+03 3 2.01 1.08
3.73e+03 3 2.01 1.08
3.73e+03 3 2.01 1.08
3.74e+03 3 2.01 1.08
3.74e+03 3 2.01 1.08
3.74e+03 3 2.01 1.08
3.74e+03 3 2.01 1.08
3.74e+03 3 2.01 1.08
3.74e+03 3 2.01 1.08
3.74e+03 3 2.01 1.08
3.74e+03 3 2.01 1.08
3.74e+03 3 2.01 1.08
3.74e+03 3 2.01 1.08
3.74e+03 3 2.01 1.08
3.75e+03 3 2.01 1.08
3.75e+03 3 2.01 1.08
3.75e+03 3 2.01 1.08
3.75e+03 3 2.01 1.08
3.75e+03 3 2.01 1.08
3.75e+03 3 2.01 1.08
3.75e+03 3 2.01 1.08
3.75e+03 3 2.01 1.08
3.75e+03 3 2.01 1.08
3.76e+03 3 2.01 1.08
3.76e+03 3 2.01 1.08
3.76e+03 3 2.01 1.08
3.76e+03 3 2.01 1.08
3.76e+03 3 2.01 1.08
3.76e+03 3 2.01 1.08
3.76e+03 3 2.01 1.08
3.76e+03 3 2.01 1.08
3.76e+03 3 2.01 1.08
3.76e+03 3 2.01 1.08
3.76e+03 3 2.01 1.08
3.77e+03 3 2.01 1.08
3.77e+03 3 2.01 1.08
3.77e+03 3 2.01 1.08
3.77e+03 3 2.01 1.08
3.77e+03 3 2.01 1.08
3.77e+03 3 2.01 1.07
3.77e+03 3 2.01 1.07
3.77e+03 3 2.01 1.07
3.77e+03 3 2.01 1.07
3.78e+03 3 2.01 1.08
3.78e+03 3 2.01 1.08
3.78e+03 3 2.01 1.08
3.78e+03 3 2.01 1.08
3.78e+03 3 2.01 1.08
3.78e+03 3 2.01 1.08
3.78e+03 3 2.01 1.08
3.78e+03 3 2.01 1.08
3.78e+03 3 2.01 1.08
3.78e+03 3 2.01 1.08
3.78e+03 3 2.01 1.07
3.79e+03 3 2.01 1.07
3.79e+03 3 2.01 1.07
3.79e+03 3 2.01 1.07
3.79e+03 3 2.01 1.07
3.79e+03 3 2.01 1.07
3.79e+03 3 2.01 1.07
3.79e+03 3 2.01 1.07
3.79e+03 3 2.01 1.07
3.79e+03 3 2.01 1.07
3.8e+03 3 2.01 1.07
3.8e+03 3 2.01 1.07
3.8e+03 3 2.01 1.07
3.8e+03 3 2.01 1.07
3.8e+03 3 2.01 1.07
3.8e+03 3 2.01 1.07
3.8e+03 3 2.01 1.07
3.8e+03 3 2.01 1.07
3.8e+03 3 2.01 1.07
3.8e+03 3 2.01 1.07
3.8e+03 3 2.01 1.07
3.81e+03 3 2.01 1.07
3.81e+03 3 2.01 1.07
3.81e+03 3 2.01 1.07
3.81e+03 3 2.01 1.07
3.81e+03 3 2.01 1.07
3.81e+03 3 2.01 1.07
3.81e+03 3 2.01 1.07
3.81e+03 3 2.01 1.07
3.81e+03 3 2.01 1.07
3.82e+03 3 2.01 1.07
3.82e+03 3 2.01 1.07
3.82e+03 3 2.01 1.07
3.82e+03 3 2.01 1.07
3.82e+03 3 2.01 1.07
3.82e+03 3 2.01 1.07
3.82e+03 3 2.01 1.07
3.82e+03 3 2.01 1.07
3.82e+03 3 2.01 1.07
3.82e+03 3 2.01 1.07
3.82e+03 3 2.01 1.07
3.83e+03 3 2.01 1.07
3.83e+03 3 2.01 1.07
3.83e+03 3 2.01 1.07
3.83e+03 3 2.01 1.07
3.83e+03 3 2.01 1.07
3.83e+03 3 2.01 1.07
3.83e+03 3 2.01 1.07
3.83e+03 3 2.01 1.07
3.83e+03 3 2.01 1.07
3.84e+03 3 2.01 1.08
3.84e+03 3 2.01 1.08
3.84e+03 3 2.01 1.08
3.84e+03 3 2.01 1.08
3.84e+03 3 2.01 1.08
3.84e+03 3 2.01 1.07
3.84e+03 3 2.01 1.07
3.84e+03 3 2.01 1.07
3.84e+03 3 2.01 1.07
3.84e+03 3 2.01 1.07
3.84e+03 3 2.01 1.08
3.85e+03 3 2.01 1.08
3.85e+03 3 2.01 1.08
3.85e+03 3 2.01 1.08
3.85e+03 3 2.01 1.08
3.85e+03 3 2.01 1.08
3.85e+03 3 2.01 1.08
3.85e+03 3 2.01 1.08
3.85e+03 3 2.01 1.08
3.85e+03 3 2.01 1.08
3.86e+03 3 2.01 1.08
3.86e+03 3 2.01 1.08
3.86e+03 3 2.01 1.08
3.86e+03 3 2.01 1.08
3.86e+03 3 2.01 1.08
3.86e+03 3 2.01 1.08
3.86e+03 3 2.01 1.08
3.86e+03 3 2.01 1.08
3.86e+03 3 2.01 1.08
3.86e+03 3 2.01 1.08
3.86e+03 3 2.01 1.08
3.87e+03 3 2.01 1.08
3.87e+03 3 2.01 1.08
3.87e+03 3 2.01 1.08
3.87e+03 3 2.01 1.08
3.87e+03 3 2.01 1.08
3.87e+03 3 2.01 1.08
3.87e+03 3 2.01 1.08
3.87e+03 3 2.01 1.08
3.87e+03 3 2.01 1.08
3.88e+03 3 2.01 1.08
3.88e+03 3 2.01 1.08
3.88e+03 3 2.01 1.08
3.88e+03 3 2.01 1.08
3.88e+03 3 2.01 1.08
3.88e+03 3 2.01 1.08
3.88e+03 3 2.01 1.08
3.88e+03 3 2.01 1.08
3.88e+03 3 2.01 1.08
3.88e+03 3 2.01 1.08
3.88e+03 3 2.01 1.08
3.89e+03 3 2.01 1.08
3.89e+03 3 2.01 1.08
3.89e+03 3 2.01 1.08
3.89e+03 3 2.01 1.08
3.89e+03 3 2.01 1.08
3.89e+03 3 2.01 1.08
3.89e+03 3 2.01 1.08
3.89e+03 3 2.01 1.08
3.89e+03 3 2.01 1.08
3.9e+03 3 2.01 1.08
3.9e+03 3 2.01 1.08
3.9e+03 3 2.01 1.08
3.9e+03 3 2.01 1.08
3.9e+03 3 2.01 1.08
3.9e+03 3 2.01 1.08
3.9e+03 3 2.01 1.08
3.9e+03 3 2.01 1.08
3.9e+03 3 2.01 1.08
3.9e+03 3 2.01 1.08
3.9e+03 3 2.01 1.08
3.91e+03 3 2.01 1.08
3.91e+03 3 2.01 1.08
3.91e+03 3 2.01 1.08
3.91e+03 3 2.01 1.08
3.91e+03 3 2.01 1.08
3.91e+03 3 2.01 1.08
3.91e+03 3 2.01 1.08
3.91e+03 3 2.01 1.08
3.91e+03 3 2.01 1.08
3.92e+03 3 2.01 1.08
3.92e+03 3 2.01 1.08
3.92e+03 3 2.01 1.08
3.92e+03 3 2.01 1.08
3.92e+03 3 2.01 1.08
3.92e+03 3 2.01 1.08
3.92e+03 3 2.01 1.08
3.92e+03 3 2.01 1.08
3.92e+03 3 2.01 1.08
3.92e+03 3 2.01 1.08
3.92e+03 3 2.01 1.08
3.93e+03 3 2.02 1.08
3.93e+03 3 2.02 1.08
3.93e+03 3 2.02 1.08
3.93e+03 3 2.02 1.08
3.93e+03 3 2.02 1.08
3.93e+03 3 2.02 1.08
3.93e+03 3 2.02 1.08
3.93e+03 3 2.02 1.08
3.93e+03 3 2.02 1.08
3.94e+03 3 2.02 1.08
3.94e+03 3 2.01 1.08
3.94e+03 3 2.01 1.08
3.94e+03 3 2.01 1.08
3.94e+03 3 2.01 1.08
3.94e+03 3 2.01 1.08
3.94e+03 3 2.01 1.08
3.94e+03 3 2.01 1.08
3.94e+03 3 2.01 1.08
3.94e+03 3 2.01 1.08
3.94e+03 3 2.01 1.08
3.95e+03 3 2.01 1.08
3.95e+03 3 2.01 1.08
3.95e+03 3 2.01 1.08
3.95e+03 3 2.01 1.08
3.95e+03 3 2.01 1.08
3.95e+03 3 2.01 1.08
3.95e+03 3 2.01 1.08
3.95e+03 3 2.01 1.08
3.95e+03 3 2.01 1.08
3.96e+03 3 2.01 1.08
3.96e+03 3 2.01 1.08
3.96e+03 3 2.01 1.08
3.96e+03 3 2.01 1.08
3.96e+03 3 2.01 1.08
3.96e+03 3 2.01 1.08
3.96e+03 3 2.01 1.08
3.96e+03 3 2.01 1.08
3.96e+03 3 2.01 1.08
3.96e+03 3 2.01 1.08
3.96e+03 3 2.01 1.08
3.97e+03 3 2 1.08
3.97e+03 3 2 1.08
3.97e+03 3 2 1.08
3.97e+03 3 2 1.08
3.97e+03 3 2 1.08
3.97e+03 3 2 1.08
3.97e+03 3 2 1.08
3.97e+03 3 2 1.08
3.97e+03 3 2 1.08
3.98e+03 3 2 1.08
3.98e+03 3 2 1.08
3.98e+03 3 2 1.08
3.98e+03 3 2 1.08
3.98e+03 3 2 1.08
3.98e+03 3 2 1.08
3.98e+03 3 2 1.08
3.98e+03 3 2 1.08
3.98e+03 3 2 1.08
3.98e+03 3 2 1.08
3.98e+03 3 2 1.08
3.99e+03 3 2 1.08
3.99e+03 3 2 1.08
3.99e+03 3 2 1.08
3.99e+03 3 2 1.08
3.99e+03 3 2 1.08
3.99e+03 3 2 1.08
3.99e+03 3 2 1.08
3.99e+03 3 2 1.08
3.99e+03 3 2 1.08
4e+03 3 2 1.08
4e+03 3 2 1.08
4e+03 3 2 1.08
4e+03 3 2 1.08
4e+03 3 2 1.08
4e+03 3 2 1.08
4e+03 3 2 1.08
4e+03 3 2 1.08
4e+03 3 2 1.08
4e+03 3 2 1.08
4e+03 3 2 1.08
4.01e+03 3 2 1.08
4.01e+03 3 2 1.08
4.01e+03 3 2 1.08
4.01e+03 3 2 1.08
4.01e+03 3 2 1.08
4.01e+03 3 2 1.08
4.01e+03 3 2 1.08
4.01e+03 3 2 1.08
4.01e+03 3 2 1.08
4.02e+03 3 2.01 1.08
4.02e+03 3 2.01 1.08
4.02e+03 3 2.01 1.08
4.02e+03 3 2.01 1.08
4.02e+03 3 2 1.08
4.02e+03 3 2 1.08
4.02e+03 3 2 1.08
4.02e+03 3 2 1.08
4.02e+03 3 2 1.08
4.02e+03 3 2 1.08
4.02e+03 3 2 1.08
4.03e+03 3 2 1.08
4.03e+03 3 2.01 1.08
4.03e+03 3 2.01 1.08
4.03e+03 3 2.01 1.07
4.03e+03 3 2.01 1.07
4.03e+03 3 2.01 1.07
4.03e+03 3 2.01 1.08
4.03e+03 3 2.01 1.08
4.03e+03 3 2.01 1.08
4.04e+03 3 2.01 1.08
4.04e+03 3 2.01 1.08
4.04e+03 3 2.01 1.08
4.04e+03 3 2.01 1.08
4.04e+03 3 2.01 1.08
4.04e+03 3 2.01 1.08
4.04e+03 3 2 1.08
4.04e+03 3 2 1.08
4.04e+03 3 2 1.08
4.04e+03 3 2 1.07
4.04e+03 3 2.01 1.07
4.05e+03 3 2.01 1.07
4.05e+03 3 2.01 1.07
4.05e+03 3 2.01 1.07
4.05e+03 3 2 1.07
4.05e+03 3 2 1.07
4.05e+03 3 2 1.07
4.05e+03 3 2 1.07
4.05e+03 3 2 1.07
4.05e+03 3 2 1.08
4.06e+03 3 2 1.08
4.06e+03 3 2 1.08
4.06e+03 3 2 1.08
4.06e+03 3 2 1.08
4.06e+03 3 2 1.07
4.06e+03 3 2 1.07
4.06e+03 3 2 1.07
4.06e+03 3 2 1.07
4.06e+03 3 2 1.07
4.06e+03 3 2 1.07
4.06e+03 3 2 1.07
4.07e+03 3 2 1.07
4.07e+03 3 2 1.07
4.07e+03 3 2 1.07
4.07e+03 3 2 1.07
4.07e+03 3 2 1.07
4.07e+03 3 2 1.07
4.07e+03 3 2 1.07
4.07e+03 3 2 1.08
4.07e+03 3 2 1.08
4.08e+03 3 2 1.07
4.08e+03 3 2 1.07
4.08e+03 3 2 1.07
4.08e+03 3 2 1.07
4.08e+03 3 2 1.07
4.08e+03 3 2 1.07
4.08e+03 3 2 1.07
4.08e+03 3 2 1.07
4.08e+03 3 2 1.07
4.08e+03 3 2 1.07
4.08e+03 3 2 1.07
4.09e+03 3 2 1.08
4.09e+03 3 2 1.08
4.09e+03 3 2.01 1.08
4.09e+03 3 2.01 1.08
4.09e+03 3 2 1.08
4.09e+03 3 2.01 1.08
4.09e+03 3 2.01 1.08
4.09e+03 3 2.01 1.08
4.09e+03 3 2 1.08
4.1e+03 3 2 1.08
4.1e+03 3 2 1.08
4.1e+03 3 2 1.08
4.1e+03 3 2 1.08
4.1e+03 3 2 1.08
4.1e+03 3 2 1.08
4.1e+03 3 2 1.08
4.1e+03 3 2 1.08
4.1e+03 3 2 1.08
4.1e+03 3 2 1.08
4.1e+03 3 2 1.08
4.11e+03 3 2 1.08
4.11e+03 3 2 1.08
4.11e+03 3 2 1.08
4.11e+03 3 2 1.08
4.11e+03 3 2 1.08
4.11e+03 3 2 1.08
4.11e+03 3 2 1.08
4.11e+03 3 2 1.08
4.11e+03 3 2 1.08
4.12e+03 3 2 1.08
4.12e+03 3 2 1.08
4.12e+03 3 2 1.08
4.12e+03 3 2 1.08
4.12e+03 3 2 1.08
4.12e+03 3 2 1.08
4.12e+03 3 2 1.07
4.12e+03 3 2 1.07
4.12e+03 3 2 1.07
4.12e+03 3 2 1.07
4.12e+03 3 2 1.07
4.13e+03 3 2 1.07
4.13e+03 3 2 1.07
4.13e+03 3 2 1.07
4.13e+03 3 2 1.07
4.13e+03 3 2 1.07
4.13e+03 3 2 1.08
4.13e+03 3 2 1.07
4.13e+03 3 2 1.07
4.13e+03 3 2 1.07
4.14e+03 3 2 1.07
4.14e+03 3 2 1.07
4.14e+03 3 2 1.07
4.14e+03 3 2 1.07
4.14e+03 3 2 1.07
4.14e+03 3 2 1.07
4.14e+03 3 2 1.07
4.14e+03 3 2 1.07
4.14e+03 3 2 1.07
4.14e+03 3 1.99 1.07
4.14e+03 3 1.99 1.07
4.15e+03 3 1.99 1.07
4.15e+03 3 2 1.07
4.15e+03 3 2 1.07
4.15e+03 3 2 1.07
4.15e+03 3 2 1.07
4.15e+03 3 2 1.07
4.15e+03 3 2 1.07
4.15e+03 3 2 1.07
4.15e+03 3 2 1.07
4.16e+03 3 2 1.07
4.16e+03 3 1.99 1.07
4.16e+03 3 1.99 1.07
4.16e+03 3 1.99 1.07
4.16e+03 3 2 1.07
4.16e+03 3 2 1.07
4.16e+03 3 2 1.07
4.16e+03 3 2 1.07
4.16e+03 3 1.99 1.07
4.16e+03 3 1.99 1.07
4.16e+03 3 2 1.07
4.17e+03 3 1.99 1.07
4.17e+03 3 2 1.07
4.17e+03 3 2 1.07
4.17e+03 3 2 1.07
4.17e+03 3 2 1.07
4.17e+03 3 2 1.07
4.17e+03 3 2 1.07
4.17e+03 3 2 1.07
4.17e+03 3 1.99 1.07
4.18e+03 3 1.99 1.07
4.18e+03 3 1.99 1.07
4.18e+03 3 1.99 1.07
4.18e+03 3 1.99 1.07
4.18e+03 3 1.99 1.07
4.18e+03 3 1.99 1.07
4.18e+03 3 1.99 1.07
4.18e+03 3 1.99 1.07
4.18e+03 3 1.99 1.07
4.18e+03 3 1.99 1.07
4.18e+03 3 1.99 1.07
4.19e+03 3 1.99 1.07
4.19e+03 3 1.99 1.07
4.19e+03 3 1.99 1.07
4.19e+03 3 1.99 1.07
4.19e+03 3 1.99 1.07
4.19e+03 3 1.99 1.07
4.19e+03 3 1.99 1.07
4.19e+03 3 1.99 1.07
4.19e+03 3 1.99 1.07
4.2e+03 3 1.99 1.07
4.2e+03 3 1.99 1.07
4.2e+03 3 1.99 1.07
4.2e+03 3 1.99 1.07
4.2e+03 3 1.99 1.07
4.2e+03 3 1.99 1.07
4.2e+03 3 1.99 1.07
4.2e+03 3 1.99 1.07
4.2e+03 3 1.99 1.07
4.2e+03 3 1.99 1.07
4.2e+03 3 1.99 1.07
4.21e+03 3 1.99 1.07
4.21e+03 3 1.99 1.07
4.21e+03 3 1.99 1.07
4.21e+03 3 1.99 1.07
4.21e+03 3 1.99 1.07
4.21e+03 3 1.99 1.07
4.21e+03 3 1.99 1.07
4.21e+03 3 1.99 1.07
4.21e+03 3 1.99 1.07
4.22e+03 3 1.99 1.07
4.22e+03 3 1.99 1.07
4.22e+03 3 1.99 1.07
4.22e+03 3 1.99 1.07
4.22e+03 3 1.99 1.07
4.22e+03 3 1.99 1.07
4.22e+03 3 1.99 1.07
4.22e+03 3 1.99 1.07
4.22e+03 3 1.99 1.07
4.22e+03 3 1.99 1.07
4.22e+03 3 1.99 1.07
4.23e+03 3 1.99 1.07
4.23e+03 3 1.99 1.07
4.23e+03 3 1.99 1.06
4.23e+03 3 1.99 1.06
4.23e+03 3 1.99 1.06
4.23e+03 3 1.98 1.06
4.23e+03 3 1.98 1.07
4.23e+03 3 1.98 1.06
4.23e+03 3 1.98 1.06
4.24e+03 3 1.98 1.06
4.24e+03 3 1.98 1.06
4.24e+03 3 1.98 1.06
4.24e+03 3 1.98 1.06
4.24e+03 3 1.98 1.06
4.24e+03 3 1.98 1.06
4.24e+03 3 1.98 1.06
4.24e+03 3 1.98 1.06
4.24e+03 3 1.98 1.06
4.24e+03 3 1.98 1.06
4.24e+03 3 1.98 1.06
4.25e+03 3 1.98 1.06
4.25e+03 3 1.98 1.06
4.25e+03 3 1.98 1.06
4.25e+03 3 1.98 1.06
4.25e+03 3 1.98 1.06
4.25e+03 3 1.98 1.06
4.25e+03 3 1.98 1.06
4.25e+03 3 1.98 1.06
4.25e+03 3 1.98 1.06
4.26e+03 3 1.98 1.06
4.26e+03 3 1.98 1.06
4.26e+03 3 1.98 1.06
4.26e+03 3 1.98 1.06
4.26e+03 3 1.98 1.06
4.26e+03 3 1.98 1.06
4.26e+03 3 1.98 1.06
4.26e+03 3 1.98 1.06
4.26e+03 3 1.98 1.06
4.26e+03 3 1.98 1.06
4.26e+03 3 1.98 1.06
4.27e+03 3 1.98 1.06
4.27e+03 3 1.98 1.06
4.27e+03 3 1.98 1.06
4.27e+03 3 1.98 1.06
4.27e+03 3 1.98 1.06
4.27e+03 3 1.98 1.06
4.27e+03 3 1.98 1.06
4.27e+03 3 1.98 1.06
4.27e+03 3 1.98 1.06
4.28e+03 3 1.98 1.06
4.28e+03 3 1.98 1.06
4.28e+03 3 1.98 1.06
4.28e+03 3 1.98 1.06
4.28e+03 3 1.98 1.06
4.28e+03 3 1.98 1.06
4.28e+03 3 1.98 1.05
4.28e+03 3 1.98 1.05
4.28e+03 3 1.98 1.05
4.28e+03 3 1.98 1.06
4.28e+03 3 1.98 1.06
4.29e+03 3 1.98 1.05
4.29e+03 3 1.98 1.05
4.29e+03 3 1.98 1.05
4.29e+03 3 1.98 1.05
4.29e+03 3 1.98 1.05
4.29e+03 3 1.98 1.05
4.29e+03 3 1.98 1.05
4.29e+03 3 1.98 1.05
4.29e+03 3 1.98 1.05
4.3e+03 3 1.98 1.05
4.3e+03 3 1.98 1.05
4.3e+03 3 1.98 1.05
4.3e+03 3 1.98 1.05
4.3e+03 3 1.98 1.05
4.3e+03 3 1.98 1.05
4.3e+03 3 1.98 1.05
4.3e+03 3 1.98 1.05
4.3e+03 3 1.98 1.05
4.3e+03 3 1.98 1.05
4.3e+03 3 1.98 1.05
4.31e+03 3 1.98 1.05
4.31e+03 3 1.98 1.05
4.31e+03 3 1.98 1.05
4.31e+03 3 1.98 1.05
4.31e+03 3 1.98 1.05
4.31e+03 3 1.98 1.05
4.31e+03 3 1.98 1.05
4.31e+03 3 1.99 1.05
4.31e+03 3 1.99 1.06
4.32e+03 3 1.98 1.05
4.32e+03 3 1.98 1.06
4.32e+03 3 1.98 1.06
4.32e+03 3 1.98 1.06
4.32e+03 3 1.98 1.06
4.32e+03 3 1.98 1.06
4.32e+03 3 1.98 1.06
4.32e+03 3 1.98 1.06
4.32e+03 3 1.98 1.06
4.32e+03 3 1.99 1.06
4.32e+03 3 1.99 1.06
4.33e+03 3 1.99 1.06
4.33e+03 3 1.99 1.06
4.33e+03 3 1.99 1.06
4.33e+03 3 1.99 1.06
4.33e+03 3 1.99 1.06
4.33e+03 3 1.99 1.06
4.33e+03 3 1.98 1.06
4.33e+03 3 1.98 1.06
4.33e+03 3 1.98 1.06
4.34e+03 3 1.98 1.06
4.34e+03 3 1.98 1.06
4.34e+03 3 1.98 1.06
4.34e+03 3 1.98 1.06
4.34e+03 3 1.99 1.06
4.34e+03 3 1.99 1.06
4.34e+03 3 1.98 1.06
4.34e+03 3 1.98 1.06
4.34e+03 3 1.98 1.05
4.34e+03 3 1.99 1.06
4.34e+03 3 1.99 1.06
4.35e+03 3 1.99 1.06
4.35e+03 3 1.99 1.06
4.35e+03 3 1.99 1.06
4.35e+03 3 1.99 1.06
4.35e+03 3 1.99 1.06
4.35e+03 3 1.99 1.06
4.35e+03 3 1.99 1.06
4.35e+03 3 1.99 1.06
4.35e+03 3 1.99 1.06
4.36e+03 3 1.99 1.06
4.36e+03 3 1.98 1.06
4.36e+03 3 1.98 1.06
4.36e+03 3 1.98 1.06
4.36e+03 3 1.98 1.06
4.36e+03 3 1.98 1.06
4.36e+03 3 1.98 1.06
4.36e+03 3 1.98 1.06
4.36e+03 3 1.98 1.06
4.36e+03 3 1.98 1.06
4.36e+03 3 1.98 1.06
4.37e+03 3 1.98 1.06
4.37e+03 3 1.98 1.06
4.37e+03 3 1.98 1.06
4.37e+03 3 1.98 1.06
4.37e+03 3 1.98 1.06
4.37e+03 3 1.98 1.06
4.37e+03 3 1.98 1.06
4.37e+03 3 1.98 1.06
4.37e+03 3 1.98 1.06
4.38e+03 3 1.98 1.06
4.38e+03 3 1.98 1.06
4.38e+03 3 1.98 1.06
4.38e+03 3 1.98 1.06
4.38e+03 3 1.98 1.06
4.38e+03 3 1.98 1.06
4.38e+03 3 1.98 1.06
4.38e+03 3 1.98 1.06
4.38e+03 3 1.98 1.06
4.38e+03 3 1.98 1.06
4.38e+03 3 1.98 1.06
4.39e+03 3 1.98 1.06
4.39e+03 3 1.98 1.06
4.39e+03 3 1.98 1.06
4.39e+03 3 1.98 1.06
4.39e+03 3 1.98 1.06
4.39e+03 3 1.98 1.06
4.39e+03 3 1.98 1.06
4.39e+03 3 1.98 1.06
4.39e+03 3 1.98 1.06
4.4e+03 3 1.98 1.06
4.4e+03 3 1.98 1.06
4.4e+03 3 1.98 1.06
4.4e+03 3 1.98 1.06
4.4e+03 3 1.98 1.06
4.4e+03 3 1.98 1.06
4.4e+03 3 1.98 1.06
4.4e+03 3 1.98 1.06
4.4e+03 3 1.98 1.06
4.4e+03 3 1.98 1.06
4.4e+03 3 1.98 1.06
4.41e+03 3 1.98 1.06
4.41e+03 3 1.98 1.06
4.41e+03 3 1.98 1.06
4.41e+03 3 1.98 1.06
4.41e+03 3 1.98 1.06
4.41e+03 3 1.98 1.06
4.41e+03 3 1.98 1.06
4.41e+03 3 1.98 1.06
4.41e+03 3 1.98 1.06
4.42e+03 3 1.98 1.06
4.42e+03 3 1.98 1.06
4.42e+03 3 1.98 1.06
4.42e+03 3 1.98 1.06
4.42e+03 3 1.98 1.06
4.42e+03 3 1.98 1.06
4.42e+03 3 1.98 1.06
4.42e+03 3 1.98 1.06
4.42e+03 3 1.98 1.06
4.42e+03 3 1.98 1.06
4.42e+03 3 1.98 1.06
4.43e+03 3 1.98 1.06
4.43e+03 3 1.98 1.06
4.43e+03 3 1.98 1.06
4.43e+03 3 1.98 1.06
4.43e+03 3 1.98 1.06
4.43e+03 3 1.98 1.06
4.43e+03 3 1.98 1.06
4.43e+03 3 1.98 1.06
4.43e+03 3 1.98 1.06
4.44e+03 3 1.98 1.06
4.44e+03 3 1.98 1.06
4.44e+03 3 1.98 1.06
4.44e+03 3 1.98 1.06
4.44e+03 3 1.98 1.06
4.44e+03 3 1.98 1.06
4.44e+03 3 1.98 1.06
4.44e+03 3 1.98 1.06
4.44e+03 3 1.98 1.06
4.44e+03 3 1.98 1.06
4.44e+03 3 1.98 1.06
4.45e+03 3 1.98 1.06
4.45e+03 3 1.98 1.06
4.45e+03 3 1.98 1.06
4.45e+03 3 1.98 1.06
4.45e+03 3 1.98 1.06
4.45e+03 3 1.98 1.06
4.45e+03 3 1.98 1.06
4.45e+03 3 1.98 1.06
4.45e+03 3 1.98 1.06
4.46e+03 3 1.98 1.06
4.46e+03 3 1.98 1.06
4.46e+03 3 1.98 1.06
4.46e+03 3 1.98 1.06
4.46e+03 3 1.98 1.06
4.46e+03 3 1.98 1.06
4.46e+03 3 1.98 1.06
4.46e+03 3 1.98 1.06
4.46e+03 3 1.98 1.06
4.46e+03 3 1.98 1.06
4.46e+03 3 1.98 1.06
4.47e+03 3 1.98 1.06
4.47e+03 3 1.98 1.06
4.47e+03 3 1.98 1.06
4.47e+03 3 1.98 1.06
4.47e+03 3 1.98 1.06
4.47e+03 3 1.98 1.06
4.47e+03 3 1.98 1.06
4.47e+03 3 1.98 1.06
4.47e+03 3 1.98 1.06
4.48e+03 3 1.98 1.05
4.48e+03 3 1.98 1.05
4.48e+03 3 1.98 1.06
4.48e+03 3 1.98 1.06
4.48e+03 3 1.98 1.06
4.48e+03 3 1.98 1.06
4.48e+03 3 1.98 1.06
4.48e+03 3 1.98 1.06
4.48e+03 3 1.98 1.06
4.48e+03 3 1.98 1.06
4.48e+03 3 1.98 1.06
4.49e+03 3 1.98 1.06
4.49e+03 3 1.98 1.06
4.49e+03 3 1.98 1.06
4.49e+03 3 1.98 1.06
4.49e+03 3 1.98 1.06
4.49e+03 3 1.98 1.06
4.49e+03 3 1.98 1.06
4.49e+03 3 1.98 1.06
4.49e+03 3 1.98 1.06
4.5e+03 3 1.98 1.06
4.5e+03 3 1.98 1.06
4.5e+03 3 1.98 1.06
4.5e+03 3 1.98 1.06
4.5e+03 3 1.98 1.06
4.5e+03 3 1.98 1.06
4.5e+03 3 1.98 1.06
4.5e+03 3 1.98 1.06
4.5e+03 3 1.98 1.06
4.5e+03 3 1.98 1.06
4.5e+03 3 1.98 1.06
4.51e+03 3 1.98 1.06
4.51e+03 3 1.98 1.06
4.51e+03 3 1.98 1.06
4.51e+03 3 1.98 1.06
4.51e+03 3 1.98 1.06
4.51e+03 3 1.98 1.06
4.51e+03 3 1.98 1.06
4.51e+03 3 1.98 1.06
4.51e+03 3 1.98 1.06
4.52e+03 3 1.98 1.06
4.52e+03 3 1.98 1.05
4.52e+03 3 1.98 1.05
4.52e+03 3 1.98 1.05
4.52e+03 3 1.98 1.06
4.52e+03 3 1.98 1.06
4.52e+03 3 1.98 1.06
4.52e+03 3 1.98 1.06
4.52e+03 3 1.98 1.06
4.52e+03 3 1.98 1.06
4.52e+03 3 1.98 1.06
4.53e+03 3 1.98 1.06
4.53e+03 3 1.98 1.06
4.53e+03 3 1.98 1.06
4.53e+03 3 1.98 1.06
4.53e+03 3 1.98 1.06
4.53e+03 3 1.98 1.06
4.53e+03 3 1.98 1.06
4.53e+03 3 1.98 1.05
4.53e+03 3 1.98 1.05
4.54e+03 3 1.98 1.05
4.54e+03 3 1.98 1.05
4.54e+03 3 1.98 1.05
4.54e+03 3 1.98 1.05
4.54e+03 3 1.98 1.05
4.54e+03 3 1.98 1.05
4.54e+03 3 1.98 1.05
4.54e+03 3 1.98 1.05
4.54e+03 3 1.98 1.05
4.54e+03 3 1.98 1.05
4.54e+03 3 1.98 1.05
4.55e+03 3 1.97 1.05
4.55e+03 3 1.97 1.05
4.55e+03 3 1.98 1.05
4.55e+03 3 1.97 1.05
4.55e+03 3 1.98 1.05
4.55e+03 3 1.98 1.05
4.55e+03 3 1.98 1.05
4.55e+03 3 1.98 1.05
4.55e+03 3 1.98 1.05
4.56e+03 3 1.98 1.06
4.56e+03 3 1.98 1.05
4.56e+03 3 1.98 1.05
4.56e+03 3 1.98 1.05
4.56e+03 3 1.98 1.05
4.56e+03 3 1.98 1.06
4.56e+03 3 1.98 1.06
4.56e+03 3 1.98 1.06
4.56e+03 3 1.98 1.06
4.56e+03 3 1.98 1.05
4.56e+03 3 1.97 1.05
4.57e+03 3 1.97 1.06
4.57e+03 3 1.97 1.06
4.57e+03 3 1.97 1.06
4.57e+03 3 1.97 1.05
4.57e+03 3 1.97 1.05
4.57e+03 3 1.97 1.05
4.57e+03 3 1.97 1.06
4.57e+03 3 1.97 1.06
4.57e+03 3 1.98 1.06
4.58e+03 3 1.98 1.06
4.58e+03 3 1.98 1.06
4.58e+03 3 1.98 1.06
4.58e+03 3 1.98 1.06
4.58e+03 3 1.97 1.06
4.58e+03 3 1.98 1.06
4.58e+03 3 1.98 1.06
4.58e+03 3 1.98 1.05
4.58e+03 3 1.98 1.05
4.58e+03 3 1.98 1.05
4.58e+03 3 1.98 1.06
4.59e+03 3 1.98 1.06
4.59e+03 3 1.98 1.06
4.59e+03 3 1.98 1.06
4.59e+03 3 1.98 1.06
4.59e+03 3 1.98 1.05
4.59e+03 3 1.98 1.05
4.59e+03 3 1.98 1.05
4.59e+03 3 1.98 1.05
4.59e+03 3 1.98 1.05
4.6e+03 3 1.98 1.05
4.6e+03 3 1.98 1.05
4.6e+03 3 1.98 1.05
4.6e+03 3 1.98 1.05
4.6e+03 3 1.98 1.05
4.6e+03 3 1.98 1.05
4.6e+03 3 1.98 1.05
4.6e+03 3 1.98 1.05
4.6e+03 3 1.98 1.05
4.6e+03 3 1.98 1.05
4.6e+03 3 1.98 1.05
4.61e+03 3 1.98 1.05
4.61e+03 3 1.98 1.05
4.61e+03 3 1.98 1.05
4.61e+03 3 1.98 1.05
4.61e+03 3 1.98 1.05
4.61e+03 3 1.98 1.05
4.61e+03 3 1.98 1.05
4.61e+03 3 1.98 1.05
4.61e+03 3 1.98 1.05
4.62e+03 3 1.98 1.05
4.62e+03 3 1.98 1.05
4.62e+03 3 1.98 1.05
4.62e+03 3 1.98 1.05
4.62e+03 3 1.98 1.05
4.62e+03 3 1.98 1.05
4.62e+03 3 1.98 1.05
4.62e+03 3 1.98 1.05
4.62e+03 3 1.98 1.05
4.62e+03 3 1.98 1.05
4.62e+03 3 1.98 1.05
4.63e+03 3 1.98 1.05
4.63e+03 3 1.98 1.05
4.63e+03 3 1.98 1.05
4.63e+03 3 1.98 1.05
4.63e+03 3 1.98 1.05
4.63e+03 3 1.98 1.05
4.63e+03 3 1.98 1.05
4.63e+03 3 1.98 1.05
4.63e+03 3 1.98 1.05
4.64e+03 3 1.98 1.05
4.64e+03 3 1.98 1.05
4.64e+03 3 1.98 1.05
4.64e+03 3 1.98 1.05
4.64e+03 3 1.98 1.05
4.64e+03 3 1.98 1.05
4.64e+03 3 1.98 1.05
4.64e+03 3 1.98 1.05
4.64e+03 3 1.98 1.05
4.64e+03 3 1.98 1.05
4.64e+03 3 1.98 1.05
4.65e+03 3 1.98 1.05
4.65e+03 3 1.98 1.05
4.65e+03 3 1.98 1.05
4.65e+03 3 1.98 1.05
4.65e+03 3 1.98 1.05
4.65e+03 3 1.98 1.05
4.65e+03 3 1.98 1.05
4.65e+03 3 1.98 1.05
4.65e+03 3 1.98 1.05
4.66e+03 3 1.98 1.05
4.66e+03 3 1.98 1.05
4.66e+03 3 1.98 1.05
4.66e+03 3 1.98 1.05
4.66e+03 3 1.98 1.05
4.66e+03 3 1.98 1.05
4.66e+03 3 1.98 1.05
4.66e+03 3 1.98 1.05
4.66e+03 3 1.98 1.05
4.66e+03 3 1.98 1.05
4.66e+03 3 1.98 1.05
4.67e+03 3 1.98 1.05
4.67e+03 3 1.98 1.05
4.67e+03 3 1.98 1.05
4.67e+03 3 1.98 1.05
4.67e+03 3 1.98 1.05
4.67e+03 3 1.98 1.05
4.67e+03 3 1.98 1.05
4.67e+03 3 1.98 1.05
4.67e+03 3 1.98 1.05
4.68e+03 3 1.98 1.05
4.68e+03 3 1.98 1.05
4.68e+03 3 1.98 1.05
4.68e+03 3 1.98 1.05
4.68e+03 3 1.98 1.05
4.68e+03 3 1.98 1.05
4.68e+03 3 1.98 1.05
4.68e+03 3 1.98 1.05
4.68e+03 3 1.98 1.05
4.68e+03 3 1.98 1.05
4.68e+03 3 1.98 1.05
4.69e+03 3 1.98 1.05
4.69e+03 3 1.98 1.05
4.69e+03 3 1.98 1.05
4.69e+03 3 1.98 1.05
4.69e+03 3 1.98 1.05
4.69e+03 3 1.98 1.05
4.69e+03 3 1.98 1.05
4.69e+03 3 1.98 1.05
4.69e+03 3 1.98 1.06
4.7e+03 3 1.98 1.05
4.7e+03 3 1.98 1.05
4.7e+03 3 1.97 1.05
4.7e+03 3 1.98 1.05
4.7e+03 3 1.98 1.05
4.7e+03 3 1.98 1.05
4.7e+03 3 1.98 1.05
4.7e+03 3 1.98 1.05
4.7e+03 3 1.98 1.05
4.7e+03 3 1.98 1.05
4.7e+03 3 1.98 1.05
4.71e+03 3 1.98 1.05
4.71e+03 3 1.98 1.05
4.71e+03 3 1.98 1.05
4.71e+03 3 1.98 1.05
4.71e+03 3 1.98 1.05
4.71e+03 3 1.98 1.05
4.71e+03 3 1.98 1.05
4.71e+03 3 1.98 1.05
4.71e+03 3 1.98 1.05
4.72e+03 3 1.98 1.05
4.72e+03 3 1.98 1.05
4.72e+03 3 1.98 1.05
4.72e+03 3 1.98 1.05
4.72e+03 3 1.98 1.05
4.72e+03 3 1.98 1.05
4.72e+03 3 1.98 1.05
4.72e+03 3 1.98 1.05
4.72e+03 3 1.98 1.05
4.72e+03 3 1.98 1.05
4.72e+03 3 1.98 1.05
4.73e+03 3 1.98 1.05
4.73e+03 3 1.98 1.05
4.73e+03 3 1.98 1.05
4.73e+03 3 1.98 1.05
4.73e+03 3 1.98 1.05
4.73e+03 3 1.99 1.05
4.73e+03 3 1.98 1.05
4.73e+03 3 1.98 1.05
4.73e+03 3 1.99 1.05
4.74e+03 3 1.98 1.05
4.74e+03 3 1.98 1.05
4.74e+03 3 1.98 1.05
4.74e+03 3 1.98 1.05
4.74e+03 3 1.98 1.05
4.74e+03 3 1.98 1.05
4.74e+03 3 1.98 1.05
4.74e+03 3 1.98 1.05
4.74e+03 3 1.98 1.05
4.74e+03 3 1.99 1.05
4.74e+03 3 1.99 1.05
4.75e+03 3 1.98 1.05
4.75e+03 3 1.98 1.05
4.75e+03 3 1.98 1.05
4.75e+03 3 1.98 1.05
4.75e+03 3 1.98 1.05
4.75e+03 3 1.98 1.05
4.75e+03 3 1.98 1.05
4.75e+03 3 1.98 1.05
4.75e+03 3 1.98 1.05
4.76e+03 3 1.98 1.05
4.76e+03 3 1.98 1.05
4.76e+03 3 1.98 1.05
4.76e+03 3 1.98 1.05
4.76e+03 3 1.98 1.05
4.76e+03 3 1.98 1.05
4.76e+03 3 1.98 1.05
4.76e+03 3 1.98 1.05
4.76e+03 3 1.98 1.05
4.76e+03 3 1.98 1.05
4.76e+03 3 1.98 1.05
4.77e+03 3 1.98 1.05
4.77e+03 3 1.98 1.05
4.77e+03 3 1.98 1.05
4.77e+03 3 1.98 1.05
4.77e+03 3 1.98 1.05
4.77e+03 3 1.98 1.05
4.77e+03 3 1.98 1.05
4.77e+03 3 1.98 1.05
4.77e+03 3 1.98 1.05
4.78e+03 3 1.98 1.05
4.78e+03 3 1.99 1.05
4.78e+03 3 1.99 1.05
4.78e+03 3 1.99 1.05
4.78e+03 3 1.99 1.05
4.78e+03 3 1.99 1.05
4.78e+03 3 1.99 1.05
4.78e+03 3 1.99 1.05
4.78e+03 3 1.99 1.05
4.78e+03 3 1.99 1.05
4.78e+03 3 1.99 1.05
4.79e+03 3 1.99 1.05
4.79e+03 3 1.99 1.05
4.79e+03 3 1.99 1.05
4.79e+03 3 1.99 1.05
4.79e+03 3 1.99 1.05
4.79e+03 3 1.99 1.05
4.79e+03 3 1.99 1.05
4.79e+03 3 1.99 1.05
4.79e+03 3 1.99 1.05
4.8e+03 3 1.99 1.05
4.8e+03 3 1.99 1.05
4.8e+03 3 1.99 1.05
4.8e+03 3 1.99 1.05
4.8e+03 3 1.99 1.05
4.8e+03 3 1.99 1.05
4.8e+03 3 1.99 1.05
4.8e+03 3 1.99 1.05
4.8e+03 3 1.99 1.05
4.8e+03 3 1.99 1.05
4.8e+03 3 1.99 1.05
4.81e+03 3 1.99 1.05
4.81e+03 3 1.99 1.05
4.81e+03 3 1.98 1.05
4.81e+03 3 1.98 1.05
4.81e+03 3 1.98 1.05
4.81e+03 3 1.98 1.05
4.81e+03 3 1.98 1.05
4.81e+03 3 1.98 1.05
4.81e+03 3 1.99 1.05
4.82e+03 3 1.98 1.05
4.82e+03 3 1.98 1.05
4.82e+03 3 1.98 1.05
4.82e+03 3 1.98 1.05
4.82e+03 3 1.98 1.05
4.82e+03 3 1.98 1.05
4.82e+03 3 1.98 1.05
4.82e+03 3 1.98 1.05
4.82e+03 3 1.98 1.05
4.82e+03 3 1.98 1.05
4.82e+03 3 1.98 1.05
4.83e+03 3 1.99 1.05
4.83e+03 3 1.99 1.05
4.83e+03 3 1.99 1.05
4.83e+03 3 1.99 1.05
4.83e+03 3 1.99 1.05
4.83e+03 3 1.98 1.05
4.83e+03 3 1.98 1.05
4.83e+03 3 1.98 1.05
4.83e+03 3 1.98 1.05
4.84e+03 3 1.99 1.05
4.84e+03 3 1.99 1.05
4.84e+03 3 1.98 1.05
4.84e+03 3 1.99 1.05
4.84e+03 3 1.99 1.05
4.84e+03 3 1.99 1.05
4.84e+03 3 1.99 1.05
4.84e+03 3 1.99 1.05
4.84e+03 3 1.99 1.05
4.84e+03 3 1.99 1.05
4.84e+03 3 1.99 1.05
4.85e+03 3 1.98 1.05
4.85e+03 3 1.98 1.05
4.85e+03 3 1.98 1.05
4.85e+03 3 1.99 1.05
4.85e+03 3 1.99 1.05
4.85e+03 3 1.99 1.05
4.85e+03 3 1.99 1.05
4.85e+03 3 1.99 1.05
4.85e+03 3 1.99 1.05
4.86e+03 3 1.98 1.05
4.86e+03 3 1.98 1.05
4.86e+03 3 1.98 1.05
4.86e+03 3 1.98 1.05
4.86e+03 3 1.98 1.05
4.86e+03 3 1.98 1.05
4.86e+03 3 1.98 1.05
4.86e+03 3 1.98 1.05
4.86e+03 3 1.98 1.05
4.86e+03 3 1.98 1.05
4.86e+03 3 1.98 1.05
4.87e+03 3 1.99 1.05
4.87e+03 3 1.99 1.05
4.87e+03 3 1.99 1.05
4.87e+03 3 1.99 1.05
4.87e+03 3 1.99 1.05
4.87e+03 3 1.99 1.05
4.87e+03 3 1.98 1.05
4.87e+03 3 1.98 1.05
4.87e+03 3 1.98 1.05
4.88e+03 3 1.98 1.05
4.88e+03 3 1.98 1.05
4.88e+03 3 1.98 1.05
4.88e+03 3 1.98 1.05
4.88e+03 3 1.98 1.05
4.88e+03 3 1.98 1.05
4.88e+03 3 1.98 1.05
4.88e+03 3 1.98 1.05
4.88e+03 3 1.98 1.05
4.88e+03 3 1.98 1.05
4.88e+03 3 1.98 1.05
4.89e+03 3 1.98 1.05
4.89e+03 3 1.98 1.05
4.89e+03 3 1.98 1.05
4.89e+03 3 1.98 1.05
4.89e+03 3 1.98 1.05
4.89e+03 3 1.98 1.05
4.89e+03 3 1.98 1.05
4.89e+03 3 1.98 1.05
4.89e+03 3 1.98 1.05
4.9e+03 3 1.98 1.05
4.9e+03 3 1.98 1.05
4.9e+03 3 1.98 1.05
4.9e+03 3 1.98 1.05
4.9e+03 3 1.98 1.05
4.9e+03 3 1.98 1.05
4.9e+03 3 1.98 1.05
4.9e+03 3 1.98 1.05
4.9e+03 3 1.98 1.05
4.9e+03 3 1.98 1.05
4.9e+03 3 1.98 1.05
4.91e+03 3 1.98 1.05
4.91e+03 3 1.98 1.05
4.91e+03 3 1.98 1.05
4.91e+03 3 1.98 1.05
4.91e+03 3 1.98 1.05
4.91e+03 3 1.98 1.05
4.91e+03 3 1.98 1.05
4.91e+03 3 1.98 1.05
4.91e+03 3 1.98 1.05
4.92e+03 3 1.98 1.05
4.92e+03 3 1.98 1.05
4.92e+03 3 1.98 1.05
4.92e+03 3 1.98 1.05
4.92e+03 3 1.97 1.05
4.92e+03 3 1.97 1.05
4.92e+03 3 1.97 1.05
4.92e+03 3 1.97 1.05
4.92e+03 3 1.97 1.05
4.92e+03 3 1.97 1.05
4.92e+03 3 1.97 1.05
4.93e+03 3 1.97 1.05
4.93e+03 3 1.97 1.05
4.93e+03 3 1.98 1.05
4.93e+03 3 1.98 1.05
4.93e+03 3 1.97 1.05
4.93e+03 3 1.98 1.05
4.93e+03 3 1.98 1.05
4.93e+03 3 1.98 1.05
4.93e+03 3 1.98 1.05
4.94e+03 3 1.98 1.05
4.94e+03 3 1.98 1.05
4.94e+03 3 1.98 1.06
4.94e+03 3 1.98 1.06
4.94e+03 3 1.98 1.06
4.94e+03 3 1.98 1.06
4.94e+03 3 1.98 1.06
4.94e+03 3 1.98 1.06
4.94e+03 3 1.98 1.05
4.94e+03 3 1.98 1.05
4.94e+03 3 1.98 1.05
4.95e+03 3 1.98 1.05
4.95e+03 3 1.98 1.05
4.95e+03 3 1.98 1.05
4.95e+03 3 1.98 1.05
4.95e+03 3 1.98 1.05
4.95e+03 3 1.98 1.05
4.95e+03 3 1.98 1.05
4.95e+03 3 1.98 1.05
4.95e+03 3 1.98 1.05
4.96e+03 3 1.98 1.05
4.96e+03 3 1.98 1.05
4.96e+03 3 1.98 1.05
4.96e+03 3 1.98 1.05
4.96e+03 3 1.98 1.05
4.96e+03 3 1.98 1.05
4.96e+03 3 1.98 1.05
4.96e+03 3 1.98 1.05
4.96e+03 3 1.98 1.05
4.96e+03 3 1.98 1.05
4.96e+03 3 1.98 1.05
4.97e+03 3 1.98 1.05
4.97e+03 3 1.98 1.05
4.97e+03 3 1.98 1.05
4.97e+03 3 1.98 1.05
4.97e+03 3 1.98 1.05
4.97e+03 3 1.98 1.05
4.97e+03 3 1.98 1.05
4.97e+03 3 1.98 1.05
4.97e+03 3 1.98 1.05
4.98e+03 3 1.98 1.05
4.98e+03 3 1.98 1.05
4.98e+03 3 1.98 1.05
4.98e+03 3 1.98 1.05
4.98e+03 3 1.98 1.05
4.98e+03 3 1.98 1.05
4.98e+03 3 1.98 1.05
4.98e+03 3 1.98 1.05
4.98e+03 3 1.98 1.05
4.98e+03 3 1.98 1.05
4.98e+03 3 1.98 1.05
4.99e+03 3 1.98 1.05
4.99e+03 3 1.98 1.05
4.99e+03 3 1.98 1.05
4.99e+03 3 1.98 1.05
4.99e+03 3 1.98 1.05
4.99e+03 3 1.98 1.05
4.99e+03 3 1.98 1.05
4.99e+03 3 1.98 1.05
4.99e+03 3 1.98 1.05
5e+03 3 1.98 1.05
5e+03 3 1.98 1.05
5e+03 3 1.98 1.05
5e+03 3 1.98 1.05
5e+03 3 1.98 1.05
5e+03 3 1.98 1.05
