  
10 2 0.786
11 2 1.95
12 2 1.68
13 2 3.2
14 2 2.97
15 2 2.96
16 2 3.08
17 2 3.28
18 2 2.76
19 2 2.73
20 2 3.04
21 2 3.32
22 2 3.21
23 2 3.44
24 2 3.45
25 2 3.65
26 2 3.51
27 2 3.56
28 2 3.56
29 2 3.54
30 2 3.44
31 2 3.26
32 2 3.21
33 2 3.17
34 2 3.22
35 2 3.2
36 2 3.23
37 2 3.31
38 2 3.28
39 2 3.34
40 2 3.28
41 2 3.12
42 2 3.14
43 2 3.15
44 2 3.03
45 2 3.01
46 2 3.04
47 2 3.13
48 2 3.31
49 2 3.34
50 2 3.34
51 2 3.33
52 2 3.31
53 2 3.28
54 2 3.23
55 2 3.21
56 2 3.23
57 2 3.2
58 2 3.23
59 2 3.25
60 2 3.27
61 2 3.23
62 2 3.37
63 2 3.39
64 2 3.38
65 2 3.46
66 2 3.42
67 2 3.35
68 2 3.36
69 2 3.39
70 2 3.4
71 2 3.33
72 2 3.38
73 2 3.35
74 2 3.38
75 2 3.4
76 2 3.4
77 2 3.41
78 2 3.38
79 2 3.32
80 2 3.32
81 2 3.33
82 2 3.27
83 2 3.26
84 2 3.24
85 2 3.24
86 2 3.25
87 2 3.25
88 2 3.26
89 2 3.23
90 2 3.24
91 2 3.23
92 2 3.21
93 2 3.17
94 2 3.13
95 2 3.16
96 2 3.15
97 2 3.05
98 2 2.96
99 2 2.95
100 2 2.94
101 2 2.95
102 2 2.96
103 2 2.96
104 2 2.96
105 2 2.97
106 2 2.94
107 2 2.95
108 2 2.91
109 2 2.93
110 2 2.93
111 2 2.92
112 2 2.94
113 2 2.93
114 2 2.95
115 2 3.01
116 2 3.01
117 2 2.96
118 2 2.96
119 2 2.95
120 2 2.95
121 2 2.97
122 2 2.97
123 2 2.97
124 2 2.97
125 2 2.98
126 2 2.97
127 2 2.95
128 2 2.95
129 2 2.94
130 2 2.95
131 2 2.95
132 2 2.93
133 2 2.95
134 2 2.92
135 2 2.92
136 2 2.92
137 2 2.93
138 2 2.93
139 2 2.92
140 2 2.92
141 2 2.92
142 2 2.92
143 2 2.93
144 2 2.94
145 2 2.96
146 2 2.99
147 2 3
148 2 3
149 2 2.99
150 2 3
151 2 3
152 2 2.98
153 2 2.96
154 2 2.96
155 2 2.95
156 2 2.96
157 2 2.94
158 2 2.93
159 2 2.93
160 2 2.92
161 2 2.92
162 2 2.91
163 2 2.92
164 2 2.92
165 2 2.9
166 2 2.9
167 2 2.89
168 2 2.9
169 2 2.92
170 2 2.91
171 2 2.91
172 2 2.91
173 2 2.91
174 2 2.92
175 2 2.91
176 2 2.91
177 2 2.91
178 2 2.91
179 2 2.92
180 2 2.91
181 2 2.91
182 2 2.93
183 2 2.93
184 2 2.93
185 2 2.93
186 2 2.94
187 2 2.95
188 2 2.94
189 2 2.92
190 2 2.92
191 2 2.92
192 2 2.93
193 2 2.93
194 2 2.93
195 2 2.92
196 2 2.91
197 2 2.9
198 2 2.89
199 2 2.89
200 2 2.9
201 2 2.91
202 2 2.92
203 2 2.93
204 2 2.93
205 2 2.94
206 2 2.93
207 2 2.93
208 2 2.94
209 2 2.94
210 2 2.95
211 2 2.95
212 2 2.95
213 2 2.96
214 2 2.96
215 2 2.96
216 2 2.97
217 2 2.97
218 2 2.97
219 2 2.97
220 2 2.98
221 2 2.97
222 2 2.97
223 2 2.96
224 2 2.96
225 2 2.96
226 2 2.96
227 2 2.97
228 2 2.98
229 2 2.96
230 2 2.98
231 2 2.98
232 2 2.98
233 2 2.98
234 2 2.98
235 2 2.98
236 2 2.98
237 2 2.98
238 2 2.97
239 2 2.96
240 2 3
241 2 2.99
242 2 2.99
243 2 2.99
244 2 2.99
245 2 2.98
246 2 2.96
247 2 2.96
248 2 2.94
249 2 2.94
250 2 2.94
251 2 2.91
252 2 2.92
253 2 2.92
254 2 2.92
255 2 2.92
256 2 2.91
257 2 2.91
258 2 2.91
259 2 2.9
260 2 2.9
261 2 2.9
262 2 2.9
263 2 2.9
264 2 2.91
265 2 2.9
266 2 2.9
267 2 2.9
268 2 2.9
269 2 2.91
270 2 2.91
271 2 2.91
272 2 2.91
273 2 2.91
274 2 2.9
275 2 2.9
276 2 2.91
277 2 2.91
278 2 2.91
279 2 2.91
280 2 2.92
281 2 2.92
282 2 2.92
283 2 2.93
284 2 2.93
285 2 2.93
286 2 2.93
287 2 2.94
288 2 2.94
289 2 2.94
290 2 2.95
291 2 2.94
292 2 2.94
293 2 2.94
294 2 2.94
295 2 2.95
296 2 2.94
297 2 2.94
298 2 2.94
299 2 2.93
300 2 2.93
301 2 2.93
302 2 2.93
303 2 2.93
304 2 2.93
305 2 2.93
306 2 2.93
307 2 2.93
308 2 2.92
309 2 2.92
310 2 2.92
311 2 2.92
312 2 2.91
313 2 2.92
314 2 2.93
315 2 2.92
316 2 2.94
317 2 2.94
318 2 2.94
319 2 2.94
320 2 2.94
321 2 2.94
322 2 2.94
323 2 2.95
324 2 2.95
325 2 2.96
326 2 2.96
327 2 2.95
328 2 2.96
329 2 2.95
330 2 2.95
331 2 2.95
332 2 2.95
333 2 2.95
334 2 2.95
335 2 2.95
336 2 2.95
337 2 2.95
338 2 2.95
339 2 2.95
340 2 2.94
341 2 2.94
342 2 2.95
343 2 2.95
344 2 2.94
345 2 2.94
346 2 2.94
347 2 2.94
348 2 2.93
349 2 2.93
350 2 2.93
351 2 2.93
352 2 2.93
353 2 2.92
354 2 2.91
355 2 2.91
356 2 2.91
357 2 2.9
358 2 2.89
359 2 2.88
360 2 2.87
361 2 2.86
362 2 2.87
363 2 2.85
364 2 2.85
365 2 2.85
366 2 2.86
367 2 2.86
368 2 2.86
369 2 2.86
370 2 2.87
371 2 2.87
372 2 2.87
373 2 2.87
374 2 2.87
375 2 2.87
376 2 2.87
377 2 2.87
378 2 2.86
379 2 2.87
380 2 2.87
381 2 2.87
382 2 2.87
383 2 2.87
384 2 2.87
385 2 2.87
386 2 2.87
387 2 2.87
388 2 2.87
389 2 2.87
390 2 2.87
391 2 2.87
392 2 2.87
393 2 2.86
394 2 2.86
395 2 2.88
396 2 2.88
397 2 2.88
398 2 2.88
399 2 2.88
400 2 2.88
401 2 2.88
402 2 2.88
403 2 2.88
404 2 2.91
405 2 2.92
406 2 2.91
407 2 2.91
408 2 2.91
409 2 2.91
410 2 2.91
411 2 2.91
412 2 2.91
413 2 2.91
414 2 2.91
415 2 2.91
416 2 2.91
417 2 2.91
418 2 2.9
419 2 2.9
420 2 2.91
421 2 2.9
422 2 2.89
423 2 2.89
424 2 2.89
425 2 2.89
426 2 2.89
427 2 2.89
428 2 2.89
429 2 2.89
430 2 2.89
431 2 2.89
432 2 2.89
433 2 2.89
434 2 2.89
435 2 2.88
436 2 2.88
437 2 2.89
438 2 2.89
439 2 2.89
440 2 2.89
441 2 2.89
442 2 2.89
443 2 2.91
444 2 2.91
445 2 2.91
446 2 2.91
447 2 2.91
448 2 2.91
449 2 2.93
450 2 2.92
451 2 2.92
452 2 2.92
453 2 2.92
454 2 2.92
455 2 2.92
456 2 2.94
457 2 2.94
458 2 2.94
459 2 2.94
460 2 2.94
461 2 2.94
462 2 2.94
463 2 2.94
464 2 2.94
465 2 2.94
466 2 2.94
467 2 2.94
468 2 2.94
469 2 2.94
470 2 2.94
471 2 2.94
472 2 2.94
473 2 2.94
474 2 2.94
475 2 2.94
476 2 2.95
477 2 2.95
478 2 2.95
479 2 2.95
480 2 2.94
481 2 2.94
482 2 2.94
483 2 2.94
484 2 2.95
485 2 2.95
486 2 2.95
487 2 2.95
488 2 2.95
489 2 2.95
490 2 2.95
491 2 2.95
492 2 2.96
493 2 2.96
494 2 2.96
495 2 2.96
496 2 2.96
497 2 2.96
498 2 2.96
499 2 2.97
500 2 2.97
501 2 2.97
502 2 2.97
503 2 2.97
504 2 2.97
505 2 2.97
506 2 2.98
507 2 2.97
508 2 2.98
509 2 2.98
510 2 2.98
511 2 2.98
512 2 2.98
513 2 2.99
514 2 2.99
515 2 2.99
516 2 2.99
517 2 2.99
518 2 2.99
519 2 2.99
520 2 2.99
521 2 2.99
522 2 2.99
523 2 2.98
524 2 2.97
525 2 2.96
526 2 2.97
527 2 2.97
528 2 2.97
529 2 2.97
530 2 2.97
531 2 2.97
532 2 2.97
533 2 2.97
534 2 2.97
535 2 2.97
536 2 2.97
537 2 2.97
538 2 2.97
539 2 2.96
540 2 2.95
541 2 2.95
542 2 2.95
543 2 2.96
544 2 2.96
545 2 2.96
546 2 2.96
547 2 2.96
548 2 2.97
549 2 2.97
550 2 2.98
551 2 2.97
552 2 2.97
553 2 2.97
554 2 2.97
555 2 2.96
556 2 2.96
557 2 2.96
558 2 2.96
559 2 2.97
560 2 2.97
561 2 2.97
562 2 2.97
563 2 2.97
564 2 2.97
565 2 2.97
566 2 2.97
567 2 2.97
568 2 2.97
569 2 2.97
570 2 2.97
571 2 2.96
572 2 2.96
573 2 2.96
574 2 2.96
575 2 2.96
576 2 2.96
577 2 2.96
578 2 2.96
579 2 2.96
580 2 2.95
581 2 2.96
582 2 2.95
583 2 2.95
584 2 2.95
585 2 2.95
586 2 2.94
587 2 2.94
588 2 2.95
589 2 2.94
590 2 2.95
591 2 2.94
592 2 2.94
593 2 2.93
594 2 2.93
595 2 2.93
596 2 2.93
597 2 2.94
598 2 2.94
599 2 2.93
600 2 2.93
601 2 2.93
602 2 2.92
603 2 2.92
604 2 2.92
605 2 2.92
606 2 2.93
607 2 2.93
608 2 2.93
609 2 2.93
610 2 2.94
611 2 2.94
612 2 2.94
613 2 2.94
614 2 2.94
615 2 2.94
616 2 2.93
617 2 2.93
618 2 2.93
619 2 2.94
620 2 2.94
621 2 2.95
622 2 2.94
623 2 2.95
624 2 2.95
625 2 2.95
626 2 2.95
627 2 2.95
628 2 2.95
629 2 2.95
630 2 2.95
631 2 2.95
632 2 2.95
633 2 2.95
634 2 2.95
635 2 2.95
636 2 2.95
637 2 2.95
638 2 2.95
639 2 2.95
640 2 2.95
641 2 2.95
642 2 2.95
643 2 2.95
644 2 2.94
645 2 2.94
646 2 2.94
647 2 2.94
648 2 2.94
649 2 2.94
650 2 2.94
651 2 2.93
652 2 2.93
653 2 2.93
654 2 2.93
655 2 2.93
656 2 2.93
657 2 2.94
658 2 2.94
659 2 2.94
660 2 2.94
661 2 2.94
662 2 2.94
663 2 2.94
664 2 2.94
665 2 2.94
666 2 2.94
667 2 2.95
668 2 2.95
669 2 2.95
670 2 2.95
671 2 2.95
672 2 2.95
673 2 2.96
674 2 2.96
675 2 2.96
676 2 2.96
677 2 2.96
678 2 2.96
679 2 2.96
680 2 2.96
681 2 2.96
682 2 2.96
683 2 2.96
684 2 2.96
685 2 2.96
686 2 2.98
687 2 2.98
688 2 2.98
689 2 2.98
690 2 2.97
691 2 2.97
692 2 2.98
693 2 2.98
694 2 2.98
695 2 2.98
696 2 2.98
697 2 2.98
698 2 2.98
699 2 2.98
700 2 2.98
701 2 2.97
702 2 2.96
703 2 2.95
704 2 2.96
705 2 2.97
706 2 2.97
707 2 2.97
708 2 2.97
709 2 2.97
710 2 2.98
711 2 2.98
712 2 2.99
713 2 2.98
714 2 2.98
715 2 2.98
716 2 2.98
717 2 2.98
718 2 2.98
719 2 2.97
720 2 2.97
721 2 2.97
722 2 2.97
723 2 2.97
724 2 2.97
725 2 2.97
726 2 2.97
727 2 2.97
728 2 2.97
729 2 2.97
730 2 2.97
731 2 2.97
732 2 2.97
733 2 2.97
734 2 2.97
735 2 2.97
736 2 2.97
737 2 2.98
738 2 2.99
739 2 2.98
740 2 2.98
741 2 2.98
742 2 2.97
743 2 2.97
744 2 2.97
745 2 2.97
746 2 2.97
747 2 2.97
748 2 2.97
749 2 2.96
750 2 2.96
751 2 2.96
752 2 2.96
753 2 2.96
754 2 2.96
755 2 2.95
756 2 2.96
757 2 2.95
758 2 2.95
759 2 2.95
760 2 2.96
761 2 2.95
762 2 2.95
763 2 2.96
764 2 2.95
765 2 2.95
766 2 2.95
767 2 2.96
768 2 2.97
769 2 2.97
770 2 2.97
771 2 2.98
772 2 2.98
773 2 2.98
774 2 2.98
775 2 2.98
776 2 2.98
777 2 2.98
778 2 2.98
779 2 2.98
780 2 2.98
781 2 2.99
782 2 2.99
783 2 2.99
784 2 2.99
785 2 2.99
786 2 2.99
787 2 2.99
788 2 2.99
789 2 2.99
790 2 2.99
791 2 2.99
792 2 3
793 2 2.99
794 2 2.99
795 2 2.98
796 2 2.99
797 2 2.99
798 2 2.99
799 2 2.99
800 2 2.99
801 2 2.99
802 2 2.99
803 2 2.99
804 2 2.99
805 2 3
806 2 3
807 2 3
808 2 3
809 2 3
810 2 3
811 2 3
812 2 3
813 2 3
814 2 3.01
815 2 3
816 2 3
817 2 3
818 2 3
819 2 3
820 2 3
821 2 3
822 2 3
823 2 3.01
824 2 3
825 2 3
826 2 3
827 2 3
828 2 3
829 2 3
830 2 3
831 2 3
832 2 3
833 2 3
834 2 3
835 2 3
836 2 3
837 2 3
838 2 3
839 2 3
840 2 3
841 2 3
842 2 3
843 2 3
844 2 2.99
845 2 2.99
846 2 2.99
847 2 2.99
848 2 3
849 2 2.99
850 2 2.99
851 2 2.99
852 2 2.99
853 2 2.99
854 2 2.98
855 2 2.99
856 2 2.99
857 2 2.98
858 2 2.98
859 2 2.98
860 2 2.98
861 2 2.98
862 2 2.98
863 2 2.98
864 2 2.98
865 2 2.98
866 2 2.98
867 2 2.97
868 2 2.96
869 2 2.97
870 2 2.98
871 2 2.98
872 2 2.98
873 2 2.98
874 2 2.98
875 2 2.98
876 2 2.98
877 2 2.98
878 2 2.99
879 2 2.99
880 2 2.99
881 2 2.99
882 2 2.98
883 2 2.98
884 2 2.98
885 2 2.98
886 2 2.98
887 2 2.98
888 2 2.98
889 2 2.98
890 2 2.98
891 2 2.98
892 2 2.98
893 2 2.98
894 2 2.98
895 2 2.97
896 2 2.97
897 2 2.97
898 2 2.97
899 2 2.97
900 2 2.97
901 2 2.97
902 2 2.98
903 2 2.98
904 2 2.97
905 2 2.97
906 2 2.97
907 2 2.97
908 2 2.97
909 2 2.97
910 2 2.98
911 2 2.98
912 2 2.98
913 2 2.97
914 2 2.97
915 2 2.97
916 2 2.97
917 2 2.97
918 2 2.97
919 2 2.97
920 2 2.97
921 2 2.96
922 2 2.97
923 2 2.97
924 2 2.97
925 2 2.97
926 2 2.97
927 2 2.97
928 2 2.97
929 2 2.97
930 2 2.97
931 2 2.97
932 2 2.97
933 2 2.97
934 2 2.97
935 2 2.97
936 2 2.97
937 2 2.97
938 2 2.97
939 2 2.97
940 2 2.97
941 2 2.97
942 2 2.97
943 2 2.97
944 2 2.97
945 2 2.97
946 2 2.98
947 2 2.97
948 2 2.97
949 2 2.97
950 2 2.97
951 2 2.97
952 2 2.97
953 2 2.97
954 2 2.97
955 2 2.98
956 2 2.98
957 2 2.98
958 2 2.98
959 2 2.98
960 2 2.98
961 2 2.97
962 2 2.98
963 2 2.98
964 2 2.98
965 2 2.98
966 2 2.98
967 2 2.99
968 2 2.99
969 2 2.99
970 2 2.99
971 2 2.99
972 2 2.99
973 2 2.99
974 2 2.99
975 2 2.99
976 2 2.99
977 2 2.99
978 2 2.99
979 2 2.98
980 2 2.99
981 2 2.99
982 2 2.99
983 2 2.99
984 2 2.99
985 2 2.99
986 2 2.99
987 2 2.99
988 2 2.99
989 2 3
990 2 3
991 2 3
992 2 3
993 2 3
994 2 2.99
995 2 2.99
996 2 2.99
997 2 2.99
998 2 2.99
999 2 2.99
1e+03 2 2.99
1e+03 2 2.99
1e+03 2 2.99
1e+03 2 2.99
1e+03 2 2.99
1e+03 2 2.99
1.01e+03 2 2.99
1.01e+03 2 2.99
1.01e+03 2 2.99
1.01e+03 2 2.99
1.01e+03 2 2.99
1.01e+03 2 2.99
1.01e+03 2 3
1.01e+03 2 3.01
1.01e+03 2 3.01
1.02e+03 2 3.02
1.02e+03 2 3.01
1.02e+03 2 3.01
1.02e+03 2 3.02
1.02e+03 2 3.02
1.02e+03 2 3.03
1.02e+03 2 3.03
1.02e+03 2 3.03
1.02e+03 2 3.03
1.02e+03 2 3.03
1.02e+03 2 3.03
1.03e+03 2 3.03
1.03e+03 2 3.03
1.03e+03 2 3.03
1.03e+03 2 3.03
1.03e+03 2 3.03
1.03e+03 2 3.03
1.03e+03 2 3.03
1.03e+03 2 3.03
1.03e+03 2 3.03
1.04e+03 2 3.03
1.04e+03 2 3.04
1.04e+03 2 3.04
1.04e+03 2 3.04
1.04e+03 2 3.04
1.04e+03 2 3.04
1.04e+03 2 3.04
1.04e+03 2 3.04
1.04e+03 2 3.04
1.04e+03 2 3.04
1.04e+03 2 3.04
1.05e+03 2 3.05
1.05e+03 2 3.05
1.05e+03 2 3.05
1.05e+03 2 3.05
1.05e+03 2 3.05
1.05e+03 2 3.05
1.05e+03 2 3.05
1.05e+03 2 3.05
1.05e+03 2 3.05
1.06e+03 2 3.05
1.06e+03 2 3.05
1.06e+03 2 3.05
1.06e+03 2 3.04
1.06e+03 2 3.04
1.06e+03 2 3.04
1.06e+03 2 3.04
1.06e+03 2 3.04
1.06e+03 2 3.04
1.06e+03 2 3.04
1.06e+03 2 3.04
1.07e+03 2 3.04
1.07e+03 2 3.04
1.07e+03 2 3.04
1.07e+03 2 3.04
1.07e+03 2 3.04
1.07e+03 2 3.04
1.07e+03 2 3.04
1.07e+03 2 3.04
1.07e+03 2 3.03
1.08e+03 2 3.03
1.08e+03 2 3.03
1.08e+03 2 3.03
1.08e+03 2 3.03
1.08e+03 2 3.03
1.08e+03 2 3.03
1.08e+03 2 3.03
1.08e+03 2 3.04
1.08e+03 2 3.04
1.08e+03 2 3.04
1.08e+03 2 3.04
1.09e+03 2 3.04
1.09e+03 2 3.04
1.09e+03 2 3.04
1.09e+03 2 3.05
1.09e+03 2 3.05
1.09e+03 2 3.06
1.09e+03 2 3.06
1.09e+03 2 3.06
1.09e+03 2 3.05
1.1e+03 2 3.05
1.1e+03 2 3.05
1.1e+03 2 3.05
1.1e+03 2 3.05
1.1e+03 2 3.05
1.1e+03 2 3.05
1.1e+03 2 3.05
1.1e+03 2 3.05
1.1e+03 2 3.05
1.1e+03 2 3.05
1.1e+03 2 3.05
1.11e+03 2 3.05
1.11e+03 2 3.05
1.11e+03 2 3.05
1.11e+03 2 3.05
1.11e+03 2 3.06
1.11e+03 2 3.06
1.11e+03 2 3.06
1.11e+03 2 3.07
1.11e+03 2 3.07
1.12e+03 2 3.07
1.12e+03 2 3.07
1.12e+03 2 3.07
1.12e+03 2 3.06
1.12e+03 2 3.07
1.12e+03 2 3.07
1.12e+03 2 3.07
1.12e+03 2 3.07
1.12e+03 2 3.07
1.12e+03 2 3.07
1.12e+03 2 3.07
1.13e+03 2 3.07
1.13e+03 2 3.07
1.13e+03 2 3.06
1.13e+03 2 3.06
1.13e+03 2 3.06
1.13e+03 2 3.07
1.13e+03 2 3.06
1.13e+03 2 3.06
1.13e+03 2 3.06
1.14e+03 2 3.07
1.14e+03 2 3.07
1.14e+03 2 3.07
1.14e+03 2 3.07
1.14e+03 2 3.07
1.14e+03 2 3.07
1.14e+03 2 3.07
1.14e+03 2 3.06
1.14e+03 2 3.06
1.14e+03 2 3.06
1.14e+03 2 3.06
1.15e+03 2 3.06
1.15e+03 2 3.06
1.15e+03 2 3.07
1.15e+03 2 3.07
1.15e+03 2 3.07
1.15e+03 2 3.07
1.15e+03 2 3.07
1.15e+03 2 3.07
1.15e+03 2 3.06
1.16e+03 2 3.07
1.16e+03 2 3.07
1.16e+03 2 3.06
1.16e+03 2 3.06
1.16e+03 2 3.06
1.16e+03 2 3.06
1.16e+03 2 3.06
1.16e+03 2 3.06
1.16e+03 2 3.06
1.16e+03 2 3.06
1.16e+03 2 3.06
1.17e+03 2 3.06
1.17e+03 2 3.06
1.17e+03 2 3.06
1.17e+03 2 3.06
1.17e+03 2 3.05
1.17e+03 2 3.05
1.17e+03 2 3.06
1.17e+03 2 3.05
1.17e+03 2 3.06
1.18e+03 2 3.05
1.18e+03 2 3.05
1.18e+03 2 3.05
1.18e+03 2 3.06
1.18e+03 2 3.06
1.18e+03 2 3.06
1.18e+03 2 3.06
1.18e+03 2 3.06
1.18e+03 2 3.06
1.18e+03 2 3.06
1.18e+03 2 3.06
1.19e+03 2 3.06
1.19e+03 2 3.06
1.19e+03 2 3.06
1.19e+03 2 3.06
1.19e+03 2 3.06
1.19e+03 2 3.06
1.19e+03 2 3.06
1.19e+03 2 3.06
1.19e+03 2 3.06
1.2e+03 2 3.06
1.2e+03 2 3.06
1.2e+03 2 3.06
1.2e+03 2 3.06
1.2e+03 2 3.06
1.2e+03 2 3.06
1.2e+03 2 3.06
1.2e+03 2 3.06
1.2e+03 2 3.06
1.2e+03 2 3.06
1.2e+03 2 3.06
1.21e+03 2 3.06
1.21e+03 2 3.06
1.21e+03 2 3.06
1.21e+03 2 3.06
1.21e+03 2 3.06
1.21e+03 2 3.06
1.21e+03 2 3.06
1.21e+03 2 3.06
1.21e+03 2 3.06
1.22e+03 2 3.06
1.22e+03 2 3.06
1.22e+03 2 3.06
1.22e+03 2 3.07
1.22e+03 2 3.06
1.22e+03 2 3.07
1.22e+03 2 3.07
1.22e+03 2 3.06
1.22e+03 2 3.06
1.22e+03 2 3.06
1.22e+03 2 3.06
1.23e+03 2 3.06
1.23e+03 2 3.06
1.23e+03 2 3.06
1.23e+03 2 3.06
1.23e+03 2 3.06
1.23e+03 2 3.06
1.23e+03 2 3.06
1.23e+03 2 3.06
1.23e+03 2 3.05
1.24e+03 2 3.05
1.24e+03 2 3.06
1.24e+03 2 3.05
1.24e+03 2 3.05
1.24e+03 2 3.05
1.24e+03 2 3.05
1.24e+03 2 3.05
1.24e+03 2 3.05
1.24e+03 2 3.05
1.24e+03 2 3.04
1.24e+03 2 3.05
1.25e+03 2 3.05
1.25e+03 2 3.04
1.25e+03 2 3.04
1.25e+03 2 3.04
1.25e+03 2 3.04
1.25e+03 2 3.04
1.25e+03 2 3.04
1.25e+03 2 3.04
1.25e+03 2 3.04
1.26e+03 2 3.04
1.26e+03 2 3.04
1.26e+03 2 3.04
1.26e+03 2 3.04
1.26e+03 2 3.04
1.26e+03 2 3.04
1.26e+03 2 3.04
1.26e+03 2 3.04
1.26e+03 2 3.04
1.26e+03 2 3.04
1.26e+03 2 3.04
1.27e+03 2 3.04
1.27e+03 2 3.04
1.27e+03 2 3.04
1.27e+03 2 3.04
1.27e+03 2 3.04
1.27e+03 2 3.03
1.27e+03 2 3.04
1.27e+03 2 3.04
1.27e+03 2 3.04
1.28e+03 2 3.04
1.28e+03 2 3.04
1.28e+03 2 3.04
1.28e+03 2 3.04
1.28e+03 2 3.04
1.28e+03 2 3.04
1.28e+03 2 3.04
1.28e+03 2 3.04
1.28e+03 2 3.04
1.28e+03 2 3.04
1.28e+03 2 3.04
1.29e+03 2 3.04
1.29e+03 2 3.04
1.29e+03 2 3.04
1.29e+03 2 3.05
1.29e+03 2 3.04
1.29e+03 2 3.04
1.29e+03 2 3.05
1.29e+03 2 3.05
1.29e+03 2 3.05
1.3e+03 2 3.05
1.3e+03 2 3.05
1.3e+03 2 3.05
1.3e+03 2 3.05
1.3e+03 2 3.05
1.3e+03 2 3.05
1.3e+03 2 3.05
1.3e+03 2 3.05
1.3e+03 2 3.05
1.3e+03 2 3.05
1.3e+03 2 3.05
1.31e+03 2 3.05
1.31e+03 2 3.05
1.31e+03 2 3.04
1.31e+03 2 3.04
1.31e+03 2 3.05
1.31e+03 2 3.05
1.31e+03 2 3.05
1.31e+03 2 3.05
1.31e+03 2 3.05
1.32e+03 2 3.05
1.32e+03 2 3.05
1.32e+03 2 3.05
1.32e+03 2 3.05
1.32e+03 2 3.05
1.32e+03 2 3.05
1.32e+03 2 3.05
1.32e+03 2 3.05
1.32e+03 2 3.05
1.32e+03 2 3.05
1.32e+03 2 3.05
1.33e+03 2 3.05
1.33e+03 2 3.05
1.33e+03 2 3.05
1.33e+03 2 3.05
1.33e+03 2 3.05
1.33e+03 2 3.05
1.33e+03 2 3.05
1.33e+03 2 3.05
1.33e+03 2 3.05
1.34e+03 2 3.04
1.34e+03 2 3.04
1.34e+03 2 3.04
1.34e+03 2 3.04
1.34e+03 2 3.04
1.34e+03 2 3.03
1.34e+03 2 3.03
1.34e+03 2 3.03
1.34e+03 2 3.03
1.34e+03 2 3.04
1.34e+03 2 3.04
1.35e+03 2 3.04
1.35e+03 2 3.04
1.35e+03 2 3.04
1.35e+03 2 3.04
1.35e+03 2 3.04
1.35e+03 2 3.04
1.35e+03 2 3.04
1.35e+03 2 3.04
1.35e+03 2 3.04
1.36e+03 2 3.04
1.36e+03 2 3.04
1.36e+03 2 3.04
1.36e+03 2 3.04
1.36e+03 2 3.04
1.36e+03 2 3.04
1.36e+03 2 3.05
1.36e+03 2 3.05
1.36e+03 2 3.05
1.36e+03 2 3.05
1.36e+03 2 3.05
1.37e+03 2 3.05
1.37e+03 2 3.05
1.37e+03 2 3.04
1.37e+03 2 3.04
1.37e+03 2 3.04
1.37e+03 2 3.04
1.37e+03 2 3.05
1.37e+03 2 3.05
1.37e+03 2 3.05
1.38e+03 2 3.05
1.38e+03 2 3.04
1.38e+03 2 3.04
1.38e+03 2 3.04
1.38e+03 2 3.04
1.38e+03 2 3.04
1.38e+03 2 3.04
1.38e+03 2 3.04
1.38e+03 2 3.04
1.38e+03 2 3.04
1.38e+03 2 3.04
1.39e+03 2 3.04
1.39e+03 2 3.04
1.39e+03 2 3.04
1.39e+03 2 3.05
1.39e+03 2 3.04
1.39e+03 2 3.04
1.39e+03 2 3.04
1.39e+03 2 3.04
1.39e+03 2 3.04
1.4e+03 2 3.04
1.4e+03 2 3.04
1.4e+03 2 3.04
1.4e+03 2 3.04
1.4e+03 2 3.04
1.4e+03 2 3.04
1.4e+03 2 3.04
1.4e+03 2 3.04
1.4e+03 2 3.04
1.4e+03 2 3.04
1.4e+03 2 3.04
1.41e+03 2 3.04
1.41e+03 2 3.04
1.41e+03 2 3.04
1.41e+03 2 3.04
1.41e+03 2 3.04
1.41e+03 2 3.04
1.41e+03 2 3.04
1.41e+03 2 3.04
1.41e+03 2 3.04
1.42e+03 2 3.03
1.42e+03 2 3.04
1.42e+03 2 3.04
1.42e+03 2 3.04
1.42e+03 2 3.04
1.42e+03 2 3.04
1.42e+03 2 3.03
1.42e+03 2 3.04
1.42e+03 2 3.03
1.42e+03 2 3.03
1.42e+03 2 3.04
1.43e+03 2 3.03
1.43e+03 2 3.03
1.43e+03 2 3.03
1.43e+03 2 3.03
1.43e+03 2 3.03
1.43e+03 2 3.03
1.43e+03 2 3.03
1.43e+03 2 3.03
1.43e+03 2 3.03
1.44e+03 2 3.03
1.44e+03 2 3.03
1.44e+03 2 3.03
1.44e+03 2 3.03
1.44e+03 2 3.03
1.44e+03 2 3.03
1.44e+03 2 3.03
1.44e+03 2 3.03
1.44e+03 2 3.02
1.44e+03 2 3.02
1.44e+03 2 3.02
1.45e+03 2 3.02
1.45e+03 2 3.02
1.45e+03 2 3.02
1.45e+03 2 3.02
1.45e+03 2 3.02
1.45e+03 2 3.02
1.45e+03 2 3.02
1.45e+03 2 3.02
1.45e+03 2 3.02
1.46e+03 2 3.02
1.46e+03 2 3.02
1.46e+03 2 3.02
1.46e+03 2 3.02
1.46e+03 2 3.02
1.46e+03 2 3.02
1.46e+03 2 3.02
1.46e+03 2 3.02
1.46e+03 2 3.02
1.46e+03 2 3.02
1.46e+03 2 3.02
1.47e+03 2 3.02
1.47e+03 2 3.02
1.47e+03 2 3.02
1.47e+03 2 3.02
1.47e+03 2 3.02
1.47e+03 2 3.02
1.47e+03 2 3.02
1.47e+03 2 3.02
1.47e+03 2 3.02
1.48e+03 2 3.02
1.48e+03 2 3.02
1.48e+03 2 3.02
1.48e+03 2 3.02
1.48e+03 2 3.02
1.48e+03 2 3.02
1.48e+03 2 3.02
1.48e+03 2 3.02
1.48e+03 2 3.02
1.48e+03 2 3.02
1.48e+03 2 3.02
1.49e+03 2 3.02
1.49e+03 2 3.02
1.49e+03 2 3.02
1.49e+03 2 3.02
1.49e+03 2 3.02
1.49e+03 2 3.02
1.49e+03 2 3.02
1.49e+03 2 3.02
1.49e+03 2 3.02
1.5e+03 2 3.02
1.5e+03 2 3.02
1.5e+03 2 3.02
1.5e+03 2 3.02
1.5e+03 2 3.02
1.5e+03 2 3.02
1.5e+03 2 3.02
1.5e+03 2 3.02
1.5e+03 2 3.02
1.5e+03 2 3.02
1.5e+03 2 3.01
1.51e+03 2 3.01
1.51e+03 2 3.02
1.51e+03 2 3.02
1.51e+03 2 3.02
1.51e+03 2 3.02
1.51e+03 2 3.02
1.51e+03 2 3.02
1.51e+03 2 3.02
1.51e+03 2 3.02
1.52e+03 2 3.02
1.52e+03 2 3.02
1.52e+03 2 3.02
1.52e+03 2 3.02
1.52e+03 2 3.02
1.52e+03 2 3.02
1.52e+03 2 3.02
1.52e+03 2 3.02
1.52e+03 2 3.02
1.52e+03 2 3.02
1.52e+03 2 3.02
1.53e+03 2 3.02
1.53e+03 2 3.02
1.53e+03 2 3.02
1.53e+03 2 3.02
1.53e+03 2 3.02
1.53e+03 2 3.02
1.53e+03 2 3.02
1.53e+03 2 3.02
1.53e+03 2 3.02
1.54e+03 2 3.02
1.54e+03 2 3.02
1.54e+03 2 3.02
1.54e+03 2 3.02
1.54e+03 2 3.02
1.54e+03 2 3.02
1.54e+03 2 3.02
1.54e+03 2 3.02
1.54e+03 2 3.02
1.54e+03 2 3.02
1.54e+03 2 3.02
1.55e+03 2 3.02
1.55e+03 2 3.02
1.55e+03 2 3.01
1.55e+03 2 3.01
1.55e+03 2 3.02
1.55e+03 2 3.02
1.55e+03 2 3.02
1.55e+03 2 3.02
1.55e+03 2 3.02
1.56e+03 2 3.02
1.56e+03 2 3.02
1.56e+03 2 3.02
1.56e+03 2 3.02
1.56e+03 2 3.02
1.56e+03 2 3.02
1.56e+03 2 3.02
1.56e+03 2 3.02
1.56e+03 2 3.02
1.56e+03 2 3.02
1.56e+03 2 3.02
1.57e+03 2 3.01
1.57e+03 2 3.01
1.57e+03 2 3.01
1.57e+03 2 3.01
1.57e+03 2 3.02
1.57e+03 2 3.02
1.57e+03 2 3.02
1.57e+03 2 3.02
1.57e+03 2 3.02
1.58e+03 2 3.02
1.58e+03 2 3.02
1.58e+03 2 3.02
1.58e+03 2 3.02
1.58e+03 2 3.02
1.58e+03 2 3.02
1.58e+03 2 3.02
1.58e+03 2 3.03
1.58e+03 2 3.03
1.58e+03 2 3.03
1.58e+03 2 3.04
1.59e+03 2 3.04
1.59e+03 2 3.04
1.59e+03 2 3.04
1.59e+03 2 3.04
1.59e+03 2 3.04
1.59e+03 2 3.04
1.59e+03 2 3.04
1.59e+03 2 3.04
1.59e+03 2 3.04
1.6e+03 2 3.04
1.6e+03 2 3.04
1.6e+03 2 3.04
1.6e+03 2 3.04
1.6e+03 2 3.04
1.6e+03 2 3.04
1.6e+03 2 3.04
1.6e+03 2 3.04
1.6e+03 2 3.04
1.6e+03 2 3.04
1.6e+03 2 3.04
1.61e+03 2 3.04
1.61e+03 2 3.04
1.61e+03 2 3.03
1.61e+03 2 3.04
1.61e+03 2 3.04
1.61e+03 2 3.04
1.61e+03 2 3.04
1.61e+03 2 3.04
1.61e+03 2 3.04
1.62e+03 2 3.04
1.62e+03 2 3.04
1.62e+03 2 3.04
1.62e+03 2 3.04
1.62e+03 2 3.04
1.62e+03 2 3.04
1.62e+03 2 3.04
1.62e+03 2 3.04
1.62e+03 2 3.04
1.62e+03 2 3.04
1.62e+03 2 3.04
1.63e+03 2 3.04
1.63e+03 2 3.04
1.63e+03 2 3.03
1.63e+03 2 3.03
1.63e+03 2 3.03
1.63e+03 2 3.03
1.63e+03 2 3.03
1.63e+03 2 3.03
1.63e+03 2 3.03
1.64e+03 2 3.03
1.64e+03 2 3.04
1.64e+03 2 3.04
1.64e+03 2 3.03
1.64e+03 2 3.02
1.64e+03 2 3.02
1.64e+03 2 3.02
1.64e+03 2 3.02
1.64e+03 2 3.02
1.64e+03 2 3.02
1.64e+03 2 3.02
1.65e+03 2 3.02
1.65e+03 2 3.02
1.65e+03 2 3.02
1.65e+03 2 3.02
1.65e+03 2 3.02
1.65e+03 2 3.02
1.65e+03 2 3.03
1.65e+03 2 3.02
1.65e+03 2 3.02
1.66e+03 2 3.02
1.66e+03 2 3.02
1.66e+03 2 3.02
1.66e+03 2 3.02
1.66e+03 2 3.02
1.66e+03 2 3.02
1.66e+03 2 3.02
1.66e+03 2 3.02
1.66e+03 2 3.02
1.66e+03 2 3.02
1.66e+03 2 3.02
1.67e+03 2 3.02
1.67e+03 2 3.02
1.67e+03 2 3.02
1.67e+03 2 3.03
1.67e+03 2 3.03
1.67e+03 2 3.03
1.67e+03 2 3.03
1.67e+03 2 3.03
1.67e+03 2 3.03
1.68e+03 2 3.03
1.68e+03 2 3.03
1.68e+03 2 3.03
1.68e+03 2 3.03
1.68e+03 2 3.03
1.68e+03 2 3.04
1.68e+03 2 3.04
1.68e+03 2 3.04
1.68e+03 2 3.04
1.68e+03 2 3.04
1.68e+03 2 3.03
1.69e+03 2 3.03
1.69e+03 2 3.04
1.69e+03 2 3.04
1.69e+03 2 3.04
1.69e+03 2 3.04
1.69e+03 2 3.03
1.69e+03 2 3.03
1.69e+03 2 3.03
1.69e+03 2 3.03
1.7e+03 2 3.03
1.7e+03 2 3.03
1.7e+03 2 3.03
1.7e+03 2 3.03
1.7e+03 2 3.03
1.7e+03 2 3.03
1.7e+03 2 3.03
1.7e+03 2 3.03
1.7e+03 2 3.03
1.7e+03 2 3.03
1.7e+03 2 3.03
1.71e+03 2 3.03
1.71e+03 2 3.03
1.71e+03 2 3.03
1.71e+03 2 3.03
1.71e+03 2 3.03
1.71e+03 2 3.03
1.71e+03 2 3.03
1.71e+03 2 3.03
1.71e+03 2 3.03
1.72e+03 2 3.03
1.72e+03 2 3.03
1.72e+03 2 3.04
1.72e+03 2 3.04
1.72e+03 2 3.04
1.72e+03 2 3.04
1.72e+03 2 3.04
1.72e+03 2 3.04
1.72e+03 2 3.03
1.72e+03 2 3.03
1.72e+03 2 3.03
1.73e+03 2 3.03
1.73e+03 2 3.03
1.73e+03 2 3.03
1.73e+03 2 3.04
1.73e+03 2 3.04
1.73e+03 2 3.04
1.73e+03 2 3.04
1.73e+03 2 3.04
1.73e+03 2 3.04
1.74e+03 2 3.03
1.74e+03 2 3.03
1.74e+03 2 3.03
1.74e+03 2 3.03
1.74e+03 2 3.03
1.74e+03 2 3.03
1.74e+03 2 3.03
1.74e+03 2 3.03
1.74e+03 2 3.04
1.74e+03 2 3.04
1.74e+03 2 3.04
1.75e+03 2 3.04
1.75e+03 2 3.04
1.75e+03 2 3.04
1.75e+03 2 3.04
1.75e+03 2 3.04
1.75e+03 2 3.04
1.75e+03 2 3.04
1.75e+03 2 3.03
1.75e+03 2 3.03
1.76e+03 2 3.03
1.76e+03 2 3.03
1.76e+03 2 3.03
1.76e+03 2 3.03
1.76e+03 2 3.03
1.76e+03 2 3.03
1.76e+03 2 3.03
1.76e+03 2 3.03
1.76e+03 2 3.04
1.76e+03 2 3.04
1.76e+03 2 3.03
1.77e+03 2 3.04
1.77e+03 2 3.04
1.77e+03 2 3.04
1.77e+03 2 3.04
1.77e+03 2 3.04
1.77e+03 2 3.04
1.77e+03 2 3.04
1.77e+03 2 3.03
1.77e+03 2 3.03
1.78e+03 2 3.03
1.78e+03 2 3.03
1.78e+03 2 3.03
1.78e+03 2 3.03
1.78e+03 2 3.03
1.78e+03 2 3.03
1.78e+03 2 3.03
1.78e+03 2 3.03
1.78e+03 2 3.03
1.78e+03 2 3.03
1.78e+03 2 3.03
1.79e+03 2 3.03
1.79e+03 2 3.03
1.79e+03 2 3.02
1.79e+03 2 3.02
1.79e+03 2 3.02
1.79e+03 2 3.01
1.79e+03 2 3.01
1.79e+03 2 3.01
1.79e+03 2 3.01
1.8e+03 2 3.01
1.8e+03 2 3.01
1.8e+03 2 3.02
1.8e+03 2 3.02
1.8e+03 2 3.02
1.8e+03 2 3.01
1.8e+03 2 3.01
1.8e+03 2 3.01
1.8e+03 2 3.01
1.8e+03 2 3
1.8e+03 2 3
1.81e+03 2 3
1.81e+03 2 3
1.81e+03 2 3
1.81e+03 2 3
1.81e+03 2 3
1.81e+03 2 3
1.81e+03 2 3
1.81e+03 2 3
1.81e+03 2 3
1.82e+03 2 3
1.82e+03 2 3
1.82e+03 2 3
1.82e+03 2 3
1.82e+03 2 3
1.82e+03 2 3
1.82e+03 2 3
1.82e+03 2 3
1.82e+03 2 3.01
1.82e+03 2 3.01
1.82e+03 2 3.01
1.83e+03 2 3.01
1.83e+03 2 3.01
1.83e+03 2 3.01
1.83e+03 2 3.01
1.83e+03 2 3
1.83e+03 2 3
1.83e+03 2 3
1.83e+03 2 3
1.83e+03 2 3
1.84e+03 2 3
1.84e+03 2 3
1.84e+03 2 3.01
1.84e+03 2 3.01
1.84e+03 2 3.01
1.84e+03 2 3.01
1.84e+03 2 3.01
1.84e+03 2 3.01
1.84e+03 2 3
1.84e+03 2 3
1.84e+03 2 3
1.85e+03 2 3
1.85e+03 2 3
1.85e+03 2 3
1.85e+03 2 3
1.85e+03 2 3
1.85e+03 2 3
1.85e+03 2 3
1.85e+03 2 3
1.85e+03 2 3
1.86e+03 2 3
1.86e+03 2 3
1.86e+03 2 3
1.86e+03 2 3
1.86e+03 2 3
1.86e+03 2 3
1.86e+03 2 3
1.86e+03 2 3
1.86e+03 2 3
1.86e+03 2 3
1.86e+03 2 3
1.87e+03 2 3
1.87e+03 2 3
1.87e+03 2 3
1.87e+03 2 3
1.87e+03 2 3.01
1.87e+03 2 3.01
1.87e+03 2 3.01
1.87e+03 2 3.01
1.87e+03 2 3.01
1.88e+03 2 3.01
1.88e+03 2 3.01
1.88e+03 2 3
1.88e+03 2 3.01
1.88e+03 2 3
1.88e+03 2 3
1.88e+03 2 3
1.88e+03 2 3
1.88e+03 2 3
1.88e+03 2 3
1.88e+03 2 3
1.89e+03 2 3
1.89e+03 2 2.99
1.89e+03 2 2.99
1.89e+03 2 2.99
1.89e+03 2 2.99
1.89e+03 2 2.99
1.89e+03 2 2.99
1.89e+03 2 2.99
1.89e+03 2 2.99
1.9e+03 2 2.99
1.9e+03 2 2.99
1.9e+03 2 2.99
1.9e+03 2 2.99
1.9e+03 2 2.99
1.9e+03 2 2.99
1.9e+03 2 2.99
1.9e+03 2 2.99
1.9e+03 2 2.99
1.9e+03 2 2.99
1.9e+03 2 2.99
1.91e+03 2 2.99
1.91e+03 2 2.99
1.91e+03 2 2.99
1.91e+03 2 2.99
1.91e+03 2 2.99
1.91e+03 2 2.99
1.91e+03 2 2.99
1.91e+03 2 2.99
1.91e+03 2 2.99
1.92e+03 2 2.99
1.92e+03 2 2.99
1.92e+03 2 2.99
1.92e+03 2 2.99
1.92e+03 2 2.99
1.92e+03 2 2.99
1.92e+03 2 2.99
1.92e+03 2 2.99
1.92e+03 2 2.99
1.92e+03 2 2.99
1.92e+03 2 2.99
1.93e+03 2 2.99
1.93e+03 2 2.99
1.93e+03 2 2.99
1.93e+03 2 2.98
1.93e+03 2 2.99
1.93e+03 2 2.98
1.93e+03 2 2.98
1.93e+03 2 2.98
1.93e+03 2 2.98
1.94e+03 2 2.98
1.94e+03 2 2.98
1.94e+03 2 2.98
1.94e+03 2 2.98
1.94e+03 2 2.98
1.94e+03 2 2.99
1.94e+03 2 2.99
1.94e+03 2 2.99
1.94e+03 2 2.99
1.94e+03 2 2.99
1.94e+03 2 2.99
1.95e+03 2 2.99
1.95e+03 2 2.99
1.95e+03 2 2.99
1.95e+03 2 2.99
1.95e+03 2 2.99
1.95e+03 2 2.99
1.95e+03 2 2.99
1.95e+03 2 2.99
1.95e+03 2 2.99
1.96e+03 2 2.99
1.96e+03 2 2.99
1.96e+03 2 2.99
1.96e+03 2 2.99
1.96e+03 2 2.99
1.96e+03 2 2.99
1.96e+03 2 2.98
1.96e+03 2 2.98
1.96e+03 2 2.98
1.96e+03 2 2.98
1.96e+03 2 2.98
1.97e+03 2 2.98
1.97e+03 2 2.98
1.97e+03 2 2.98
1.97e+03 2 2.98
1.97e+03 2 2.98
1.97e+03 2 2.98
1.97e+03 2 2.98
1.97e+03 2 2.98
1.97e+03 2 2.98
1.98e+03 2 2.98
1.98e+03 2 2.98
1.98e+03 2 2.98
1.98e+03 2 2.98
1.98e+03 2 2.98
1.98e+03 2 2.98
1.98e+03 2 2.98
1.98e+03 2 2.98
1.98e+03 2 2.98
1.98e+03 2 2.98
1.98e+03 2 2.98
1.99e+03 2 2.98
1.99e+03 2 2.98
1.99e+03 2 2.98
1.99e+03 2 2.98
1.99e+03 2 2.98
1.99e+03 2 2.98
1.99e+03 2 2.98
1.99e+03 2 2.98
1.99e+03 2 2.98
2e+03 2 2.98
2e+03 2 2.98
2e+03 2 2.98
2e+03 2 2.98
2e+03 2 2.98
2e+03 2 2.99
2e+03 2 2.99
2e+03 2 2.98
2e+03 2 2.98
2e+03 2 2.98
2e+03 2 2.98
2.01e+03 2 2.98
2.01e+03 2 2.98
2.01e+03 2 2.98
2.01e+03 2 2.98
2.01e+03 2 2.98
2.01e+03 2 2.98
2.01e+03 2 2.98
2.01e+03 2 2.98
2.01e+03 2 2.99
2.02e+03 2 2.99
2.02e+03 2 2.99
2.02e+03 2 2.99
2.02e+03 2 2.99
2.02e+03 2 2.99
2.02e+03 2 2.99
2.02e+03 2 2.99
2.02e+03 2 2.99
2.02e+03 2 2.99
2.02e+03 2 2.99
2.02e+03 2 2.99
2.03e+03 2 2.99
2.03e+03 2 2.99
2.03e+03 2 2.99
2.03e+03 2 2.99
2.03e+03 2 2.99
2.03e+03 2 2.99
2.03e+03 2 2.99
2.03e+03 2 2.99
2.03e+03 2 2.99
2.04e+03 2 2.99
2.04e+03 2 2.99
2.04e+03 2 2.99
2.04e+03 2 2.99
2.04e+03 2 2.99
2.04e+03 2 2.99
2.04e+03 2 2.99
2.04e+03 2 2.99
2.04e+03 2 2.99
2.04e+03 2 2.99
2.04e+03 2 2.99
2.05e+03 2 2.99
2.05e+03 2 2.98
2.05e+03 2 2.99
2.05e+03 2 2.99
2.05e+03 2 2.98
2.05e+03 2 2.98
2.05e+03 2 2.98
2.05e+03 2 2.98
2.05e+03 2 2.98
2.06e+03 2 2.98
2.06e+03 2 2.98
2.06e+03 2 2.99
2.06e+03 2 2.99
2.06e+03 2 2.98
2.06e+03 2 2.98
2.06e+03 2 2.98
2.06e+03 2 2.98
2.06e+03 2 2.98
2.06e+03 2 2.98
2.06e+03 2 2.98
2.07e+03 2 2.98
2.07e+03 2 2.98
2.07e+03 2 2.98
2.07e+03 2 2.98
2.07e+03 2 2.98
2.07e+03 2 2.98
2.07e+03 2 2.98
2.07e+03 2 2.98
2.07e+03 2 2.98
2.08e+03 2 2.98
2.08e+03 2 2.98
2.08e+03 2 2.98
2.08e+03 2 2.98
2.08e+03 2 2.98
2.08e+03 2 2.98
2.08e+03 2 2.98
2.08e+03 2 2.98
2.08e+03 2 2.98
2.08e+03 2 2.98
2.08e+03 2 2.98
2.09e+03 2 2.98
2.09e+03 2 2.98
2.09e+03 2 2.98
2.09e+03 2 2.98
2.09e+03 2 2.98
2.09e+03 2 2.98
2.09e+03 2 2.98
2.09e+03 2 2.98
2.09e+03 2 2.98
2.1e+03 2 2.98
2.1e+03 2 2.98
2.1e+03 2 2.98
2.1e+03 2 2.98
2.1e+03 2 2.98
2.1e+03 2 2.98
2.1e+03 2 2.98
2.1e+03 2 2.99
2.1e+03 2 2.99
2.1e+03 2 2.98
2.1e+03 2 2.98
2.11e+03 2 2.98
2.11e+03 2 2.98
2.11e+03 2 2.99
2.11e+03 2 2.99
2.11e+03 2 2.99
2.11e+03 2 2.98
2.11e+03 2 2.98
2.11e+03 2 2.98
2.11e+03 2 2.98
2.12e+03 2 2.98
2.12e+03 2 2.98
2.12e+03 2 2.98
2.12e+03 2 2.98
2.12e+03 2 2.98
2.12e+03 2 2.98
2.12e+03 2 2.98
2.12e+03 2 2.98
2.12e+03 2 2.98
2.12e+03 2 2.98
2.12e+03 2 2.98
2.13e+03 2 2.98
2.13e+03 2 2.98
2.13e+03 2 2.98
2.13e+03 2 2.98
2.13e+03 2 2.98
2.13e+03 2 2.98
2.13e+03 2 2.98
2.13e+03 2 2.98
2.13e+03 2 2.98
2.14e+03 2 2.98
2.14e+03 2 2.98
2.14e+03 2 2.98
2.14e+03 2 2.98
2.14e+03 2 2.98
2.14e+03 2 2.98
2.14e+03 2 2.98
2.14e+03 2 2.98
2.14e+03 2 2.98
2.14e+03 2 2.98
2.14e+03 2 2.98
2.15e+03 2 2.98
2.15e+03 2 2.98
2.15e+03 2 2.99
2.15e+03 2 2.98
2.15e+03 2 2.98
2.15e+03 2 2.98
2.15e+03 2 2.99
2.15e+03 2 2.99
2.15e+03 2 2.99
2.16e+03 2 2.99
2.16e+03 2 2.99
2.16e+03 2 2.99
2.16e+03 2 2.99
2.16e+03 2 2.98
2.16e+03 2 2.98
2.16e+03 2 2.98
2.16e+03 2 2.98
2.16e+03 2 2.98
2.16e+03 2 2.98
2.16e+03 2 2.98
2.17e+03 2 2.98
2.17e+03 2 2.98
2.17e+03 2 2.98
2.17e+03 2 2.98
2.17e+03 2 2.98
2.17e+03 2 2.99
2.17e+03 2 2.99
2.17e+03 2 2.99
2.17e+03 2 2.99
2.18e+03 2 2.99
2.18e+03 2 2.99
2.18e+03 2 2.99
2.18e+03 2 2.99
2.18e+03 2 2.99
2.18e+03 2 2.99
2.18e+03 2 2.99
2.18e+03 2 2.99
2.18e+03 2 2.99
2.18e+03 2 2.99
2.18e+03 2 2.99
2.19e+03 2 2.99
2.19e+03 2 2.99
2.19e+03 2 2.99
2.19e+03 2 2.99
2.19e+03 2 2.99
2.19e+03 2 2.99
2.19e+03 2 2.99
2.19e+03 2 2.99
2.19e+03 2 2.99
2.2e+03 2 2.99
2.2e+03 2 2.99
2.2e+03 2 2.99
2.2e+03 2 2.99
2.2e+03 2 2.99
2.2e+03 2 2.99
2.2e+03 2 2.99
2.2e+03 2 2.99
2.2e+03 2 2.99
2.2e+03 2 2.99
2.2e+03 2 2.99
2.21e+03 2 2.99
2.21e+03 2 2.99
2.21e+03 2 2.99
2.21e+03 2 2.99
2.21e+03 2 2.99
2.21e+03 2 2.98
2.21e+03 2 2.98
2.21e+03 2 2.98
2.21e+03 2 2.98
2.22e+03 2 2.98
2.22e+03 2 2.98
2.22e+03 2 2.98
2.22e+03 2 2.98
2.22e+03 2 2.98
2.22e+03 2 2.98
2.22e+03 2 2.98
2.22e+03 2 2.98
2.22e+03 2 2.98
2.22e+03 2 2.98
2.22e+03 2 2.98
2.23e+03 2 2.98
2.23e+03 2 2.98
2.23e+03 2 2.98
2.23e+03 2 2.98
2.23e+03 2 2.98
2.23e+03 2 2.98
2.23e+03 2 2.98
2.23e+03 2 2.98
2.23e+03 2 2.98
2.24e+03 2 2.98
2.24e+03 2 2.98
2.24e+03 2 2.98
2.24e+03 2 2.98
2.24e+03 2 2.98
2.24e+03 2 2.98
2.24e+03 2 2.98
2.24e+03 2 2.98
2.24e+03 2 2.98
2.24e+03 2 2.98
2.24e+03 2 2.98
2.25e+03 2 2.98
2.25e+03 2 2.98
2.25e+03 2 2.98
2.25e+03 2 2.98
2.25e+03 2 2.98
2.25e+03 2 2.98
2.25e+03 2 2.98
2.25e+03 2 2.98
2.25e+03 2 2.98
2.26e+03 2 2.98
2.26e+03 2 2.98
2.26e+03 2 2.98
2.26e+03 2 2.98
2.26e+03 2 2.98
2.26e+03 2 2.98
2.26e+03 2 2.98
2.26e+03 2 2.98
2.26e+03 2 2.98
2.26e+03 2 2.98
2.26e+03 2 2.98
2.27e+03 2 2.98
2.27e+03 2 2.98
2.27e+03 2 2.98
2.27e+03 2 2.98
2.27e+03 2 2.98
2.27e+03 2 2.98
2.27e+03 2 2.98
2.27e+03 2 2.98
2.27e+03 2 2.98
2.28e+03 2 2.98
2.28e+03 2 2.98
2.28e+03 2 2.98
2.28e+03 2 2.98
2.28e+03 2 2.98
2.28e+03 2 2.98
2.28e+03 2 2.98
2.28e+03 2 2.99
2.28e+03 2 2.99
2.28e+03 2 2.99
2.28e+03 2 2.99
2.29e+03 2 2.99
2.29e+03 2 2.99
2.29e+03 2 2.99
2.29e+03 2 2.99
2.29e+03 2 2.99
2.29e+03 2 2.98
2.29e+03 2 2.98
2.29e+03 2 2.98
2.29e+03 2 2.98
2.3e+03 2 2.98
2.3e+03 2 2.98
2.3e+03 2 2.98
2.3e+03 2 2.98
2.3e+03 2 2.98
2.3e+03 2 2.98
2.3e+03 2 2.98
2.3e+03 2 2.98
2.3e+03 2 2.98
2.3e+03 2 2.98
2.3e+03 2 2.98
2.31e+03 2 2.98
2.31e+03 2 2.98
2.31e+03 2 2.98
2.31e+03 2 2.98
2.31e+03 2 2.98
2.31e+03 2 2.98
2.31e+03 2 2.98
2.31e+03 2 2.98
2.31e+03 2 2.98
2.32e+03 2 2.98
2.32e+03 2 2.98
2.32e+03 2 2.98
2.32e+03 2 2.98
2.32e+03 2 2.98
2.32e+03 2 2.98
2.32e+03 2 2.98
2.32e+03 2 2.98
2.32e+03 2 2.98
2.32e+03 2 2.98
2.32e+03 2 2.99
2.33e+03 2 2.99
2.33e+03 2 2.98
2.33e+03 2 2.99
2.33e+03 2 2.99
2.33e+03 2 2.99
2.33e+03 2 2.99
2.33e+03 2 2.99
2.33e+03 2 2.99
2.33e+03 2 2.99
2.34e+03 2 2.99
2.34e+03 2 2.99
2.34e+03 2 2.99
2.34e+03 2 2.99
2.34e+03 2 2.99
2.34e+03 2 2.99
2.34e+03 2 2.99
2.34e+03 2 2.99
2.34e+03 2 2.99
2.34e+03 2 2.99
2.34e+03 2 2.99
2.35e+03 2 2.99
2.35e+03 2 2.98
2.35e+03 2 2.98
2.35e+03 2 2.98
2.35e+03 2 2.99
2.35e+03 2 2.99
2.35e+03 2 2.99
2.35e+03 2 2.99
2.35e+03 2 2.99
2.36e+03 2 2.99
2.36e+03 2 2.99
2.36e+03 2 2.99
2.36e+03 2 2.99
2.36e+03 2 2.99
2.36e+03 2 2.99
2.36e+03 2 2.99
2.36e+03 2 2.99
2.36e+03 2 2.99
2.36e+03 2 2.99
2.36e+03 2 2.99
2.37e+03 2 2.99
2.37e+03 2 2.99
2.37e+03 2 2.99
2.37e+03 2 2.99
2.37e+03 2 2.99
2.37e+03 2 2.99
2.37e+03 2 2.99
2.37e+03 2 2.99
2.37e+03 2 2.99
2.38e+03 2 2.99
2.38e+03 2 2.99
2.38e+03 2 2.99
2.38e+03 2 2.99
2.38e+03 2 2.99
2.38e+03 2 2.99
2.38e+03 2 2.99
2.38e+03 2 2.99
2.38e+03 2 2.99
2.38e+03 2 2.99
2.38e+03 2 2.99
2.39e+03 2 2.99
2.39e+03 2 2.99
2.39e+03 2 2.99
2.39e+03 2 2.99
2.39e+03 2 2.99
2.39e+03 2 2.99
2.39e+03 2 2.99
2.39e+03 2 2.99
2.39e+03 2 2.98
2.4e+03 2 2.99
2.4e+03 2 2.99
2.4e+03 2 2.99
2.4e+03 2 2.99
2.4e+03 2 2.99
2.4e+03 2 2.99
2.4e+03 2 2.99
2.4e+03 2 2.99
2.4e+03 2 2.99
2.4e+03 2 2.99
2.4e+03 2 2.99
2.41e+03 2 2.99
2.41e+03 2 2.99
2.41e+03 2 2.99
2.41e+03 2 2.99
2.41e+03 2 2.99
2.41e+03 2 2.99
2.41e+03 2 2.99
2.41e+03 2 2.99
2.41e+03 2 3
2.42e+03 2 3
2.42e+03 2 3
2.42e+03 2 3
2.42e+03 2 3
2.42e+03 2 3
2.42e+03 2 3
2.42e+03 2 3
2.42e+03 2 3
2.42e+03 2 3
2.42e+03 2 3
2.42e+03 2 3
2.43e+03 2 3
2.43e+03 2 3
2.43e+03 2 3
2.43e+03 2 3
2.43e+03 2 3
2.43e+03 2 3
2.43e+03 2 3
2.43e+03 2 3
2.43e+03 2 3
2.44e+03 2 3
2.44e+03 2 3
2.44e+03 2 3
2.44e+03 2 3
2.44e+03 2 3
2.44e+03 2 3
2.44e+03 2 3
2.44e+03 2 3
2.44e+03 2 3
2.44e+03 2 3
2.44e+03 2 3
2.45e+03 2 3
2.45e+03 2 3
2.45e+03 2 3
2.45e+03 2 3
2.45e+03 2 3
2.45e+03 2 3
2.45e+03 2 3
2.45e+03 2 3
2.45e+03 2 3
2.46e+03 2 3
2.46e+03 2 3
2.46e+03 2 3
2.46e+03 2 3
2.46e+03 2 3
2.46e+03 2 3
2.46e+03 2 3
2.46e+03 2 3
2.46e+03 2 3
2.46e+03 2 3
2.46e+03 2 3
2.47e+03 2 3
2.47e+03 2 3
2.47e+03 2 3
2.47e+03 2 3
2.47e+03 2 3
2.47e+03 2 3
2.47e+03 2 3
2.47e+03 2 3
2.47e+03 2 3
2.48e+03 2 3
2.48e+03 2 3
2.48e+03 2 3
2.48e+03 2 3
2.48e+03 2 3
2.48e+03 2 3
2.48e+03 2 3
2.48e+03 2 3
2.48e+03 2 3
2.48e+03 2 3
2.48e+03 2 3
2.49e+03 2 3
2.49e+03 2 3
2.49e+03 2 3
2.49e+03 2 3
2.49e+03 2 3
2.49e+03 2 3
2.49e+03 2 3
2.49e+03 2 3
2.49e+03 2 3
2.5e+03 2 3
2.5e+03 2 3
2.5e+03 2 3
2.5e+03 2 3
2.5e+03 2 3
2.5e+03 2 3
2.5e+03 2 2.99
2.5e+03 2 2.99
2.5e+03 2 2.99
2.5e+03 2 2.99
2.5e+03 2 2.99
2.51e+03 2 2.99
2.51e+03 2 3
2.51e+03 2 3
2.51e+03 2 2.99
2.51e+03 2 2.99
2.51e+03 2 2.99
2.51e+03 2 2.99
2.51e+03 2 2.98
2.51e+03 2 2.98
2.52e+03 2 2.98
2.52e+03 2 2.98
2.52e+03 2 2.98
2.52e+03 2 2.98
2.52e+03 2 2.98
2.52e+03 2 2.98
2.52e+03 2 2.98
2.52e+03 2 2.98
2.52e+03 2 2.98
2.52e+03 2 2.98
2.52e+03 2 2.98
2.53e+03 2 2.98
2.53e+03 2 2.98
2.53e+03 2 2.98
2.53e+03 2 2.98
2.53e+03 2 2.98
2.53e+03 2 2.98
2.53e+03 2 2.98
2.53e+03 2 2.98
2.53e+03 2 2.98
2.54e+03 2 2.98
2.54e+03 2 2.98
2.54e+03 2 2.98
2.54e+03 2 2.98
2.54e+03 2 2.98
2.54e+03 2 2.98
2.54e+03 2 2.98
2.54e+03 2 2.98
2.54e+03 2 2.98
2.54e+03 2 2.98
2.54e+03 2 2.98
2.55e+03 2 2.98
2.55e+03 2 2.98
2.55e+03 2 2.98
2.55e+03 2 2.98
2.55e+03 2 2.98
2.55e+03 2 2.98
2.55e+03 2 2.98
2.55e+03 2 2.98
2.55e+03 2 2.98
2.56e+03 2 2.98
2.56e+03 2 2.98
2.56e+03 2 2.98
2.56e+03 2 2.98
2.56e+03 2 2.98
2.56e+03 2 2.98
2.56e+03 2 2.98
2.56e+03 2 2.98
2.56e+03 2 2.98
2.56e+03 2 2.98
2.56e+03 2 2.98
2.57e+03 2 2.98
2.57e+03 2 2.98
2.57e+03 2 2.98
2.57e+03 2 2.98
2.57e+03 2 2.98
2.57e+03 2 2.98
2.57e+03 2 2.98
2.57e+03 2 2.98
2.57e+03 2 2.98
2.58e+03 2 2.98
2.58e+03 2 2.98
2.58e+03 2 2.98
2.58e+03 2 2.98
2.58e+03 2 2.98
2.58e+03 2 2.98
2.58e+03 2 2.98
2.58e+03 2 2.98
2.58e+03 2 2.98
2.58e+03 2 2.97
2.58e+03 2 2.97
2.59e+03 2 2.97
2.59e+03 2 2.97
2.59e+03 2 2.97
2.59e+03 2 2.97
2.59e+03 2 2.97
2.59e+03 2 2.97
2.59e+03 2 2.97
2.59e+03 2 2.97
2.59e+03 2 2.97
2.6e+03 2 2.98
2.6e+03 2 2.98
2.6e+03 2 2.98
2.6e+03 2 2.97
2.6e+03 2 2.97
2.6e+03 2 2.97
2.6e+03 2 2.97
2.6e+03 2 2.97
2.6e+03 2 2.97
2.6e+03 2 2.97
2.6e+03 2 2.97
2.61e+03 2 2.97
2.61e+03 2 2.97
2.61e+03 2 2.97
2.61e+03 2 2.97
2.61e+03 2 2.97
2.61e+03 2 2.97
2.61e+03 2 2.97
2.61e+03 2 2.97
2.61e+03 2 2.97
2.62e+03 2 2.97
2.62e+03 2 2.97
2.62e+03 2 2.97
2.62e+03 2 2.97
2.62e+03 2 2.97
2.62e+03 2 2.97
2.62e+03 2 2.97
2.62e+03 2 2.97
2.62e+03 2 2.97
2.62e+03 2 2.97
2.62e+03 2 2.97
2.63e+03 2 2.97
2.63e+03 2 2.97
2.63e+03 2 2.97
2.63e+03 2 2.96
2.63e+03 2 2.96
2.63e+03 2 2.96
2.63e+03 2 2.96
2.63e+03 2 2.96
2.63e+03 2 2.96
2.64e+03 2 2.96
2.64e+03 2 2.96
2.64e+03 2 2.96
2.64e+03 2 2.97
2.64e+03 2 2.97
2.64e+03 2 2.97
2.64e+03 2 2.97
2.64e+03 2 2.97
2.64e+03 2 2.97
2.64e+03 2 2.97
2.64e+03 2 2.96
2.65e+03 2 2.96
2.65e+03 2 2.97
2.65e+03 2 2.97
2.65e+03 2 2.97
2.65e+03 2 2.97
2.65e+03 2 2.96
2.65e+03 2 2.96
2.65e+03 2 2.96
2.65e+03 2 2.96
2.66e+03 2 2.96
2.66e+03 2 2.96
2.66e+03 2 2.96
2.66e+03 2 2.96
2.66e+03 2 2.96
2.66e+03 2 2.96
2.66e+03 2 2.96
2.66e+03 2 2.96
2.66e+03 2 2.96
2.66e+03 2 2.96
2.66e+03 2 2.96
2.67e+03 2 2.96
2.67e+03 2 2.96
2.67e+03 2 2.96
2.67e+03 2 2.96
2.67e+03 2 2.96
2.67e+03 2 2.95
2.67e+03 2 2.95
2.67e+03 2 2.95
2.67e+03 2 2.95
2.68e+03 2 2.95
2.68e+03 2 2.95
2.68e+03 2 2.95
2.68e+03 2 2.95
2.68e+03 2 2.95
2.68e+03 2 2.95
2.68e+03 2 2.95
2.68e+03 2 2.95
2.68e+03 2 2.95
2.68e+03 2 2.95
2.68e+03 2 2.95
2.69e+03 2 2.95
2.69e+03 2 2.95
2.69e+03 2 2.95
2.69e+03 2 2.95
2.69e+03 2 2.95
2.69e+03 2 2.95
2.69e+03 2 2.95
2.69e+03 2 2.95
2.69e+03 2 2.95
2.7e+03 2 2.95
2.7e+03 2 2.95
2.7e+03 2 2.95
2.7e+03 2 2.95
2.7e+03 2 2.95
2.7e+03 2 2.95
2.7e+03 2 2.95
2.7e+03 2 2.95
2.7e+03 2 2.95
2.7e+03 2 2.95
2.7e+03 2 2.95
2.71e+03 2 2.95
2.71e+03 2 2.95
2.71e+03 2 2.95
2.71e+03 2 2.95
2.71e+03 2 2.95
2.71e+03 2 2.95
2.71e+03 2 2.95
2.71e+03 2 2.95
2.71e+03 2 2.95
2.72e+03 2 2.95
2.72e+03 2 2.95
2.72e+03 2 2.95
2.72e+03 2 2.95
2.72e+03 2 2.95
2.72e+03 2 2.95
2.72e+03 2 2.95
2.72e+03 2 2.95
2.72e+03 2 2.95
2.72e+03 2 2.95
2.72e+03 2 2.95
2.73e+03 2 2.95
2.73e+03 2 2.95
2.73e+03 2 2.96
2.73e+03 2 2.95
2.73e+03 2 2.95
2.73e+03 2 2.95
2.73e+03 2 2.95
2.73e+03 2 2.95
2.73e+03 2 2.95
2.74e+03 2 2.95
2.74e+03 2 2.95
2.74e+03 2 2.95
2.74e+03 2 2.95
2.74e+03 2 2.95
2.74e+03 2 2.95
2.74e+03 2 2.95
2.74e+03 2 2.95
2.74e+03 2 2.95
2.74e+03 2 2.95
2.74e+03 2 2.95
2.75e+03 2 2.95
2.75e+03 2 2.95
2.75e+03 2 2.95
2.75e+03 2 2.95
2.75e+03 2 2.95
2.75e+03 2 2.95
2.75e+03 2 2.95
2.75e+03 2 2.95
2.75e+03 2 2.95
2.76e+03 2 2.95
2.76e+03 2 2.95
2.76e+03 2 2.95
2.76e+03 2 2.95
2.76e+03 2 2.95
2.76e+03 2 2.95
2.76e+03 2 2.95
2.76e+03 2 2.94
2.76e+03 2 2.94
2.76e+03 2 2.95
2.76e+03 2 2.95
2.77e+03 2 2.95
2.77e+03 2 2.95
2.77e+03 2 2.95
2.77e+03 2 2.95
2.77e+03 2 2.95
2.77e+03 2 2.95
2.77e+03 2 2.95
2.77e+03 2 2.95
2.77e+03 2 2.94
2.78e+03 2 2.95
2.78e+03 2 2.95
2.78e+03 2 2.95
2.78e+03 2 2.95
2.78e+03 2 2.95
2.78e+03 2 2.95
2.78e+03 2 2.94
2.78e+03 2 2.94
2.78e+03 2 2.94
2.78e+03 2 2.95
2.78e+03 2 2.95
2.79e+03 2 2.95
2.79e+03 2 2.95
2.79e+03 2 2.95
2.79e+03 2 2.95
2.79e+03 2 2.95
2.79e+03 2 2.95
2.79e+03 2 2.95
2.79e+03 2 2.95
2.79e+03 2 2.95
2.8e+03 2 2.95
2.8e+03 2 2.95
2.8e+03 2 2.95
2.8e+03 2 2.95
2.8e+03 2 2.94
2.8e+03 2 2.94
2.8e+03 2 2.94
2.8e+03 2 2.95
2.8e+03 2 2.94
2.8e+03 2 2.94
2.8e+03 2 2.94
2.81e+03 2 2.94
2.81e+03 2 2.94
2.81e+03 2 2.94
2.81e+03 2 2.94
2.81e+03 2 2.95
2.81e+03 2 2.95
2.81e+03 2 2.95
2.81e+03 2 2.95
2.81e+03 2 2.95
2.82e+03 2 2.95
2.82e+03 2 2.95
2.82e+03 2 2.95
2.82e+03 2 2.95
2.82e+03 2 2.95
2.82e+03 2 2.95
2.82e+03 2 2.95
2.82e+03 2 2.95
2.82e+03 2 2.95
2.82e+03 2 2.95
2.82e+03 2 2.95
2.83e+03 2 2.95
2.83e+03 2 2.95
2.83e+03 2 2.95
2.83e+03 2 2.95
2.83e+03 2 2.96
2.83e+03 2 2.96
2.83e+03 2 2.96
2.83e+03 2 2.96
2.83e+03 2 2.96
2.84e+03 2 2.96
2.84e+03 2 2.96
2.84e+03 2 2.96
2.84e+03 2 2.96
2.84e+03 2 2.96
2.84e+03 2 2.96
2.84e+03 2 2.96
2.84e+03 2 2.96
2.84e+03 2 2.96
2.84e+03 2 2.96
2.84e+03 2 2.96
2.85e+03 2 2.96
2.85e+03 2 2.96
2.85e+03 2 2.96
2.85e+03 2 2.96
2.85e+03 2 2.96
2.85e+03 2 2.96
2.85e+03 2 2.96
2.85e+03 2 2.96
2.85e+03 2 2.96
2.86e+03 2 2.96
2.86e+03 2 2.96
2.86e+03 2 2.96
2.86e+03 2 2.96
2.86e+03 2 2.96
2.86e+03 2 2.96
2.86e+03 2 2.96
2.86e+03 2 2.96
2.86e+03 2 2.96
2.86e+03 2 2.96
2.86e+03 2 2.96
2.87e+03 2 2.96
2.87e+03 2 2.96
2.87e+03 2 2.96
2.87e+03 2 2.96
2.87e+03 2 2.96
2.87e+03 2 2.96
2.87e+03 2 2.95
2.87e+03 2 2.95
2.87e+03 2 2.95
2.88e+03 2 2.95
2.88e+03 2 2.95
2.88e+03 2 2.95
2.88e+03 2 2.95
2.88e+03 2 2.95
2.88e+03 2 2.95
2.88e+03 2 2.95
2.88e+03 2 2.95
2.88e+03 2 2.95
2.88e+03 2 2.95
2.88e+03 2 2.95
2.89e+03 2 2.95
2.89e+03 2 2.95
2.89e+03 2 2.95
2.89e+03 2 2.95
2.89e+03 2 2.95
2.89e+03 2 2.95
2.89e+03 2 2.95
2.89e+03 2 2.95
2.89e+03 2 2.95
2.9e+03 2 2.95
2.9e+03 2 2.95
2.9e+03 2 2.95
2.9e+03 2 2.95
2.9e+03 2 2.95
2.9e+03 2 2.95
2.9e+03 2 2.95
2.9e+03 2 2.95
2.9e+03 2 2.95
2.9e+03 2 2.95
2.9e+03 2 2.95
2.91e+03 2 2.95
2.91e+03 2 2.95
2.91e+03 2 2.95
2.91e+03 2 2.95
2.91e+03 2 2.95
2.91e+03 2 2.95
2.91e+03 2 2.95
2.91e+03 2 2.95
2.91e+03 2 2.95
2.92e+03 2 2.95
2.92e+03 2 2.95
2.92e+03 2 2.95
2.92e+03 2 2.95
2.92e+03 2 2.95
2.92e+03 2 2.95
2.92e+03 2 2.95
2.92e+03 2 2.95
2.92e+03 2 2.95
2.92e+03 2 2.95
2.92e+03 2 2.95
2.93e+03 2 2.95
2.93e+03 2 2.95
2.93e+03 2 2.95
2.93e+03 2 2.95
2.93e+03 2 2.95
2.93e+03 2 2.95
2.93e+03 2 2.95
2.93e+03 2 2.95
2.93e+03 2 2.95
2.94e+03 2 2.95
2.94e+03 2 2.95
2.94e+03 2 2.95
2.94e+03 2 2.95
2.94e+03 2 2.95
2.94e+03 2 2.95
2.94e+03 2 2.95
2.94e+03 2 2.95
2.94e+03 2 2.95
2.94e+03 2 2.95
2.94e+03 2 2.95
2.95e+03 2 2.95
2.95e+03 2 2.95
2.95e+03 2 2.95
2.95e+03 2 2.95
2.95e+03 2 2.95
2.95e+03 2 2.95
2.95e+03 2 2.95
2.95e+03 2 2.95
2.95e+03 2 2.95
2.96e+03 2 2.95
2.96e+03 2 2.95
2.96e+03 2 2.95
2.96e+03 2 2.95
2.96e+03 2 2.95
2.96e+03 2 2.95
2.96e+03 2 2.95
2.96e+03 2 2.95
2.96e+03 2 2.95
2.96e+03 2 2.95
2.96e+03 2 2.95
2.97e+03 2 2.94
2.97e+03 2 2.95
2.97e+03 2 2.95
2.97e+03 2 2.95
2.97e+03 2 2.95
2.97e+03 2 2.95
2.97e+03 2 2.95
2.97e+03 2 2.95
2.97e+03 2 2.95
2.98e+03 2 2.95
2.98e+03 2 2.95
2.98e+03 2 2.95
2.98e+03 2 2.95
2.98e+03 2 2.95
2.98e+03 2 2.95
2.98e+03 2 2.95
2.98e+03 2 2.95
2.98e+03 2 2.95
2.98e+03 2 2.95
2.98e+03 2 2.95
2.99e+03 2 2.95
2.99e+03 2 2.95
2.99e+03 2 2.95
2.99e+03 2 2.95
2.99e+03 2 2.95
2.99e+03 2 2.95
2.99e+03 2 2.95
2.99e+03 2 2.95
2.99e+03 2 2.95
3e+03 2 2.95
3e+03 2 2.95
3e+03 2 2.95
3e+03 2 2.95
3e+03 2 2.95
3e+03 2 2.95
3e+03 2 2.95
3e+03 2 2.95
3e+03 2 2.95
3e+03 2 2.95
3e+03 2 2.95
3.01e+03 2 2.95
3.01e+03 2 2.95
3.01e+03 2 2.95
3.01e+03 2 2.95
3.01e+03 2 2.95
3.01e+03 2 2.95
3.01e+03 2 2.95
3.01e+03 2 2.95
3.01e+03 2 2.95
3.02e+03 2 2.95
3.02e+03 2 2.95
3.02e+03 2 2.95
3.02e+03 2 2.95
3.02e+03 2 2.95
3.02e+03 2 2.95
3.02e+03 2 2.95
3.02e+03 2 2.95
3.02e+03 2 2.95
3.02e+03 2 2.95
3.02e+03 2 2.95
3.03e+03 2 2.95
3.03e+03 2 2.95
3.03e+03 2 2.95
3.03e+03 2 2.95
3.03e+03 2 2.95
3.03e+03 2 2.95
3.03e+03 2 2.95
3.03e+03 2 2.95
3.03e+03 2 2.95
3.04e+03 2 2.95
3.04e+03 2 2.95
3.04e+03 2 2.95
3.04e+03 2 2.95
3.04e+03 2 2.95
3.04e+03 2 2.95
3.04e+03 2 2.95
3.04e+03 2 2.95
3.04e+03 2 2.95
3.04e+03 2 2.95
3.04e+03 2 2.95
3.05e+03 2 2.95
3.05e+03 2 2.95
3.05e+03 2 2.95
3.05e+03 2 2.95
3.05e+03 2 2.95
3.05e+03 2 2.95
3.05e+03 2 2.95
3.05e+03 2 2.95
3.05e+03 2 2.95
3.06e+03 2 2.95
3.06e+03 2 2.95
3.06e+03 2 2.95
3.06e+03 2 2.95
3.06e+03 2 2.95
3.06e+03 2 2.95
3.06e+03 2 2.95
3.06e+03 2 2.95
3.06e+03 2 2.95
3.06e+03 2 2.95
3.06e+03 2 2.95
3.07e+03 2 2.95
3.07e+03 2 2.95
3.07e+03 2 2.95
3.07e+03 2 2.95
3.07e+03 2 2.95
3.07e+03 2 2.95
3.07e+03 2 2.95
3.07e+03 2 2.95
3.07e+03 2 2.95
3.08e+03 2 2.95
3.08e+03 2 2.95
3.08e+03 2 2.95
3.08e+03 2 2.95
3.08e+03 2 2.95
3.08e+03 2 2.95
3.08e+03 2 2.95
3.08e+03 2 2.95
3.08e+03 2 2.95
3.08e+03 2 2.95
3.08e+03 2 2.95
3.09e+03 2 2.95
3.09e+03 2 2.95
3.09e+03 2 2.95
3.09e+03 2 2.95
3.09e+03 2 2.95
3.09e+03 2 2.95
3.09e+03 2 2.95
3.09e+03 2 2.95
3.09e+03 2 2.95
3.1e+03 2 2.95
3.1e+03 2 2.95
3.1e+03 2 2.95
3.1e+03 2 2.95
3.1e+03 2 2.95
3.1e+03 2 2.95
3.1e+03 2 2.95
3.1e+03 2 2.95
3.1e+03 2 2.95
3.1e+03 2 2.95
3.1e+03 2 2.95
3.11e+03 2 2.95
3.11e+03 2 2.95
3.11e+03 2 2.95
3.11e+03 2 2.95
3.11e+03 2 2.95
3.11e+03 2 2.95
3.11e+03 2 2.95
3.11e+03 2 2.95
3.11e+03 2 2.95
3.12e+03 2 2.95
3.12e+03 2 2.95
3.12e+03 2 2.95
3.12e+03 2 2.95
3.12e+03 2 2.95
3.12e+03 2 2.95
3.12e+03 2 2.95
3.12e+03 2 2.95
3.12e+03 2 2.95
3.12e+03 2 2.95
3.12e+03 2 2.95
3.13e+03 2 2.95
3.13e+03 2 2.95
3.13e+03 2 2.95
3.13e+03 2 2.95
3.13e+03 2 2.95
3.13e+03 2 2.95
3.13e+03 2 2.95
3.13e+03 2 2.95
3.13e+03 2 2.95
3.14e+03 2 2.95
3.14e+03 2 2.95
3.14e+03 2 2.95
3.14e+03 2 2.95
3.14e+03 2 2.95
3.14e+03 2 2.95
3.14e+03 2 2.95
3.14e+03 2 2.95
3.14e+03 2 2.95
3.14e+03 2 2.95
3.14e+03 2 2.95
3.15e+03 2 2.95
3.15e+03 2 2.95
3.15e+03 2 2.95
3.15e+03 2 2.95
3.15e+03 2 2.95
3.15e+03 2 2.95
3.15e+03 2 2.95
3.15e+03 2 2.95
3.15e+03 2 2.95
3.16e+03 2 2.95
3.16e+03 2 2.95
3.16e+03 2 2.95
3.16e+03 2 2.95
3.16e+03 2 2.95
3.16e+03 2 2.95
3.16e+03 2 2.95
3.16e+03 2 2.95
3.16e+03 2 2.95
3.16e+03 2 2.95
3.16e+03 2 2.95
3.17e+03 2 2.95
3.17e+03 2 2.95
3.17e+03 2 2.95
3.17e+03 2 2.95
3.17e+03 2 2.95
3.17e+03 2 2.95
3.17e+03 2 2.95
3.17e+03 2 2.95
3.17e+03 2 2.95
3.18e+03 2 2.95
3.18e+03 2 2.95
3.18e+03 2 2.95
3.18e+03 2 2.95
3.18e+03 2 2.95
3.18e+03 2 2.95
3.18e+03 2 2.95
3.18e+03 2 2.95
3.18e+03 2 2.94
3.18e+03 2 2.94
3.18e+03 2 2.94
3.19e+03 2 2.94
3.19e+03 2 2.94
3.19e+03 2 2.94
3.19e+03 2 2.94
3.19e+03 2 2.94
3.19e+03 2 2.94
3.19e+03 2 2.94
3.19e+03 2 2.94
3.19e+03 2 2.94
3.2e+03 2 2.94
3.2e+03 2 2.94
3.2e+03 2 2.94
3.2e+03 2 2.94
3.2e+03 2 2.94
3.2e+03 2 2.94
3.2e+03 2 2.94
3.2e+03 2 2.94
3.2e+03 2 2.94
3.2e+03 2 2.94
3.2e+03 2 2.94
3.21e+03 2 2.94
3.21e+03 2 2.94
3.21e+03 2 2.94
3.21e+03 2 2.94
3.21e+03 2 2.94
3.21e+03 2 2.94
3.21e+03 2 2.94
3.21e+03 2 2.94
3.21e+03 2 2.94
3.22e+03 2 2.94
3.22e+03 2 2.94
3.22e+03 2 2.94
3.22e+03 2 2.94
3.22e+03 2 2.94
3.22e+03 2 2.94
3.22e+03 2 2.94
3.22e+03 2 2.94
3.22e+03 2 2.94
3.22e+03 2 2.94
3.22e+03 2 2.94
3.23e+03 2 2.94
3.23e+03 2 2.94
3.23e+03 2 2.94
3.23e+03 2 2.94
3.23e+03 2 2.94
3.23e+03 2 2.94
3.23e+03 2 2.94
3.23e+03 2 2.94
3.23e+03 2 2.94
3.24e+03 2 2.94
3.24e+03 2 2.94
3.24e+03 2 2.94
3.24e+03 2 2.94
3.24e+03 2 2.94
3.24e+03 2 2.94
3.24e+03 2 2.94
3.24e+03 2 2.94
3.24e+03 2 2.94
3.24e+03 2 2.94
3.24e+03 2 2.94
3.25e+03 2 2.94
3.25e+03 2 2.94
3.25e+03 2 2.94
3.25e+03 2 2.94
3.25e+03 2 2.94
3.25e+03 2 2.94
3.25e+03 2 2.94
3.25e+03 2 2.94
3.25e+03 2 2.94
3.26e+03 2 2.94
3.26e+03 2 2.94
3.26e+03 2 2.94
3.26e+03 2 2.94
3.26e+03 2 2.94
3.26e+03 2 2.94
3.26e+03 2 2.94
3.26e+03 2 2.94
3.26e+03 2 2.94
3.26e+03 2 2.94
3.26e+03 2 2.94
3.27e+03 2 2.94
3.27e+03 2 2.94
3.27e+03 2 2.94
3.27e+03 2 2.94
3.27e+03 2 2.94
3.27e+03 2 2.94
3.27e+03 2 2.94
3.27e+03 2 2.94
3.27e+03 2 2.94
3.28e+03 2 2.94
3.28e+03 2 2.94
3.28e+03 2 2.94
3.28e+03 2 2.94
3.28e+03 2 2.95
3.28e+03 2 2.95
3.28e+03 2 2.95
3.28e+03 2 2.95
3.28e+03 2 2.95
3.28e+03 2 2.95
3.28e+03 2 2.95
3.29e+03 2 2.95
3.29e+03 2 2.95
3.29e+03 2 2.95
3.29e+03 2 2.95
3.29e+03 2 2.95
3.29e+03 2 2.95
3.29e+03 2 2.95
3.29e+03 2 2.95
3.29e+03 2 2.95
3.3e+03 2 2.95
3.3e+03 2 2.95
3.3e+03 2 2.95
3.3e+03 2 2.95
3.3e+03 2 2.95
3.3e+03 2 2.95
3.3e+03 2 2.95
3.3e+03 2 2.95
3.3e+03 2 2.95
3.3e+03 2 2.95
3.3e+03 2 2.95
3.31e+03 2 2.95
3.31e+03 2 2.95
3.31e+03 2 2.95
3.31e+03 2 2.94
3.31e+03 2 2.95
3.31e+03 2 2.95
3.31e+03 2 2.95
3.31e+03 2 2.95
3.31e+03 2 2.95
3.32e+03 2 2.95
3.32e+03 2 2.95
3.32e+03 2 2.95
3.32e+03 2 2.95
3.32e+03 2 2.95
3.32e+03 2 2.95
3.32e+03 2 2.95
3.32e+03 2 2.95
3.32e+03 2 2.95
3.32e+03 2 2.95
3.32e+03 2 2.95
3.33e+03 2 2.95
3.33e+03 2 2.95
3.33e+03 2 2.95
3.33e+03 2 2.95
3.33e+03 2 2.95
3.33e+03 2 2.95
3.33e+03 2 2.95
3.33e+03 2 2.95
3.33e+03 2 2.95
3.34e+03 2 2.95
3.34e+03 2 2.95
3.34e+03 2 2.95
3.34e+03 2 2.95
3.34e+03 2 2.95
3.34e+03 2 2.95
3.34e+03 2 2.95
3.34e+03 2 2.95
3.34e+03 2 2.95
3.34e+03 2 2.95
3.34e+03 2 2.95
3.35e+03 2 2.95
3.35e+03 2 2.95
3.35e+03 2 2.95
3.35e+03 2 2.95
3.35e+03 2 2.95
3.35e+03 2 2.95
3.35e+03 2 2.95
3.35e+03 2 2.95
3.35e+03 2 2.95
3.36e+03 2 2.95
3.36e+03 2 2.95
3.36e+03 2 2.95
3.36e+03 2 2.95
3.36e+03 2 2.95
3.36e+03 2 2.96
3.36e+03 2 2.96
3.36e+03 2 2.96
3.36e+03 2 2.96
3.36e+03 2 2.96
3.36e+03 2 2.95
3.37e+03 2 2.95
3.37e+03 2 2.95
3.37e+03 2 2.95
3.37e+03 2 2.95
3.37e+03 2 2.95
3.37e+03 2 2.95
3.37e+03 2 2.95
3.37e+03 2 2.95
3.37e+03 2 2.95
3.38e+03 2 2.95
3.38e+03 2 2.95
3.38e+03 2 2.95
3.38e+03 2 2.95
3.38e+03 2 2.95
3.38e+03 2 2.95
3.38e+03 2 2.95
3.38e+03 2 2.95
3.38e+03 2 2.95
3.38e+03 2 2.95
3.38e+03 2 2.95
3.39e+03 2 2.95
3.39e+03 2 2.95
3.39e+03 2 2.95
3.39e+03 2 2.95
3.39e+03 2 2.95
3.39e+03 2 2.95
3.39e+03 2 2.95
3.39e+03 2 2.95
3.39e+03 2 2.95
3.4e+03 2 2.95
3.4e+03 2 2.96
3.4e+03 2 2.96
3.4e+03 2 2.96
3.4e+03 2 2.96
3.4e+03 2 2.96
3.4e+03 2 2.96
3.4e+03 2 2.96
3.4e+03 2 2.96
3.4e+03 2 2.96
3.4e+03 2 2.96
3.41e+03 2 2.96
3.41e+03 2 2.96
3.41e+03 2 2.96
3.41e+03 2 2.96
3.41e+03 2 2.96
3.41e+03 2 2.96
3.41e+03 2 2.96
3.41e+03 2 2.96
3.41e+03 2 2.95
3.42e+03 2 2.95
3.42e+03 2 2.95
3.42e+03 2 2.95
3.42e+03 2 2.95
3.42e+03 2 2.95
3.42e+03 2 2.95
3.42e+03 2 2.95
3.42e+03 2 2.96
3.42e+03 2 2.96
3.42e+03 2 2.96
3.42e+03 2 2.96
3.43e+03 2 2.95
3.43e+03 2 2.95
3.43e+03 2 2.95
3.43e+03 2 2.95
3.43e+03 2 2.96
3.43e+03 2 2.96
3.43e+03 2 2.96
3.43e+03 2 2.96
3.43e+03 2 2.95
3.44e+03 2 2.95
3.44e+03 2 2.96
3.44e+03 2 2.96
3.44e+03 2 2.96
3.44e+03 2 2.96
3.44e+03 2 2.96
3.44e+03 2 2.96
3.44e+03 2 2.96
3.44e+03 2 2.96
3.44e+03 2 2.96
3.44e+03 2 2.96
3.45e+03 2 2.96
3.45e+03 2 2.96
3.45e+03 2 2.96
3.45e+03 2 2.96
3.45e+03 2 2.96
3.45e+03 2 2.95
3.45e+03 2 2.95
3.45e+03 2 2.95
3.45e+03 2 2.95
3.46e+03 2 2.95
3.46e+03 2 2.95
3.46e+03 2 2.95
3.46e+03 2 2.95
3.46e+03 2 2.95
3.46e+03 2 2.95
3.46e+03 2 2.95
3.46e+03 2 2.95
3.46e+03 2 2.95
3.46e+03 2 2.95
3.46e+03 2 2.95
3.47e+03 2 2.95
3.47e+03 2 2.95
3.47e+03 2 2.95
3.47e+03 2 2.95
3.47e+03 2 2.95
3.47e+03 2 2.95
3.47e+03 2 2.95
3.47e+03 2 2.95
3.47e+03 2 2.95
3.48e+03 2 2.95
3.48e+03 2 2.95
3.48e+03 2 2.95
3.48e+03 2 2.95
3.48e+03 2 2.95
3.48e+03 2 2.95
3.48e+03 2 2.95
3.48e+03 2 2.95
3.48e+03 2 2.95
3.48e+03 2 2.95
3.48e+03 2 2.95
3.49e+03 2 2.95
3.49e+03 2 2.95
3.49e+03 2 2.95
3.49e+03 2 2.95
3.49e+03 2 2.95
3.49e+03 2 2.95
3.49e+03 2 2.95
3.49e+03 2 2.95
3.49e+03 2 2.95
3.5e+03 2 2.95
3.5e+03 2 2.95
3.5e+03 2 2.95
3.5e+03 2 2.95
3.5e+03 2 2.95
3.5e+03 2 2.95
3.5e+03 2 2.95
3.5e+03 2 2.95
3.5e+03 2 2.95
3.5e+03 2 2.95
3.5e+03 2 2.95
3.51e+03 2 2.95
3.51e+03 2 2.95
3.51e+03 2 2.95
3.51e+03 2 2.95
3.51e+03 2 2.95
3.51e+03 2 2.95
3.51e+03 2 2.95
3.51e+03 2 2.95
3.51e+03 2 2.95
3.52e+03 2 2.95
3.52e+03 2 2.95
3.52e+03 2 2.95
3.52e+03 2 2.95
3.52e+03 2 2.95
3.52e+03 2 2.95
3.52e+03 2 2.95
3.52e+03 2 2.95
3.52e+03 2 2.95
3.52e+03 2 2.95
3.52e+03 2 2.95
3.53e+03 2 2.95
3.53e+03 2 2.95
3.53e+03 2 2.95
3.53e+03 2 2.95
3.53e+03 2 2.95
3.53e+03 2 2.95
3.53e+03 2 2.95
3.53e+03 2 2.95
3.53e+03 2 2.95
3.54e+03 2 2.95
3.54e+03 2 2.95
3.54e+03 2 2.95
3.54e+03 2 2.95
3.54e+03 2 2.95
3.54e+03 2 2.95
3.54e+03 2 2.95
3.54e+03 2 2.95
3.54e+03 2 2.95
3.54e+03 2 2.95
3.54e+03 2 2.95
3.55e+03 2 2.95
3.55e+03 2 2.95
3.55e+03 2 2.95
3.55e+03 2 2.95
3.55e+03 2 2.95
3.55e+03 2 2.95
3.55e+03 2 2.95
3.55e+03 2 2.95
3.55e+03 2 2.95
3.56e+03 2 2.95
3.56e+03 2 2.95
3.56e+03 2 2.95
3.56e+03 2 2.95
3.56e+03 2 2.95
3.56e+03 2 2.95
3.56e+03 2 2.95
3.56e+03 2 2.95
3.56e+03 2 2.95
3.56e+03 2 2.95
3.56e+03 2 2.95
3.57e+03 2 2.95
3.57e+03 2 2.95
3.57e+03 2 2.95
3.57e+03 2 2.95
3.57e+03 2 2.95
3.57e+03 2 2.95
3.57e+03 2 2.95
3.57e+03 2 2.95
3.57e+03 2 2.95
3.58e+03 2 2.95
3.58e+03 2 2.95
3.58e+03 2 2.95
3.58e+03 2 2.95
3.58e+03 2 2.95
3.58e+03 2 2.95
3.58e+03 2 2.95
3.58e+03 2 2.95
3.58e+03 2 2.95
3.58e+03 2 2.95
3.58e+03 2 2.95
3.59e+03 2 2.95
3.59e+03 2 2.95
3.59e+03 2 2.95
3.59e+03 2 2.95
3.59e+03 2 2.95
3.59e+03 2 2.95
3.59e+03 2 2.95
3.59e+03 2 2.95
3.59e+03 2 2.95
3.6e+03 2 2.95
3.6e+03 2 2.95
3.6e+03 2 2.94
3.6e+03 2 2.94
3.6e+03 2 2.94
3.6e+03 2 2.95
3.6e+03 2 2.95
3.6e+03 2 2.95
3.6e+03 2 2.95
3.6e+03 2 2.95
3.6e+03 2 2.95
3.61e+03 2 2.95
3.61e+03 2 2.95
3.61e+03 2 2.95
3.61e+03 2 2.95
3.61e+03 2 2.95
3.61e+03 2 2.95
3.61e+03 2 2.95
3.61e+03 2 2.95
3.61e+03 2 2.95
3.62e+03 2 2.95
3.62e+03 2 2.95
3.62e+03 2 2.95
3.62e+03 2 2.95
3.62e+03 2 2.95
3.62e+03 2 2.95
3.62e+03 2 2.95
3.62e+03 2 2.95
3.62e+03 2 2.95
3.62e+03 2 2.95
3.62e+03 2 2.95
3.63e+03 2 2.94
3.63e+03 2 2.95
3.63e+03 2 2.95
3.63e+03 2 2.95
3.63e+03 2 2.95
3.63e+03 2 2.95
3.63e+03 2 2.95
3.63e+03 2 2.94
3.63e+03 2 2.94
3.64e+03 2 2.94
3.64e+03 2 2.94
3.64e+03 2 2.94
3.64e+03 2 2.94
3.64e+03 2 2.94
3.64e+03 2 2.94
3.64e+03 2 2.94
3.64e+03 2 2.94
3.64e+03 2 2.94
3.64e+03 2 2.94
3.64e+03 2 2.94
3.65e+03 2 2.94
3.65e+03 2 2.94
3.65e+03 2 2.94
3.65e+03 2 2.94
3.65e+03 2 2.94
3.65e+03 2 2.94
3.65e+03 2 2.94
3.65e+03 2 2.94
3.65e+03 2 2.94
3.66e+03 2 2.94
3.66e+03 2 2.94
3.66e+03 2 2.94
3.66e+03 2 2.94
3.66e+03 2 2.94
3.66e+03 2 2.94
3.66e+03 2 2.94
3.66e+03 2 2.94
3.66e+03 2 2.94
3.66e+03 2 2.94
3.66e+03 2 2.94
3.67e+03 2 2.94
3.67e+03 2 2.94
3.67e+03 2 2.94
3.67e+03 2 2.94
3.67e+03 2 2.94
3.67e+03 2 2.94
3.67e+03 2 2.94
3.67e+03 2 2.94
3.67e+03 2 2.94
3.68e+03 2 2.94
3.68e+03 2 2.94
3.68e+03 2 2.94
3.68e+03 2 2.94
3.68e+03 2 2.94
3.68e+03 2 2.94
3.68e+03 2 2.94
3.68e+03 2 2.94
3.68e+03 2 2.94
3.68e+03 2 2.94
3.68e+03 2 2.94
3.69e+03 2 2.94
3.69e+03 2 2.94
3.69e+03 2 2.94
3.69e+03 2 2.94
3.69e+03 2 2.94
3.69e+03 2 2.94
3.69e+03 2 2.94
3.69e+03 2 2.94
3.69e+03 2 2.94
3.7e+03 2 2.94
3.7e+03 2 2.94
3.7e+03 2 2.94
3.7e+03 2 2.94
3.7e+03 2 2.94
3.7e+03 2 2.94
3.7e+03 2 2.94
3.7e+03 2 2.94
3.7e+03 2 2.94
3.7e+03 2 2.94
3.7e+03 2 2.94
3.71e+03 2 2.94
3.71e+03 2 2.94
3.71e+03 2 2.94
3.71e+03 2 2.94
3.71e+03 2 2.94
3.71e+03 2 2.93
3.71e+03 2 2.94
3.71e+03 2 2.94
3.71e+03 2 2.93
3.72e+03 2 2.94
3.72e+03 2 2.93
3.72e+03 2 2.93
3.72e+03 2 2.93
3.72e+03 2 2.93
3.72e+03 2 2.93
3.72e+03 2 2.93
3.72e+03 2 2.93
3.72e+03 2 2.94
3.72e+03 2 2.94
3.72e+03 2 2.94
3.73e+03 2 2.94
3.73e+03 2 2.93
3.73e+03 2 2.93
3.73e+03 2 2.93
3.73e+03 2 2.93
3.73e+03 2 2.93
3.73e+03 2 2.93
3.73e+03 2 2.93
3.73e+03 2 2.93
3.74e+03 2 2.93
3.74e+03 2 2.93
3.74e+03 2 2.93
3.74e+03 2 2.93
3.74e+03 2 2.93
3.74e+03 2 2.93
3.74e+03 2 2.93
3.74e+03 2 2.93
3.74e+03 2 2.93
3.74e+03 2 2.93
3.74e+03 2 2.93
3.75e+03 2 2.93
3.75e+03 2 2.93
3.75e+03 2 2.94
3.75e+03 2 2.94
3.75e+03 2 2.94
3.75e+03 2 2.94
3.75e+03 2 2.93
3.75e+03 2 2.93
3.75e+03 2 2.93
3.76e+03 2 2.93
3.76e+03 2 2.93
3.76e+03 2 2.93
3.76e+03 2 2.93
3.76e+03 2 2.93
3.76e+03 2 2.94
3.76e+03 2 2.94
3.76e+03 2 2.94
3.76e+03 2 2.94
3.76e+03 2 2.94
3.76e+03 2 2.94
3.77e+03 2 2.94
3.77e+03 2 2.94
3.77e+03 2 2.94
3.77e+03 2 2.93
3.77e+03 2 2.93
3.77e+03 2 2.93
3.77e+03 2 2.93
3.77e+03 2 2.93
3.77e+03 2 2.93
3.78e+03 2 2.93
3.78e+03 2 2.93
3.78e+03 2 2.93
3.78e+03 2 2.93
3.78e+03 2 2.93
3.78e+03 2 2.93
3.78e+03 2 2.93
3.78e+03 2 2.94
3.78e+03 2 2.94
3.78e+03 2 2.94
3.78e+03 2 2.94
3.79e+03 2 2.94
3.79e+03 2 2.94
3.79e+03 2 2.94
3.79e+03 2 2.94
3.79e+03 2 2.94
3.79e+03 2 2.94
3.79e+03 2 2.94
3.79e+03 2 2.94
3.79e+03 2 2.94
3.8e+03 2 2.94
3.8e+03 2 2.94
3.8e+03 2 2.94
3.8e+03 2 2.94
3.8e+03 2 2.94
3.8e+03 2 2.94
3.8e+03 2 2.94
3.8e+03 2 2.94
3.8e+03 2 2.94
3.8e+03 2 2.94
3.8e+03 2 2.94
3.81e+03 2 2.94
3.81e+03 2 2.94
3.81e+03 2 2.94
3.81e+03 2 2.94
3.81e+03 2 2.94
3.81e+03 2 2.94
3.81e+03 2 2.94
3.81e+03 2 2.94
3.81e+03 2 2.94
3.82e+03 2 2.94
3.82e+03 2 2.94
3.82e+03 2 2.94
3.82e+03 2 2.94
3.82e+03 2 2.94
3.82e+03 2 2.94
3.82e+03 2 2.94
3.82e+03 2 2.94
3.82e+03 2 2.94
3.82e+03 2 2.94
3.82e+03 2 2.94
3.83e+03 2 2.94
3.83e+03 2 2.94
3.83e+03 2 2.94
3.83e+03 2 2.94
3.83e+03 2 2.94
3.83e+03 2 2.94
3.83e+03 2 2.94
3.83e+03 2 2.94
3.83e+03 2 2.94
3.84e+03 2 2.94
3.84e+03 2 2.94
3.84e+03 2 2.94
3.84e+03 2 2.94
3.84e+03 2 2.94
3.84e+03 2 2.94
3.84e+03 2 2.94
3.84e+03 2 2.94
3.84e+03 2 2.94
3.84e+03 2 2.94
3.84e+03 2 2.94
3.85e+03 2 2.94
3.85e+03 2 2.94
3.85e+03 2 2.94
3.85e+03 2 2.94
3.85e+03 2 2.94
3.85e+03 2 2.94
3.85e+03 2 2.94
3.85e+03 2 2.94
3.85e+03 2 2.94
3.86e+03 2 2.93
3.86e+03 2 2.93
3.86e+03 2 2.93
3.86e+03 2 2.93
3.86e+03 2 2.93
3.86e+03 2 2.93
3.86e+03 2 2.93
3.86e+03 2 2.93
3.86e+03 2 2.93
3.86e+03 2 2.93
3.86e+03 2 2.93
3.87e+03 2 2.93
3.87e+03 2 2.93
3.87e+03 2 2.93
3.87e+03 2 2.93
3.87e+03 2 2.93
3.87e+03 2 2.93
3.87e+03 2 2.93
3.87e+03 2 2.93
3.87e+03 2 2.93
3.88e+03 2 2.93
3.88e+03 2 2.93
3.88e+03 2 2.93
3.88e+03 2 2.93
3.88e+03 2 2.93
3.88e+03 2 2.93
3.88e+03 2 2.93
3.88e+03 2 2.93
3.88e+03 2 2.93
3.88e+03 2 2.93
3.88e+03 2 2.93
3.89e+03 2 2.93
3.89e+03 2 2.93
3.89e+03 2 2.93
3.89e+03 2 2.93
3.89e+03 2 2.93
3.89e+03 2 2.93
3.89e+03 2 2.93
3.89e+03 2 2.93
3.89e+03 2 2.93
3.9e+03 2 2.93
3.9e+03 2 2.93
3.9e+03 2 2.93
3.9e+03 2 2.93
3.9e+03 2 2.93
3.9e+03 2 2.93
3.9e+03 2 2.93
3.9e+03 2 2.93
3.9e+03 2 2.93
3.9e+03 2 2.93
3.9e+03 2 2.93
3.91e+03 2 2.93
3.91e+03 2 2.93
3.91e+03 2 2.93
3.91e+03 2 2.93
3.91e+03 2 2.93
3.91e+03 2 2.93
3.91e+03 2 2.93
3.91e+03 2 2.93
3.91e+03 2 2.93
3.92e+03 2 2.93
3.92e+03 2 2.93
3.92e+03 2 2.93
3.92e+03 2 2.93
3.92e+03 2 2.93
3.92e+03 2 2.93
3.92e+03 2 2.93
3.92e+03 2 2.93
3.92e+03 2 2.93
3.92e+03 2 2.93
3.92e+03 2 2.93
3.93e+03 2 2.93
3.93e+03 2 2.93
3.93e+03 2 2.93
3.93e+03 2 2.93
3.93e+03 2 2.93
3.93e+03 2 2.93
3.93e+03 2 2.93
3.93e+03 2 2.93
3.93e+03 2 2.93
3.94e+03 2 2.93
3.94e+03 2 2.93
3.94e+03 2 2.93
3.94e+03 2 2.93
3.94e+03 2 2.93
3.94e+03 2 2.93
3.94e+03 2 2.93
3.94e+03 2 2.93
3.94e+03 2 2.93
3.94e+03 2 2.93
3.94e+03 2 2.93
3.95e+03 2 2.93
3.95e+03 2 2.93
3.95e+03 2 2.93
3.95e+03 2 2.94
3.95e+03 2 2.93
3.95e+03 2 2.93
3.95e+03 2 2.93
3.95e+03 2 2.93
3.95e+03 2 2.94
3.96e+03 2 2.94
3.96e+03 2 2.94
3.96e+03 2 2.94
3.96e+03 2 2.94
3.96e+03 2 2.94
3.96e+03 2 2.94
3.96e+03 2 2.94
3.96e+03 2 2.94
3.96e+03 2 2.94
3.96e+03 2 2.94
3.96e+03 2 2.94
3.97e+03 2 2.94
3.97e+03 2 2.94
3.97e+03 2 2.94
3.97e+03 2 2.94
3.97e+03 2 2.94
3.97e+03 2 2.94
3.97e+03 2 2.94
3.97e+03 2 2.94
3.97e+03 2 2.94
3.98e+03 2 2.94
3.98e+03 2 2.94
3.98e+03 2 2.94
3.98e+03 2 2.94
3.98e+03 2 2.94
3.98e+03 2 2.94
3.98e+03 2 2.94
3.98e+03 2 2.94
3.98e+03 2 2.94
3.98e+03 2 2.93
3.98e+03 2 2.94
3.99e+03 2 2.93
3.99e+03 2 2.93
3.99e+03 2 2.93
3.99e+03 2 2.93
3.99e+03 2 2.93
3.99e+03 2 2.93
3.99e+03 2 2.93
3.99e+03 2 2.93
3.99e+03 2 2.93
4e+03 2 2.94
4e+03 2 2.94
4e+03 2 2.93
4e+03 2 2.93
4e+03 2 2.93
4e+03 2 2.93
4e+03 2 2.93
4e+03 2 2.93
4e+03 2 2.93
4e+03 2 2.93
4e+03 2 2.93
4.01e+03 2 2.93
4.01e+03 2 2.93
4.01e+03 2 2.93
4.01e+03 2 2.93
4.01e+03 2 2.93
4.01e+03 2 2.93
4.01e+03 2 2.93
4.01e+03 2 2.93
4.01e+03 2 2.93
4.02e+03 2 2.93
4.02e+03 2 2.93
4.02e+03 2 2.93
4.02e+03 2 2.93
4.02e+03 2 2.93
4.02e+03 2 2.93
4.02e+03 2 2.93
4.02e+03 2 2.93
4.02e+03 2 2.93
4.02e+03 2 2.93
4.02e+03 2 2.93
4.03e+03 2 2.93
4.03e+03 2 2.93
4.03e+03 2 2.93
4.03e+03 2 2.93
4.03e+03 2 2.93
4.03e+03 2 2.93
4.03e+03 2 2.93
4.03e+03 2 2.93
4.03e+03 2 2.94
4.04e+03 2 2.94
4.04e+03 2 2.94
4.04e+03 2 2.94
4.04e+03 2 2.94
4.04e+03 2 2.94
4.04e+03 2 2.94
4.04e+03 2 2.94
4.04e+03 2 2.94
4.04e+03 2 2.94
4.04e+03 2 2.94
4.04e+03 2 2.94
4.05e+03 2 2.94
4.05e+03 2 2.94
4.05e+03 2 2.94
4.05e+03 2 2.94
4.05e+03 2 2.94
4.05e+03 2 2.94
4.05e+03 2 2.94
4.05e+03 2 2.94
4.05e+03 2 2.93
4.06e+03 2 2.93
4.06e+03 2 2.93
4.06e+03 2 2.93
4.06e+03 2 2.93
4.06e+03 2 2.94
4.06e+03 2 2.93
4.06e+03 2 2.93
4.06e+03 2 2.93
4.06e+03 2 2.93
4.06e+03 2 2.93
4.06e+03 2 2.93
4.07e+03 2 2.93
4.07e+03 2 2.93
4.07e+03 2 2.93
4.07e+03 2 2.93
4.07e+03 2 2.93
4.07e+03 2 2.93
4.07e+03 2 2.93
4.07e+03 2 2.93
4.07e+03 2 2.93
4.08e+03 2 2.93
4.08e+03 2 2.93
4.08e+03 2 2.93
4.08e+03 2 2.93
4.08e+03 2 2.93
4.08e+03 2 2.93
4.08e+03 2 2.93
4.08e+03 2 2.93
4.08e+03 2 2.93
4.08e+03 2 2.93
4.08e+03 2 2.93
4.09e+03 2 2.93
4.09e+03 2 2.93
4.09e+03 2 2.93
4.09e+03 2 2.93
4.09e+03 2 2.93
4.09e+03 2 2.93
4.09e+03 2 2.93
4.09e+03 2 2.93
4.09e+03 2 2.93
4.1e+03 2 2.93
4.1e+03 2 2.93
4.1e+03 2 2.93
4.1e+03 2 2.93
4.1e+03 2 2.93
4.1e+03 2 2.93
4.1e+03 2 2.93
4.1e+03 2 2.93
4.1e+03 2 2.93
4.1e+03 2 2.93
4.1e+03 2 2.93
4.11e+03 2 2.93
4.11e+03 2 2.93
4.11e+03 2 2.93
4.11e+03 2 2.93
4.11e+03 2 2.93
4.11e+03 2 2.93
4.11e+03 2 2.93
4.11e+03 2 2.93
4.11e+03 2 2.93
4.12e+03 2 2.93
4.12e+03 2 2.93
4.12e+03 2 2.93
4.12e+03 2 2.93
4.12e+03 2 2.93
4.12e+03 2 2.93
4.12e+03 2 2.94
4.12e+03 2 2.94
4.12e+03 2 2.94
4.12e+03 2 2.94
4.12e+03 2 2.94
4.13e+03 2 2.94
4.13e+03 2 2.94
4.13e+03 2 2.94
4.13e+03 2 2.94
4.13e+03 2 2.94
4.13e+03 2 2.94
4.13e+03 2 2.94
4.13e+03 2 2.94
4.13e+03 2 2.94
4.14e+03 2 2.94
4.14e+03 2 2.93
4.14e+03 2 2.93
4.14e+03 2 2.93
4.14e+03 2 2.93
4.14e+03 2 2.93
4.14e+03 2 2.94
4.14e+03 2 2.94
4.14e+03 2 2.94
4.14e+03 2 2.94
4.14e+03 2 2.94
4.15e+03 2 2.93
4.15e+03 2 2.93
4.15e+03 2 2.93
4.15e+03 2 2.93
4.15e+03 2 2.93
4.15e+03 2 2.93
4.15e+03 2 2.93
4.15e+03 2 2.93
4.15e+03 2 2.93
4.16e+03 2 2.93
4.16e+03 2 2.93
4.16e+03 2 2.93
4.16e+03 2 2.93
4.16e+03 2 2.93
4.16e+03 2 2.93
4.16e+03 2 2.93
4.16e+03 2 2.93
4.16e+03 2 2.93
4.16e+03 2 2.93
4.16e+03 2 2.93
4.17e+03 2 2.93
4.17e+03 2 2.93
4.17e+03 2 2.93
4.17e+03 2 2.93
4.17e+03 2 2.93
4.17e+03 2 2.93
4.17e+03 2 2.93
4.17e+03 2 2.93
4.17e+03 2 2.93
4.18e+03 2 2.93
4.18e+03 2 2.93
4.18e+03 2 2.93
4.18e+03 2 2.93
4.18e+03 2 2.93
4.18e+03 2 2.93
4.18e+03 2 2.93
4.18e+03 2 2.93
4.18e+03 2 2.93
4.18e+03 2 2.93
4.18e+03 2 2.93
4.19e+03 2 2.93
4.19e+03 2 2.93
4.19e+03 2 2.93
4.19e+03 2 2.93
4.19e+03 2 2.93
4.19e+03 2 2.93
4.19e+03 2 2.93
4.19e+03 2 2.93
4.19e+03 2 2.93
4.2e+03 2 2.93
4.2e+03 2 2.93
4.2e+03 2 2.93
4.2e+03 2 2.93
4.2e+03 2 2.93
4.2e+03 2 2.93
4.2e+03 2 2.93
4.2e+03 2 2.93
4.2e+03 2 2.93
4.2e+03 2 2.93
4.2e+03 2 2.93
4.21e+03 2 2.93
4.21e+03 2 2.93
4.21e+03 2 2.93
4.21e+03 2 2.93
4.21e+03 2 2.93
4.21e+03 2 2.93
4.21e+03 2 2.93
4.21e+03 2 2.93
4.21e+03 2 2.93
4.22e+03 2 2.93
4.22e+03 2 2.93
4.22e+03 2 2.93
4.22e+03 2 2.93
4.22e+03 2 2.93
4.22e+03 2 2.93
4.22e+03 2 2.93
4.22e+03 2 2.93
4.22e+03 2 2.93
4.22e+03 2 2.93
4.22e+03 2 2.93
4.23e+03 2 2.93
4.23e+03 2 2.93
4.23e+03 2 2.93
4.23e+03 2 2.93
4.23e+03 2 2.93
4.23e+03 2 2.93
4.23e+03 2 2.93
4.23e+03 2 2.94
4.23e+03 2 2.93
4.24e+03 2 2.93
4.24e+03 2 2.93
4.24e+03 2 2.94
4.24e+03 2 2.93
4.24e+03 2 2.93
4.24e+03 2 2.93
4.24e+03 2 2.93
4.24e+03 2 2.93
4.24e+03 2 2.93
4.24e+03 2 2.93
4.24e+03 2 2.94
4.25e+03 2 2.94
4.25e+03 2 2.93
4.25e+03 2 2.93
4.25e+03 2 2.93
4.25e+03 2 2.93
4.25e+03 2 2.93
4.25e+03 2 2.93
4.25e+03 2 2.93
4.25e+03 2 2.93
4.26e+03 2 2.93
4.26e+03 2 2.93
4.26e+03 2 2.93
4.26e+03 2 2.93
4.26e+03 2 2.93
4.26e+03 2 2.93
4.26e+03 2 2.93
4.26e+03 2 2.93
4.26e+03 2 2.93
4.26e+03 2 2.93
4.26e+03 2 2.93
4.27e+03 2 2.94
4.27e+03 2 2.94
4.27e+03 2 2.93
4.27e+03 2 2.94
4.27e+03 2 2.94
4.27e+03 2 2.94
4.27e+03 2 2.94
4.27e+03 2 2.93
4.27e+03 2 2.93
4.28e+03 2 2.93
4.28e+03 2 2.93
4.28e+03 2 2.93
4.28e+03 2 2.93
4.28e+03 2 2.93
4.28e+03 2 2.93
4.28e+03 2 2.94
4.28e+03 2 2.94
4.28e+03 2 2.94
4.28e+03 2 2.94
4.28e+03 2 2.94
4.29e+03 2 2.94
4.29e+03 2 2.94
4.29e+03 2 2.94
4.29e+03 2 2.94
4.29e+03 2 2.94
4.29e+03 2 2.94
4.29e+03 2 2.94
4.29e+03 2 2.94
4.29e+03 2 2.94
4.3e+03 2 2.94
4.3e+03 2 2.94
4.3e+03 2 2.94
4.3e+03 2 2.94
4.3e+03 2 2.94
4.3e+03 2 2.94
4.3e+03 2 2.94
4.3e+03 2 2.94
4.3e+03 2 2.94
4.3e+03 2 2.94
4.3e+03 2 2.94
4.31e+03 2 2.94
4.31e+03 2 2.94
4.31e+03 2 2.94
4.31e+03 2 2.94
4.31e+03 2 2.94
4.31e+03 2 2.94
4.31e+03 2 2.94
4.31e+03 2 2.94
4.31e+03 2 2.94
4.32e+03 2 2.94
4.32e+03 2 2.94
4.32e+03 2 2.94
4.32e+03 2 2.94
4.32e+03 2 2.94
4.32e+03 2 2.94
4.32e+03 2 2.94
4.32e+03 2 2.94
4.32e+03 2 2.94
4.32e+03 2 2.94
4.32e+03 2 2.94
4.33e+03 2 2.94
4.33e+03 2 2.94
4.33e+03 2 2.94
4.33e+03 2 2.94
4.33e+03 2 2.94
4.33e+03 2 2.94
4.33e+03 2 2.94
4.33e+03 2 2.94
4.33e+03 2 2.94
4.34e+03 2 2.94
4.34e+03 2 2.94
4.34e+03 2 2.94
4.34e+03 2 2.94
4.34e+03 2 2.94
4.34e+03 2 2.94
4.34e+03 2 2.94
4.34e+03 2 2.94
4.34e+03 2 2.94
4.34e+03 2 2.94
4.34e+03 2 2.93
4.35e+03 2 2.93
4.35e+03 2 2.94
4.35e+03 2 2.93
4.35e+03 2 2.94
4.35e+03 2 2.94
4.35e+03 2 2.94
4.35e+03 2 2.94
4.35e+03 2 2.94
4.35e+03 2 2.94
4.36e+03 2 2.94
4.36e+03 2 2.94
4.36e+03 2 2.94
4.36e+03 2 2.94
4.36e+03 2 2.94
4.36e+03 2 2.94
4.36e+03 2 2.94
4.36e+03 2 2.94
4.36e+03 2 2.94
4.36e+03 2 2.94
4.36e+03 2 2.94
4.37e+03 2 2.94
4.37e+03 2 2.94
4.37e+03 2 2.94
4.37e+03 2 2.94
4.37e+03 2 2.94
4.37e+03 2 2.94
4.37e+03 2 2.94
4.37e+03 2 2.94
4.37e+03 2 2.94
4.38e+03 2 2.94
4.38e+03 2 2.94
4.38e+03 2 2.94
4.38e+03 2 2.94
4.38e+03 2 2.94
4.38e+03 2 2.94
4.38e+03 2 2.94
4.38e+03 2 2.94
4.38e+03 2 2.94
4.38e+03 2 2.94
4.38e+03 2 2.94
4.39e+03 2 2.94
4.39e+03 2 2.94
4.39e+03 2 2.94
4.39e+03 2 2.94
4.39e+03 2 2.94
4.39e+03 2 2.94
4.39e+03 2 2.94
4.39e+03 2 2.94
4.39e+03 2 2.94
4.4e+03 2 2.94
4.4e+03 2 2.94
4.4e+03 2 2.94
4.4e+03 2 2.94
4.4e+03 2 2.94
4.4e+03 2 2.94
4.4e+03 2 2.94
4.4e+03 2 2.94
4.4e+03 2 2.94
4.4e+03 2 2.94
4.4e+03 2 2.94
4.41e+03 2 2.94
4.41e+03 2 2.94
4.41e+03 2 2.94
4.41e+03 2 2.94
4.41e+03 2 2.94
4.41e+03 2 2.94
4.41e+03 2 2.94
4.41e+03 2 2.94
4.41e+03 2 2.94
4.42e+03 2 2.94
4.42e+03 2 2.94
4.42e+03 2 2.94
4.42e+03 2 2.94
4.42e+03 2 2.94
4.42e+03 2 2.94
4.42e+03 2 2.94
4.42e+03 2 2.94
4.42e+03 2 2.94
4.42e+03 2 2.94
4.42e+03 2 2.94
4.43e+03 2 2.94
4.43e+03 2 2.94
4.43e+03 2 2.94
4.43e+03 2 2.94
4.43e+03 2 2.94
4.43e+03 2 2.94
4.43e+03 2 2.94
4.43e+03 2 2.94
4.43e+03 2 2.94
4.44e+03 2 2.94
4.44e+03 2 2.94
4.44e+03 2 2.94
4.44e+03 2 2.94
4.44e+03 2 2.94
4.44e+03 2 2.94
4.44e+03 2 2.94
4.44e+03 2 2.94
4.44e+03 2 2.94
4.44e+03 2 2.94
4.44e+03 2 2.94
4.45e+03 2 2.94
4.45e+03 2 2.94
4.45e+03 2 2.94
4.45e+03 2 2.94
4.45e+03 2 2.94
4.45e+03 2 2.94
4.45e+03 2 2.94
4.45e+03 2 2.94
4.45e+03 2 2.94
4.46e+03 2 2.94
4.46e+03 2 2.94
4.46e+03 2 2.94
4.46e+03 2 2.94
4.46e+03 2 2.94
4.46e+03 2 2.94
4.46e+03 2 2.94
4.46e+03 2 2.94
4.46e+03 2 2.94
4.46e+03 2 2.94
4.46e+03 2 2.94
4.47e+03 2 2.94
4.47e+03 2 2.94
4.47e+03 2 2.94
4.47e+03 2 2.94
4.47e+03 2 2.94
4.47e+03 2 2.94
4.47e+03 2 2.94
4.47e+03 2 2.94
4.47e+03 2 2.94
4.48e+03 2 2.94
4.48e+03 2 2.94
4.48e+03 2 2.94
4.48e+03 2 2.94
4.48e+03 2 2.94
4.48e+03 2 2.94
4.48e+03 2 2.94
4.48e+03 2 2.94
4.48e+03 2 2.94
4.48e+03 2 2.94
4.48e+03 2 2.94
4.49e+03 2 2.94
4.49e+03 2 2.94
4.49e+03 2 2.94
4.49e+03 2 2.94
4.49e+03 2 2.94
4.49e+03 2 2.94
4.49e+03 2 2.94
4.49e+03 2 2.94
4.49e+03 2 2.94
4.5e+03 2 2.94
4.5e+03 2 2.94
4.5e+03 2 2.94
4.5e+03 2 2.94
4.5e+03 2 2.94
4.5e+03 2 2.94
4.5e+03 2 2.94
4.5e+03 2 2.94
4.5e+03 2 2.94
4.5e+03 2 2.94
4.5e+03 2 2.94
4.51e+03 2 2.94
4.51e+03 2 2.94
4.51e+03 2 2.94
4.51e+03 2 2.94
4.51e+03 2 2.94
4.51e+03 2 2.94
4.51e+03 2 2.94
4.51e+03 2 2.94
4.51e+03 2 2.94
4.52e+03 2 2.94
4.52e+03 2 2.94
4.52e+03 2 2.94
4.52e+03 2 2.94
4.52e+03 2 2.94
4.52e+03 2 2.94
4.52e+03 2 2.94
4.52e+03 2 2.94
4.52e+03 2 2.94
4.52e+03 2 2.94
4.52e+03 2 2.94
4.53e+03 2 2.94
4.53e+03 2 2.94
4.53e+03 2 2.94
4.53e+03 2 2.94
4.53e+03 2 2.94
4.53e+03 2 2.94
4.53e+03 2 2.94
4.53e+03 2 2.94
4.53e+03 2 2.95
4.54e+03 2 2.95
4.54e+03 2 2.95
4.54e+03 2 2.95
4.54e+03 2 2.95
4.54e+03 2 2.95
4.54e+03 2 2.94
4.54e+03 2 2.94
4.54e+03 2 2.94
4.54e+03 2 2.94
4.54e+03 2 2.94
4.54e+03 2 2.94
4.55e+03 2 2.95
4.55e+03 2 2.95
4.55e+03 2 2.94
4.55e+03 2 2.94
4.55e+03 2 2.94
4.55e+03 2 2.95
4.55e+03 2 2.95
4.55e+03 2 2.95
4.55e+03 2 2.95
4.56e+03 2 2.94
4.56e+03 2 2.94
4.56e+03 2 2.95
4.56e+03 2 2.94
4.56e+03 2 2.94
4.56e+03 2 2.94
4.56e+03 2 2.94
4.56e+03 2 2.94
4.56e+03 2 2.94
4.56e+03 2 2.95
4.56e+03 2 2.95
4.57e+03 2 2.95
4.57e+03 2 2.95
4.57e+03 2 2.95
4.57e+03 2 2.95
4.57e+03 2 2.95
4.57e+03 2 2.95
4.57e+03 2 2.95
4.57e+03 2 2.95
4.57e+03 2 2.95
4.58e+03 2 2.95
4.58e+03 2 2.95
4.58e+03 2 2.95
4.58e+03 2 2.95
4.58e+03 2 2.95
4.58e+03 2 2.95
4.58e+03 2 2.95
4.58e+03 2 2.95
4.58e+03 2 2.95
4.58e+03 2 2.95
4.58e+03 2 2.95
4.59e+03 2 2.95
4.59e+03 2 2.95
4.59e+03 2 2.95
4.59e+03 2 2.95
4.59e+03 2 2.95
4.59e+03 2 2.95
4.59e+03 2 2.95
4.59e+03 2 2.95
4.59e+03 2 2.95
4.6e+03 2 2.95
4.6e+03 2 2.95
4.6e+03 2 2.95
4.6e+03 2 2.95
4.6e+03 2 2.95
4.6e+03 2 2.95
4.6e+03 2 2.95
4.6e+03 2 2.95
4.6e+03 2 2.95
4.6e+03 2 2.95
4.6e+03 2 2.95
4.61e+03 2 2.95
4.61e+03 2 2.95
4.61e+03 2 2.95
4.61e+03 2 2.95
4.61e+03 2 2.95
4.61e+03 2 2.95
4.61e+03 2 2.95
4.61e+03 2 2.95
4.61e+03 2 2.95
4.62e+03 2 2.95
4.62e+03 2 2.95
4.62e+03 2 2.95
4.62e+03 2 2.95
4.62e+03 2 2.95
4.62e+03 2 2.95
4.62e+03 2 2.95
4.62e+03 2 2.95
4.62e+03 2 2.95
4.62e+03 2 2.95
4.62e+03 2 2.95
4.63e+03 2 2.95
4.63e+03 2 2.95
4.63e+03 2 2.95
4.63e+03 2 2.95
4.63e+03 2 2.95
4.63e+03 2 2.95
4.63e+03 2 2.95
4.63e+03 2 2.95
4.63e+03 2 2.95
4.64e+03 2 2.95
4.64e+03 2 2.95
4.64e+03 2 2.96
4.64e+03 2 2.96
4.64e+03 2 2.96
4.64e+03 2 2.96
4.64e+03 2 2.95
4.64e+03 2 2.95
4.64e+03 2 2.95
4.64e+03 2 2.95
4.64e+03 2 2.95
4.65e+03 2 2.95
4.65e+03 2 2.95
4.65e+03 2 2.95
4.65e+03 2 2.95
4.65e+03 2 2.95
4.65e+03 2 2.95
4.65e+03 2 2.95
4.65e+03 2 2.95
4.65e+03 2 2.96
4.66e+03 2 2.96
4.66e+03 2 2.96
4.66e+03 2 2.96
4.66e+03 2 2.96
4.66e+03 2 2.96
4.66e+03 2 2.96
4.66e+03 2 2.96
4.66e+03 2 2.96
4.66e+03 2 2.96
4.66e+03 2 2.95
4.66e+03 2 2.96
4.67e+03 2 2.96
4.67e+03 2 2.96
4.67e+03 2 2.96
4.67e+03 2 2.96
4.67e+03 2 2.96
4.67e+03 2 2.96
4.67e+03 2 2.96
4.67e+03 2 2.96
4.67e+03 2 2.96
4.68e+03 2 2.96
4.68e+03 2 2.96
4.68e+03 2 2.96
4.68e+03 2 2.96
4.68e+03 2 2.96
4.68e+03 2 2.96
4.68e+03 2 2.96
4.68e+03 2 2.96
4.68e+03 2 2.96
4.68e+03 2 2.96
4.68e+03 2 2.96
4.69e+03 2 2.96
4.69e+03 2 2.95
4.69e+03 2 2.95
4.69e+03 2 2.95
4.69e+03 2 2.95
4.69e+03 2 2.95
4.69e+03 2 2.95
4.69e+03 2 2.95
4.69e+03 2 2.95
4.7e+03 2 2.95
4.7e+03 2 2.95
4.7e+03 2 2.95
4.7e+03 2 2.95
4.7e+03 2 2.95
4.7e+03 2 2.95
4.7e+03 2 2.95
4.7e+03 2 2.95
4.7e+03 2 2.95
4.7e+03 2 2.95
4.7e+03 2 2.95
4.71e+03 2 2.95
4.71e+03 2 2.95
4.71e+03 2 2.95
4.71e+03 2 2.95
4.71e+03 2 2.95
4.71e+03 2 2.95
4.71e+03 2 2.95
4.71e+03 2 2.95
4.71e+03 2 2.95
4.72e+03 2 2.95
4.72e+03 2 2.95
4.72e+03 2 2.95
4.72e+03 2 2.95
4.72e+03 2 2.95
4.72e+03 2 2.95
4.72e+03 2 2.95
4.72e+03 2 2.95
4.72e+03 2 2.95
4.72e+03 2 2.95
4.72e+03 2 2.95
4.73e+03 2 2.95
4.73e+03 2 2.95
4.73e+03 2 2.95
4.73e+03 2 2.95
4.73e+03 2 2.95
4.73e+03 2 2.95
4.73e+03 2 2.95
4.73e+03 2 2.95
4.73e+03 2 2.95
4.74e+03 2 2.95
4.74e+03 2 2.95
4.74e+03 2 2.95
4.74e+03 2 2.95
4.74e+03 2 2.95
4.74e+03 2 2.95
4.74e+03 2 2.95
4.74e+03 2 2.95
4.74e+03 2 2.95
4.74e+03 2 2.95
4.74e+03 2 2.95
4.75e+03 2 2.95
4.75e+03 2 2.95
4.75e+03 2 2.95
4.75e+03 2 2.95
4.75e+03 2 2.95
4.75e+03 2 2.95
4.75e+03 2 2.95
4.75e+03 2 2.95
4.75e+03 2 2.95
4.76e+03 2 2.95
4.76e+03 2 2.95
4.76e+03 2 2.95
4.76e+03 2 2.95
4.76e+03 2 2.95
4.76e+03 2 2.95
4.76e+03 2 2.95
4.76e+03 2 2.95
4.76e+03 2 2.95
4.76e+03 2 2.95
4.76e+03 2 2.95
4.77e+03 2 2.95
4.77e+03 2 2.95
4.77e+03 2 2.95
4.77e+03 2 2.95
4.77e+03 2 2.95
4.77e+03 2 2.95
4.77e+03 2 2.95
4.77e+03 2 2.95
4.77e+03 2 2.95
4.78e+03 2 2.95
4.78e+03 2 2.95
4.78e+03 2 2.95
4.78e+03 2 2.95
4.78e+03 2 2.95
4.78e+03 2 2.95
4.78e+03 2 2.95
4.78e+03 2 2.95
4.78e+03 2 2.95
4.78e+03 2 2.95
4.78e+03 2 2.95
4.79e+03 2 2.95
4.79e+03 2 2.95
4.79e+03 2 2.95
4.79e+03 2 2.95
4.79e+03 2 2.95
4.79e+03 2 2.95
4.79e+03 2 2.95
4.79e+03 2 2.95
4.79e+03 2 2.95
4.8e+03 2 2.95
4.8e+03 2 2.95
4.8e+03 2 2.95
4.8e+03 2 2.95
4.8e+03 2 2.95
4.8e+03 2 2.95
4.8e+03 2 2.95
4.8e+03 2 2.95
4.8e+03 2 2.95
4.8e+03 2 2.95
4.8e+03 2 2.95
4.81e+03 2 2.95
4.81e+03 2 2.95
4.81e+03 2 2.95
4.81e+03 2 2.95
4.81e+03 2 2.95
4.81e+03 2 2.95
4.81e+03 2 2.95
4.81e+03 2 2.95
4.81e+03 2 2.95
4.82e+03 2 2.95
4.82e+03 2 2.95
4.82e+03 2 2.95
4.82e+03 2 2.95
4.82e+03 2 2.95
4.82e+03 2 2.95
4.82e+03 2 2.95
4.82e+03 2 2.95
4.82e+03 2 2.95
4.82e+03 2 2.95
4.82e+03 2 2.95
4.83e+03 2 2.95
4.83e+03 2 2.95
4.83e+03 2 2.95
4.83e+03 2 2.95
4.83e+03 2 2.95
4.83e+03 2 2.95
4.83e+03 2 2.95
4.83e+03 2 2.95
4.83e+03 2 2.95
4.84e+03 2 2.95
4.84e+03 2 2.95
4.84e+03 2 2.95
4.84e+03 2 2.95
4.84e+03 2 2.95
4.84e+03 2 2.95
4.84e+03 2 2.95
4.84e+03 2 2.95
4.84e+03 2 2.95
4.84e+03 2 2.95
4.84e+03 2 2.95
4.85e+03 2 2.95
4.85e+03 2 2.95
4.85e+03 2 2.95
4.85e+03 2 2.95
4.85e+03 2 2.95
4.85e+03 2 2.95
4.85e+03 2 2.95
4.85e+03 2 2.95
4.85e+03 2 2.95
4.86e+03 2 2.95
4.86e+03 2 2.95
4.86e+03 2 2.95
4.86e+03 2 2.95
4.86e+03 2 2.95
4.86e+03 2 2.95
4.86e+03 2 2.95
4.86e+03 2 2.95
4.86e+03 2 2.95
4.86e+03 2 2.95
4.86e+03 2 2.95
4.87e+03 2 2.95
4.87e+03 2 2.95
4.87e+03 2 2.95
4.87e+03 2 2.95
4.87e+03 2 2.95
4.87e+03 2 2.95
4.87e+03 2 2.95
4.87e+03 2 2.95
4.87e+03 2 2.95
4.88e+03 2 2.95
4.88e+03 2 2.95
4.88e+03 2 2.95
4.88e+03 2 2.95
4.88e+03 2 2.96
4.88e+03 2 2.96
4.88e+03 2 2.96
4.88e+03 2 2.96
4.88e+03 2 2.96
4.88e+03 2 2.96
4.88e+03 2 2.96
4.89e+03 2 2.96
4.89e+03 2 2.96
4.89e+03 2 2.96
4.89e+03 2 2.96
4.89e+03 2 2.96
4.89e+03 2 2.96
4.89e+03 2 2.96
4.89e+03 2 2.96
4.89e+03 2 2.96
4.9e+03 2 2.96
4.9e+03 2 2.96
4.9e+03 2 2.96
4.9e+03 2 2.96
4.9e+03 2 2.96
4.9e+03 2 2.96
4.9e+03 2 2.96
4.9e+03 2 2.96
4.9e+03 2 2.96
4.9e+03 2 2.96
4.9e+03 2 2.96
4.91e+03 2 2.95
4.91e+03 2 2.95
4.91e+03 2 2.95
4.91e+03 2 2.95
4.91e+03 2 2.95
4.91e+03 2 2.96
4.91e+03 2 2.96
4.91e+03 2 2.96
4.91e+03 2 2.96
4.92e+03 2 2.96
4.92e+03 2 2.96
4.92e+03 2 2.96
4.92e+03 2 2.96
4.92e+03 2 2.96
4.92e+03 2 2.96
4.92e+03 2 2.96
4.92e+03 2 2.96
4.92e+03 2 2.96
4.92e+03 2 2.96
4.92e+03 2 2.96
4.93e+03 2 2.96
4.93e+03 2 2.96
4.93e+03 2 2.96
4.93e+03 2 2.96
4.93e+03 2 2.96
4.93e+03 2 2.96
4.93e+03 2 2.96
4.93e+03 2 2.96
4.93e+03 2 2.96
4.94e+03 2 2.96
4.94e+03 2 2.95
4.94e+03 2 2.95
4.94e+03 2 2.95
4.94e+03 2 2.95
4.94e+03 2 2.95
4.94e+03 2 2.95
4.94e+03 2 2.95
4.94e+03 2 2.96
4.94e+03 2 2.96
4.94e+03 2 2.96
4.95e+03 2 2.96
4.95e+03 2 2.96
4.95e+03 2 2.96
4.95e+03 2 2.96
4.95e+03 2 2.96
4.95e+03 2 2.96
4.95e+03 2 2.96
4.95e+03 2 2.96
4.95e+03 2 2.96
4.96e+03 2 2.96
4.96e+03 2 2.96
4.96e+03 2 2.96
4.96e+03 2 2.96
4.96e+03 2 2.96
4.96e+03 2 2.96
4.96e+03 2 2.96
4.96e+03 2 2.96
4.96e+03 2 2.96
4.96e+03 2 2.96
4.96e+03 2 2.96
4.97e+03 2 2.96
4.97e+03 2 2.95
4.97e+03 2 2.95
4.97e+03 2 2.95
4.97e+03 2 2.96
4.97e+03 2 2.96
4.97e+03 2 2.96
4.97e+03 2 2.96
4.97e+03 2 2.96
4.98e+03 2 2.96
4.98e+03 2 2.96
4.98e+03 2 2.96
4.98e+03 2 2.96
4.98e+03 2 2.96
4.98e+03 2 2.96
4.98e+03 2 2.96
4.98e+03 2 2.96
4.98e+03 2 2.96
4.98e+03 2 2.96
4.98e+03 2 2.96
4.99e+03 2 2.96
4.99e+03 2 2.95
4.99e+03 2 2.96
4.99e+03 2 2.95
4.99e+03 2 2.96
4.99e+03 2 2.96
4.99e+03 2 2.95
4.99e+03 2 2.95
4.99e+03 2 2.95
5e+03 2 2.95
5e+03 2 2.95
5e+03 2 2.95
5e+03 2 2.95
5e+03 2 2.95
5e+03 2 2.95
