   
1 -2.73 NaN NaN
2 NaN NaN NaN
3 -2.73 -8.91 -46.4
4 -2.7 -7.78 6.7
5 -2.7 -7.16 0.203
6 -2.12 3.23 -2.87
7 -2.09 0.634 -4.66
8 -2.19 -0.875 -4.53
9 -0.458 0.604 -1.79
10 0.539 -0.154 -1.96
11 0.685 0.789 -1.96
12 0.641 0.819 -1.9
13 0.521 0.643 -1.97
14 0.52 0.647 -1.97
15 0.538 0.627 -1.94
16 0.742 0.603 -1.39
17 0.492 0.601 -1.55
18 0.0647 -0.115 -1.7
19 -0.00883 -0.238 -1.82
20 -0.00885 -0.238 -1.82
21 -0.00883 -0.238 -1.82
22 -0.00965 -0.239 -1.82
23 -0.02 -0.258 -1.84
24 -0.0265 -0.212 -1.8
25 -0.0114 -0.209 -1.84
26 0.261 0.0772 -1.59
27 0.35 0.5 -1.29
28 0.442 0.726 -0.972
29 0.373 0.974 -0.768
30 0.334 0.89 -0.64
31 0.321 1.03 -0.46
32 0.0856 1.02 -0.546
33 0.00682 0.699 -0.58
34 0.124 0.65 -0.725
35 0.24 0.727 -0.695
36 0.268 0.805 -0.643
37 0.281 0.813 -0.627
38 0.271 0.903 -0.589
39 0.346 0.896 -0.447
40 1.06 1.46 -0.624
41 1.07 1.45 -0.63
42 0.938 1.31 -0.526
43 0.947 1.29 -0.537
44 0.941 1.3 -0.542
45 0.905 1.24 -0.521
46 0.906 1.25 -0.515
47 1.04 1.31 -0.571
48 1.04 1.42 -0.514
49 1.02 1.41 -0.475
50 1.08 1.36 -0.494
51 1.08 1.36 -0.497
52 1.07 1.33 -0.477
53 1.08 1.33 -0.482
54 1.13 1.49 -0.462
55 1.13 1.49 -0.46
56 1.13 1.49 -0.459
57 1.13 1.49 -0.46
58 1.15 1.51 -0.432
59 1.14 1.51 -0.431
60 1.14 1.51 -0.43
61 1.15 1.51 -0.429
62 1.13 1.5 -0.415
63 1.13 1.5 -0.416
64 1.15 1.48 -0.389
65 1.11 1.46 -0.313
66 0.918 1.16 -0.579
67 0.627 1.08 -0.781
68 0.631 1.08 -0.781
69 0.632 1.08 -0.78
70 0.638 1.07 -0.775
71 0.639 1.07 -0.774
72 0.64 1.07 -0.771
73 0.594 1.07 -0.829
74 0.325 0.85 -0.882
75 0.251 0.787 -0.954
76 0.215 0.722 -1.03
77 0.208 0.748 -0.951
78 0.321 0.647 -0.85
79 0.598 0.629 -0.715
80 0.599 0.628 -0.715
81 0.624 0.621 -0.683
82 0.782 0.812 -0.753
83 0.779 0.814 -0.751
84 0.778 0.778 -0.727
85 0.749 0.77 -0.751
86 0.743 0.764 -0.754
87 0.741 0.763 -0.756
88 0.734 0.751 -0.775
89 0.776 0.745 -0.794
90 0.777 0.743 -0.794
91 0.777 0.74 -0.789
92 0.736 0.727 -0.826
93 0.726 0.718 -0.831
94 0.724 0.715 -0.834
95 0.712 0.702 -0.859
96 0.368 0.494 -1.17
97 0.336 0.478 -1.18
98 0.333 0.473 -1.19
99 0.332 0.472 -1.19
100 0.321 0.463 -1.2
110 0.27 0.365 -1.27
120 0.161 0.143 -1.35
130 -0.0851 0.346 -1.19
140 -0.0433 0.318 -1.17
150 -0.1 0.479 -1.05
160 1.03 0.904 -0.324
170 0.851 0.743 -0.418
180 1.22 1.12 -0.342
190 1.5 1.39 -0.196
200 1.79 1.58 0.0689
210 1.86 1.55 0.132
220 1.87 1.54 0.152
230 1.77 1.35 -0.0876
240 1.7 1.34 0.045
250 1.73 1.48 0.0482
260 1.68 1.4 0.0176
270 1.7 1.44 0.117
280 1.72 1.43 0.142
290 1.88 1.6 0.181
300 1.54 1.3 -0.29
310 1.45 1.22 -0.216
320 1.49 1.23 -0.16
330 1.5 1.22 -0.162
340 1.57 1.25 -0.209
350 1.73 1.38 -0.165
360 1.68 1.32 -0.224
370 1.66 1.29 -0.229
380 1.95 1.39 -0.0304
390 1.96 1.4 0.0337
400 1.94 1.38 0.0551
410 1.89 1.38 0.0529
420 2.02 1.5 0.158
430 2.36 1.68 0.425
440 2.37 1.71 0.453
450 2.15 1.53 0.361
460 2.18 1.52 0.398
470 2.14 1.5 0.401
480 2.12 1.53 0.486
490 2.11 1.53 0.499
500 2.06 1.48 0.48
510 2.16 1.53 0.519
520 2.24 1.59 0.567
530 2.16 1.53 0.553
540 2.19 1.55 0.561
550 2.18 1.54 0.56
560 2.23 1.57 0.555
570 2.35 1.64 0.542
580 2.43 1.67 0.559
590 2.42 1.61 0.574
600 2.41 1.57 0.504
610 2.44 1.59 0.544
620 2.49 1.65 0.564
630 2.5 1.66 0.572
640 2.54 1.65 0.569
650 2.5 1.65 0.559
660 2.46 1.61 0.538
670 2.44 1.57 0.536
680 2.47 1.6 0.6
690 2.48 1.55 0.626
700 2.53 1.59 0.667
710 2.51 1.58 0.654
720 2.47 1.53 0.62
730 2.48 1.54 0.634
740 2.53 1.56 0.645
750 2.56 1.59 0.651
760 2.57 1.63 0.715
770 2.51 1.62 0.67
780 2.54 1.61 0.652
790 2.59 1.66 0.666
800 2.58 1.66 0.666
810 2.58 1.65 0.678
820 2.58 1.64 0.695
830 2.42 1.55 0.636
840 2.44 1.56 0.644
850 2.46 1.6 0.692
860 2.6 1.69 0.707
870 2.6 1.73 0.716
880 2.68 1.79 0.775
890 2.7 1.83 0.82
900 2.67 1.81 0.797
910 2.59 1.76 0.78
920 2.51 1.75 0.725
930 2.63 1.84 0.794
940 2.62 1.88 0.819
950 2.63 1.88 0.821
960 2.71 1.92 0.816
970 2.75 1.96 0.881
980 2.62 1.87 0.838
990 2.62 1.86 0.828
1e+03 2.63 1.86 0.832
1.1e+03 2.43 1.68 0.728
1.2e+03 2.45 1.74 0.703
1.3e+03 2.54 1.8 0.826
1.4e+03 2.81 1.96 0.897
1.5e+03 2.92 2.07 0.927
1.6e+03 3.05 2.08 0.923
1.7e+03 2.99 2.09 0.924
1.8e+03 2.94 2.13 0.961
1.9e+03 2.93 2.13 0.965
2e+03 3.02 2.23 1.05
2.1e+03 3.03 2.22 1.02
2.2e+03 3.06 2.29 1.12
2.3e+03 2.9 2.16 1.02
2.4e+03 2.93 2.21 1.09
2.5e+03 2.87 2.18 1.04
2.6e+03 2.91 2.21 1.1
2.7e+03 2.96 2.28 1.15
2.8e+03 2.96 2.29 1.15
2.9e+03 3 2.31 1.16
3e+03 3.03 2.28 1.14
3.1e+03 3 2.26 1.1
3.2e+03 3.02 2.23 1.06
3.3e+03 3 2.24 1.07
3.4e+03 2.95 2.19 1.09
3.5e+03 3.02 2.21 1.09
3.6e+03 2.96 2.16 1.05
3.7e+03 2.93 2.14 1.04
3.8e+03 2.95 2.17 1.04
3.9e+03 2.97 2.17 1.02
4e+03 2.91 2.13 1.02
4.1e+03 2.95 2.15 1.03
4.2e+03 2.93 2.12 1.02
4.3e+03 2.99 2.15 1.05
4.4e+03 3.05 2.18 1.09
4.5e+03 3.05 2.16 1.07
4.6e+03 3 2.11 1.05
4.7e+03 2.96 2.06 1
4.8e+03 2.99 2.09 1
4.9e+03 2.96 2.07 1
5e+03 2.97 2.07 0.983
5.1e+03 2.98 2.09 0.984
5.2e+03 2.97 2.07 0.975
5.3e+03 2.97 2.08 0.98
5.4e+03 2.92 2.03 0.954
5.5e+03 2.91 2.02 0.934
5.6e+03 2.89 2 0.921
5.7e+03 2.89 1.99 0.911
5.8e+03 2.94 2.05 0.949
5.9e+03 2.95 2.07 0.956
6e+03 2.94 2.08 0.967
6.1e+03 2.96 2.08 0.961
6.2e+03 2.95 2.09 0.969
6.3e+03 2.96 2.07 0.939
6.4e+03 2.96 2.08 0.925
6.5e+03 2.97 2.09 0.923
6.6e+03 2.98 2.11 0.948
6.7e+03 3.01 2.13 0.952
6.8e+03 3.03 2.14 0.96
6.9e+03 3.03 2.14 0.969
7e+03 3.02 2.12 0.967
7.1e+03 3.02 2.13 0.968
7.2e+03 2.99 2.11 0.953
7.3e+03 3.02 2.11 0.962
7.4e+03 3.03 2.12 0.953
7.5e+03 3.04 2.13 0.96
7.6e+03 3.05 2.15 0.976
7.7e+03 3.04 2.13 0.975
7.8e+03 3.05 2.13 0.977
7.9e+03 3 2.1 0.94
8e+03 3.01 2.09 0.935
8.1e+03 2.99 2.08 0.932
8.2e+03 3.02 2.1 0.949
8.3e+03 3 2.09 0.946
8.4e+03 3.01 2.09 0.957
8.5e+03 2.98 2.07 0.948
8.6e+03 3 2.08 0.956
8.7e+03 2.99 2.07 0.954
8.8e+03 3.01 2.09 0.96
8.9e+03 3.02 2.09 0.976
9e+03 3.03 2.09 0.978
9.1e+03 3.05 2.12 0.985
9.2e+03 3.02 2.09 0.973
9.3e+03 3.02 2.08 0.979
9.4e+03 3.01 2.08 0.979
9.5e+03 3 2.07 0.969
9.6e+03 2.99 2.07 0.958
9.7e+03 2.99 2.07 0.962
9.8e+03 2.98 2.06 0.953
9.9e+03 2.97 2.05 0.954
1e+04 2.99 2.07 0.965
1.1e+04 2.92 1.99 0.934
1.2e+04 2.91 1.98 0.958
1.3e+04 3.02 2.07 1
1.4e+04 3.04 2.09 1.03
1.5e+04 2.98 2.03 0.997
1.6e+04 2.94 2 0.986
1.7e+04 2.92 1.97 0.976
1.8e+04 2.95 1.98 0.97
1.9e+04 2.94 1.96 0.96
2e+04 2.94 1.96 0.957
2.1e+04 2.89 1.92 0.937
2.2e+04 2.9 1.92 0.928
2.3e+04 2.89 1.91 0.94
2.4e+04 2.88 1.9 0.936
2.5e+04 2.89 1.91 0.961
2.6e+04 2.89 1.89 0.952
2.7e+04 2.93 1.92 0.97
2.8e+04 2.94 1.93 0.982
2.9e+04 2.95 1.93 0.982
3e+04 2.97 1.95 0.99
3.1e+04 2.94 1.93 0.975
3.2e+04 2.94 1.93 0.97
3.3e+04 2.96 1.94 0.97
3.4e+04 2.94 1.94 0.96
3.5e+04 2.95 1.94 0.963
3.6e+04 2.93 1.93 0.95
3.7e+04 2.94 1.94 0.949
3.8e+04 2.96 1.95 0.957
3.9e+04 2.96 1.94 0.95
4e+04 2.96 1.94 0.951
4.1e+04 2.96 1.94 0.952
4.2e+04 2.94 1.93 0.947
4.3e+04 2.95 1.93 0.948
4.4e+04 2.94 1.93 0.949
4.5e+04 2.93 1.92 0.942
4.6e+04 2.95 1.93 0.945
4.7e+04 2.93 1.92 0.94
4.8e+04 2.95 1.93 0.941
4.9e+04 2.97 1.94 0.951
5e+04 2.98 1.94 0.951
5.1e+04 2.96 1.92 0.948
5.2e+04 2.95 1.92 0.942
5.3e+04 2.93 1.9 0.925
5.4e+04 2.94 1.91 0.931
5.5e+04 2.95 1.91 0.929
5.6e+04 2.94 1.91 0.928
5.7e+04 2.94 1.92 0.935
5.8e+04 2.94 1.92 0.937
5.9e+04 2.94 1.91 0.94
6e+04 2.94 1.91 0.932
6.1e+04 2.95 1.91 0.937
6.2e+04 2.95 1.91 0.934
6.3e+04 2.96 1.92 0.942
6.4e+04 2.96 1.92 0.941
6.5e+04 2.95 1.91 0.933
6.6e+04 2.96 1.92 0.94
6.7e+04 2.96 1.93 0.943
6.8e+04 2.95 1.93 0.947
6.9e+04 2.95 1.93 0.944
7e+04 2.95 1.93 0.949
7.1e+04 2.95 1.93 0.948
7.2e+04 2.95 1.93 0.941
7.3e+04 2.96 1.94 0.945
7.4e+04 2.95 1.93 0.942
7.5e+04 2.96 1.94 0.941
7.6e+04 2.97 1.94 0.945
7.7e+04 2.96 1.94 0.939
7.8e+04 2.95 1.94 0.942
7.9e+04 2.95 1.93 0.938
8e+04 2.95 1.94 0.944
8.1e+04 2.96 1.94 0.949
8.2e+04 2.96 1.95 0.951
8.3e+04 2.97 1.95 0.952
8.4e+04 2.97 1.95 0.957
8.5e+04 2.96 1.94 0.952
8.6e+04 2.95 1.95 0.956
8.7e+04 2.95 1.94 0.956
8.8e+04 2.95 1.94 0.954
8.9e+04 2.95 1.94 0.955
9e+04 2.94 1.94 0.952
9.1e+04 2.94 1.94 0.952
9.2e+04 2.95 1.94 0.952
9.3e+04 2.94 1.94 0.95
9.4e+04 2.95 1.94 0.956
9.5e+04 2.95 1.94 0.954
9.6e+04 2.94 1.94 0.955
9.7e+04 2.94 1.94 0.954
9.8e+04 2.95 1.94 0.956
9.9e+04 2.95 1.95 0.954
1e+05 2.95 1.95 0.956
