 
0.00274 0.001
0.0052 0.002
0.00642 0.003
0.00761 0.004
0.011 0.005
0.0111 0.006
0.0113 0.007
0.0123 0.008
0.0193 0.009
0.021 0.01
0.029 0.011
0.0315 0.012
0.0329 0.013
0.0366 0.014
0.0456 0.015
0.0467 0.016
0.0477 0.017
0.049 0.018
0.0493 0.019
0.0493 0.02
0.0543 0.021
0.0567 0.022
0.0584 0.023
0.0584 0.024
0.0585 0.025
0.0595 0.026
0.0633 0.027
0.0641 0.028
0.066 0.029
0.0727 0.03
0.0749 0.031
0.0758 0.032
0.078 0.033
0.0831 0.034
0.0849 0.035
0.087 0.036
0.0882 0.037
0.0909 0.038
0.0989 0.039
0.101 0.04
0.103 0.041
0.106 0.042
0.115 0.043
0.117 0.044
0.118 0.045
0.119 0.046
0.121 0.047
0.128 0.048
0.13 0.049
0.131 0.05
0.131 0.051
0.138 0.052
0.139 0.053
0.139 0.054
0.144 0.055
0.145 0.056
0.146 0.057
0.146 0.058
0.147 0.059
0.15 0.06
0.151 0.061
0.152 0.062
0.154 0.063
0.155 0.064
0.156 0.065
0.156 0.066
0.159 0.067
0.159 0.068
0.16 0.069
0.161 0.07
0.164 0.071
0.164 0.072
0.178 0.073
0.179 0.074
0.181 0.075
0.181 0.076
0.181 0.077
0.184 0.078
0.187 0.079
0.187 0.08
0.187 0.081
0.188 0.082
0.189 0.083
0.192 0.084
0.193 0.085
0.193 0.086
0.194 0.087
0.196 0.088
0.199 0.089
0.199 0.09
0.207 0.091
0.207 0.092
0.21 0.093
0.212 0.094
0.213 0.095
0.214 0.096
0.215 0.097
0.217 0.098
0.223 0.099
0.223 0.1
0.223 0.101
0.224 0.102
0.227 0.103
0.227 0.104
0.227 0.105
0.227 0.106
0.234 0.107
0.235 0.108
0.235 0.109
0.236 0.11
0.237 0.111
0.241 0.112
0.242 0.113
0.245 0.114
0.247 0.115
0.25 0.116
0.252 0.117
0.252 0.118
0.254 0.119
0.259 0.12
0.259 0.121
0.26 0.122
0.261 0.123
0.267 0.124
0.272 0.125
0.273 0.126
0.275 0.127
0.275 0.128
0.278 0.129
0.279 0.13
0.28 0.131
0.285 0.132
0.286 0.133
0.286 0.134
0.287 0.135
0.288 0.136
0.288 0.137
0.288 0.138
0.291 0.139
0.291 0.14
0.296 0.141
0.298 0.142
0.301 0.143
0.302 0.144
0.304 0.145
0.309 0.146
0.31 0.147
0.313 0.148
0.314 0.149
0.316 0.15
0.319 0.151
0.319 0.152
0.32 0.153
0.322 0.154
0.325 0.155
0.327 0.156
0.331 0.157
0.333 0.158
0.334 0.159
0.335 0.16
0.341 0.161
0.346 0.162
0.346 0.163
0.349 0.164
0.353 0.165
0.354 0.166
0.367 0.167
0.37 0.168
0.372 0.169
0.377 0.17
0.379 0.171
0.38 0.172
0.387 0.173
0.389 0.174
0.39 0.175
0.394 0.176
0.395 0.177
0.4 0.178
0.401 0.179
0.407 0.18
0.411 0.181
0.411 0.182
0.419 0.183
0.419 0.184
0.422 0.185
0.422 0.186
0.426 0.187
0.427 0.188
0.433 0.189
0.435 0.19
0.438 0.191
0.439 0.192
0.439 0.193
0.44 0.194
0.44 0.195
0.441 0.196
0.447 0.197
0.45 0.198
0.451 0.199
0.453 0.2
0.455 0.201
0.457 0.202
0.458 0.203
0.459 0.204
0.459 0.205
0.46 0.206
0.46 0.207
0.463 0.208
0.465 0.209
0.472 0.21
0.473 0.211
0.474 0.212
0.477 0.213
0.479 0.214
0.48 0.215
0.482 0.216
0.483 0.217
0.489 0.218
0.492 0.219
0.494 0.22
0.494 0.221
0.494 0.222
0.495 0.223
0.495 0.224
0.502 0.225
0.506 0.226
0.507 0.227
0.51 0.228
0.511 0.229
0.512 0.23
0.514 0.231
0.515 0.232
0.516 0.233
0.517 0.234
0.522 0.235
0.529 0.236
0.53 0.237
0.532 0.238
0.532 0.239
0.533 0.24
0.533 0.241
0.537 0.242
0.538 0.243
0.538 0.244
0.539 0.245
0.54 0.246
0.541 0.247
0.542 0.248
0.542 0.249
0.546 0.25
0.547 0.251
0.548 0.252
0.552 0.253
0.556 0.254
0.557 0.255
0.558 0.256
0.559 0.257
0.559 0.258
0.563 0.259
0.564 0.26
0.565 0.261
0.568 0.262
0.571 0.263
0.572 0.264
0.575 0.265
0.576 0.266
0.576 0.267
0.576 0.268
0.577 0.269
0.578 0.27
0.583 0.271
0.585 0.272
0.585 0.273
0.587 0.274
0.588 0.275
0.594 0.276
0.597 0.277
0.598 0.278
0.6 0.279
0.6 0.28
0.602 0.281
0.603 0.282
0.603 0.283
0.604 0.284
0.609 0.285
0.611 0.286
0.612 0.287
0.613 0.288
0.613 0.289
0.619 0.29
0.621 0.291
0.621 0.292
0.622 0.293
0.622 0.294
0.625 0.295
0.627 0.296
0.628 0.297
0.629 0.298
0.63 0.299
0.638 0.3
0.638 0.301
0.638 0.302
0.64 0.303
0.64 0.304
0.64 0.305
0.642 0.306
0.642 0.307
0.643 0.308
0.643 0.309
0.65 0.31
0.652 0.311
0.653 0.312
0.653 0.313
0.653 0.314
0.654 0.315
0.655 0.316
0.658 0.317
0.659 0.318
0.659 0.319
0.661 0.32
0.661 0.321
0.661 0.322
0.662 0.323
0.664 0.324
0.665 0.325
0.668 0.326
0.669 0.327
0.67 0.328
0.67 0.329
0.67 0.33
0.671 0.331
0.673 0.332
0.675 0.333
0.675 0.334
0.676 0.335
0.677 0.336
0.678 0.337
0.686 0.338
0.697 0.339
0.697 0.34
0.698 0.341
0.698 0.342
0.701 0.343
0.704 0.344
0.705 0.345
0.706 0.346
0.712 0.347
0.713 0.348
0.714 0.349
0.715 0.35
0.715 0.351
0.717 0.352
0.718 0.353
0.719 0.354
0.721 0.355
0.724 0.356
0.724 0.357
0.725 0.358
0.728 0.359
0.731 0.36
0.731 0.361
0.733 0.362
0.734 0.363
0.735 0.364
0.736 0.365
0.739 0.366
0.742 0.367
0.744 0.368
0.744 0.369
0.745 0.37
0.746 0.371
0.746 0.372
0.747 0.373
0.759 0.374
0.76 0.375
0.76 0.376
0.762 0.377
0.763 0.378
0.764 0.379
0.767 0.38
0.767 0.381
0.768 0.382
0.773 0.383
0.773 0.384
0.774 0.385
0.775 0.386
0.776 0.387
0.776 0.388
0.777 0.389
0.778 0.39
0.78 0.391
0.783 0.392
0.786 0.393
0.787 0.394
0.793 0.395
0.794 0.396
0.8 0.397
0.802 0.398
0.803 0.399
0.803 0.4
0.805 0.401
0.809 0.402
0.81 0.403
0.816 0.404
0.818 0.405
0.82 0.406
0.82 0.407
0.821 0.408
0.821 0.409
0.824 0.41
0.825 0.411
0.828 0.412
0.83 0.413
0.831 0.414
0.832 0.415
0.834 0.416
0.836 0.417
0.837 0.418
0.837 0.419
0.842 0.42
0.843 0.421
0.843 0.422
0.845 0.423
0.848 0.424
0.85 0.425
0.854 0.426
0.856 0.427
0.856 0.428
0.856 0.429
0.859 0.43
0.86 0.431
0.862 0.432
0.868 0.433
0.87 0.434
0.872 0.435
0.874 0.436
0.874 0.437
0.874 0.438
0.875 0.439
0.876 0.44
0.877 0.441
0.877 0.442
0.88 0.443
0.881 0.444
0.886 0.445
0.887 0.446
0.887 0.447
0.888 0.448
0.893 0.449
0.895 0.45
0.895 0.451
0.896 0.452
0.896 0.453
0.898 0.454
0.899 0.455
0.9 0.456
0.901 0.457
0.901 0.458
0.903 0.459
0.903 0.46
0.907 0.461
0.908 0.462
0.912 0.463
0.913 0.464
0.914 0.465
0.916 0.466
0.918 0.467
0.918 0.468
0.92 0.469
0.923 0.47
0.924 0.471
0.925 0.472
0.925 0.473
0.932 0.474
0.937 0.475
0.938 0.476
0.939 0.477
0.94 0.478
0.941 0.479
0.941 0.48
0.942 0.481
0.942 0.482
0.946 0.483
0.95 0.484
0.954 0.485
0.954 0.486
0.956 0.487
0.956 0.488
0.957 0.489
0.958 0.49
0.96 0.491
0.964 0.492
0.964 0.493
0.968 0.494
0.968 0.495
0.969 0.496
0.969 0.497
0.97 0.498
0.971 0.499
0.971 0.5
0.972 0.501
0.974 0.502
0.975 0.503
0.978 0.504
0.978 0.505
0.981 0.506
0.983 0.507
0.984 0.508
0.984 0.509
0.985 0.51
0.987 0.511
0.987 0.512
0.989 0.513
0.99 0.514
0.992 0.515
0.992 0.516
0.992 0.517
0.993 0.518
0.993 0.519
0.994 0.52
0.995 0.521
0.996 0.522
0.997 0.523
0.998 0.524
0.998 0.525
0.999 0.526
1 0.527
1 0.528
1 0.529
1.01 0.53
1.01 0.531
1.01 0.532
1.01 0.533
1.01 0.534
1.01 0.535
1.01 0.536
1.01 0.537
1.01 0.538
1.02 0.539
1.02 0.54
1.02 0.541
1.02 0.542
1.02 0.543
1.02 0.544
1.02 0.545
1.02 0.546
1.02 0.547
1.02 0.548
1.02 0.549
1.03 0.55
1.03 0.551
1.03 0.552
1.03 0.553
1.03 0.554
1.03 0.555
1.03 0.556
1.03 0.557
1.04 0.558
1.04 0.559
1.04 0.56
1.04 0.561
1.04 0.562
1.04 0.563
1.04 0.564
1.04 0.565
1.04 0.566
1.04 0.567
1.05 0.568
1.05 0.569
1.05 0.57
1.05 0.571
1.05 0.572
1.06 0.573
1.06 0.574
1.06 0.575
1.06 0.576
1.06 0.577
1.06 0.578
1.06 0.579
1.06 0.58
1.06 0.581
1.06 0.582
1.06 0.583
1.07 0.584
1.07 0.585
1.07 0.586
1.07 0.587
1.07 0.588
1.07 0.589
1.07 0.59
1.07 0.591
1.07 0.592
1.07 0.593
1.07 0.594
1.08 0.595
1.08 0.596
1.08 0.597
1.08 0.598
1.08 0.599
1.08 0.6
1.09 0.601
1.09 0.602
1.09 0.603
1.09 0.604
1.09 0.605
1.09 0.606
1.09 0.607
1.09 0.608
1.1 0.609
1.1 0.61
1.1 0.611
1.1 0.612
1.1 0.613
1.1 0.614
1.1 0.615
1.11 0.616
1.11 0.617
1.11 0.618
1.12 0.619
1.12 0.62
1.12 0.621
1.12 0.622
1.13 0.623
1.13 0.624
1.13 0.625
1.13 0.626
1.13 0.627
1.13 0.628
1.14 0.629
1.14 0.63
1.14 0.631
1.14 0.632
1.14 0.633
1.14 0.634
1.14 0.635
1.14 0.636
1.14 0.637
1.14 0.638
1.15 0.639
1.15 0.64
1.15 0.641
1.15 0.642
1.15 0.643
1.15 0.644
1.16 0.645
1.16 0.646
1.16 0.647
1.16 0.648
1.16 0.649
1.16 0.65
1.16 0.651
1.17 0.652
1.17 0.653
1.17 0.654
1.17 0.655
1.17 0.656
1.17 0.657
1.17 0.658
1.18 0.659
1.18 0.66
1.18 0.661
1.18 0.662
1.18 0.663
1.18 0.664
1.19 0.665
1.19 0.666
1.19 0.667
1.19 0.668
1.19 0.669
1.19 0.67
1.2 0.671
1.2 0.672
1.2 0.673
1.2 0.674
1.21 0.675
1.21 0.676
1.22 0.677
1.22 0.678
1.22 0.679
1.22 0.68
1.22 0.681
1.23 0.682
1.23 0.683
1.23 0.684
1.23 0.685
1.23 0.686
1.23 0.687
1.24 0.688
1.24 0.689
1.24 0.69
1.25 0.691
1.25 0.692
1.25 0.693
1.25 0.694
1.25 0.695
1.25 0.696
1.26 0.697
1.26 0.698
1.26 0.699
1.27 0.7
1.27 0.701
1.27 0.702
1.27 0.703
1.27 0.704
1.27 0.705
1.27 0.706
1.27 0.707
1.28 0.708
1.28 0.709
1.28 0.71
1.28 0.711
1.28 0.712
1.28 0.713
1.29 0.714
1.29 0.715
1.29 0.716
1.29 0.717
1.3 0.718
1.3 0.719
1.3 0.72
1.3 0.721
1.3 0.722
1.3 0.723
1.3 0.724
1.31 0.725
1.31 0.726
1.31 0.727
1.31 0.728
1.31 0.729
1.31 0.73
1.32 0.731
1.32 0.732
1.32 0.733
1.32 0.734
1.32 0.735
1.33 0.736
1.33 0.737
1.33 0.738
1.33 0.739
1.34 0.74
1.34 0.741
1.34 0.742
1.34 0.743
1.34 0.744
1.34 0.745
1.36 0.746
1.36 0.747
1.36 0.748
1.36 0.749
1.36 0.75
1.37 0.751
1.37 0.752
1.37 0.753
1.37 0.754
1.37 0.755
1.38 0.756
1.38 0.757
1.38 0.758
1.38 0.759
1.38 0.76
1.38 0.761
1.38 0.762
1.39 0.763
1.39 0.764
1.39 0.765
1.39 0.766
1.39 0.767
1.39 0.768
1.39 0.769
1.39 0.77
1.39 0.771
1.4 0.772
1.4 0.773
1.41 0.774
1.41 0.775
1.41 0.776
1.41 0.777
1.41 0.778
1.42 0.779
1.42 0.78
1.43 0.781
1.43 0.782
1.43 0.783
1.43 0.784
1.44 0.785
1.44 0.786
1.44 0.787
1.44 0.788
1.45 0.789
1.45 0.79
1.45 0.791
1.45 0.792
1.45 0.793
1.46 0.794
1.46 0.795
1.46 0.796
1.46 0.797
1.46 0.798
1.46 0.799
1.46 0.8
1.46 0.801
1.47 0.802
1.47 0.803
1.49 0.804
1.49 0.805
1.49 0.806
1.5 0.807
1.5 0.808
1.5 0.809
1.51 0.81
1.51 0.811
1.51 0.812
1.51 0.813
1.51 0.814
1.51 0.815
1.51 0.816
1.51 0.817
1.51 0.818
1.51 0.819
1.52 0.82
1.52 0.821
1.52 0.822
1.52 0.823
1.52 0.824
1.52 0.825
1.52 0.826
1.53 0.827
1.53 0.828
1.53 0.829
1.53 0.83
1.54 0.831
1.54 0.832
1.54 0.833
1.54 0.834
1.54 0.835
1.54 0.836
1.55 0.837
1.55 0.838
1.55 0.839
1.55 0.84
1.55 0.841
1.57 0.842
1.57 0.843
1.57 0.844
1.57 0.845
1.58 0.846
1.58 0.847
1.58 0.848
1.59 0.849
1.59 0.85
1.59 0.851
1.59 0.852
1.6 0.853
1.6 0.854
1.6 0.855
1.6 0.856
1.6 0.857
1.6 0.858
1.61 0.859
1.61 0.86
1.61 0.861
1.61 0.862
1.62 0.863
1.62 0.864
1.62 0.865
1.62 0.866
1.63 0.867
1.63 0.868
1.63 0.869
1.64 0.87
1.64 0.871
1.64 0.872
1.65 0.873
1.65 0.874
1.65 0.875
1.65 0.876
1.65 0.877
1.65 0.878
1.66 0.879
1.67 0.88
1.68 0.881
1.69 0.882
1.69 0.883
1.69 0.884
1.7 0.885
1.7 0.886
1.71 0.887
1.71 0.888
1.71 0.889
1.71 0.89
1.72 0.891
1.72 0.892
1.75 0.893
1.75 0.894
1.76 0.895
1.76 0.896
1.77 0.897
1.78 0.898
1.78 0.899
1.78 0.9
1.79 0.901
1.81 0.902
1.81 0.903
1.81 0.904
1.81 0.905
1.82 0.906
1.82 0.907
1.82 0.908
1.82 0.909
1.82 0.91
1.83 0.911
1.84 0.912
1.84 0.913
1.84 0.914
1.84 0.915
1.84 0.916
1.85 0.917
1.86 0.918
1.86 0.919
1.86 0.92
1.87 0.921
1.88 0.922
1.88 0.923
1.88 0.924
1.89 0.925
1.89 0.926
1.9 0.927
1.91 0.928
1.91 0.929
1.91 0.93
1.91 0.931
1.92 0.932
1.92 0.933
1.92 0.934
1.93 0.935
1.94 0.936
1.95 0.937
1.95 0.938
1.95 0.939
1.95 0.94
1.96 0.941
1.96 0.942
1.96 0.943
1.96 0.944
1.97 0.945
1.97 0.946
1.97 0.947
1.98 0.948
1.98 0.949
1.99 0.95
2 0.951
2 0.952
2 0.953
2.01 0.954
2.02 0.955
2.02 0.956
2.02 0.957
2.03 0.958
2.03 0.959
2.03 0.96
2.04 0.961
2.04 0.962
2.05 0.963
2.05 0.964
2.06 0.965
2.07 0.966
2.08 0.967
2.09 0.968
2.1 0.969
2.11 0.97
2.11 0.971
2.11 0.972
2.14 0.973
2.14 0.974
2.16 0.975
2.16 0.976
2.16 0.977
2.16 0.978
2.21 0.979
2.22 0.98
2.22 0.981
2.24 0.982
2.25 0.983
2.26 0.984
2.26 0.985
2.27 0.986
2.32 0.987
2.33 0.988
2.33 0.989
2.38 0.99
2.39 0.991
2.42 0.992
2.44 0.993
2.45 0.994
2.45 0.995
2.51 0.996
2.52 0.997
2.55 0.998
2.6 0.999
2.82 1
