 
0.00598 0.001
0.021 0.002
0.0292 0.003
0.0387 0.004
0.0465 0.005
0.05 0.006
0.0559 0.007
0.0634 0.008
0.0657 0.009
0.0705 0.01
0.0744 0.011
0.0786 0.012
0.0834 0.013
0.084 0.014
0.0896 0.015
0.096 0.016
0.0965 0.017
0.102 0.018
0.104 0.019
0.109 0.02
0.111 0.021
0.112 0.022
0.113 0.023
0.116 0.024
0.122 0.025
0.124 0.026
0.126 0.027
0.128 0.028
0.129 0.029
0.134 0.03
0.134 0.031
0.137 0.032
0.147 0.033
0.152 0.034
0.157 0.035
0.166 0.036
0.166 0.037
0.17 0.038
0.174 0.039
0.18 0.04
0.182 0.041
0.183 0.042
0.183 0.043
0.184 0.044
0.185 0.045
0.187 0.046
0.19 0.047
0.195 0.048
0.198 0.049
0.207 0.05
0.208 0.051
0.21 0.052
0.212 0.053
0.218 0.054
0.218 0.055
0.221 0.056
0.223 0.057
0.227 0.058
0.229 0.059
0.23 0.06
0.236 0.061
0.242 0.062
0.242 0.063
0.243 0.064
0.244 0.065
0.249 0.066
0.262 0.067
0.263 0.068
0.263 0.069
0.265 0.07
0.266 0.071
0.269 0.072
0.27 0.073
0.27 0.074
0.271 0.075
0.274 0.076
0.274 0.077
0.275 0.078
0.277 0.079
0.281 0.08
0.285 0.081
0.286 0.082
0.287 0.083
0.287 0.084
0.288 0.085
0.289 0.086
0.289 0.087
0.289 0.088
0.291 0.089
0.291 0.09
0.291 0.091
0.291 0.092
0.292 0.093
0.292 0.094
0.295 0.095
0.295 0.096
0.301 0.097
0.304 0.098
0.307 0.099
0.307 0.1
0.309 0.101
0.31 0.102
0.312 0.103
0.314 0.104
0.316 0.105
0.322 0.106
0.322 0.107
0.324 0.108
0.327 0.109
0.331 0.11
0.333 0.111
0.337 0.112
0.345 0.113
0.348 0.114
0.351 0.115
0.351 0.116
0.352 0.117
0.353 0.118
0.355 0.119
0.356 0.12
0.361 0.121
0.362 0.122
0.365 0.123
0.365 0.124
0.366 0.125
0.367 0.126
0.369 0.127
0.372 0.128
0.373 0.129
0.376 0.13
0.38 0.131
0.382 0.132
0.385 0.133
0.387 0.134
0.388 0.135
0.39 0.136
0.392 0.137
0.395 0.138
0.397 0.139
0.403 0.14
0.404 0.141
0.406 0.142
0.407 0.143
0.409 0.144
0.411 0.145
0.411 0.146
0.411 0.147
0.413 0.148
0.42 0.149
0.422 0.15
0.424 0.151
0.424 0.152
0.425 0.153
0.426 0.154
0.428 0.155
0.429 0.156
0.434 0.157
0.435 0.158
0.438 0.159
0.439 0.16
0.44 0.161
0.44 0.162
0.44 0.163
0.442 0.164
0.442 0.165
0.443 0.166
0.446 0.167
0.447 0.168
0.447 0.169
0.448 0.17
0.45 0.171
0.451 0.172
0.452 0.173
0.456 0.174
0.457 0.175
0.463 0.176
0.463 0.177
0.463 0.178
0.468 0.179
0.473 0.18
0.474 0.181
0.476 0.182
0.476 0.183
0.477 0.184
0.478 0.185
0.483 0.186
0.483 0.187
0.484 0.188
0.487 0.189
0.488 0.19
0.488 0.191
0.489 0.192
0.49 0.193
0.492 0.194
0.494 0.195
0.498 0.196
0.499 0.197
0.502 0.198
0.503 0.199
0.503 0.2
0.504 0.201
0.504 0.202
0.504 0.203
0.508 0.204
0.511 0.205
0.512 0.206
0.512 0.207
0.513 0.208
0.513 0.209
0.515 0.21
0.515 0.211
0.516 0.212
0.517 0.213
0.517 0.214
0.518 0.215
0.52 0.216
0.523 0.217
0.526 0.218
0.532 0.219
0.533 0.22
0.534 0.221
0.534 0.222
0.537 0.223
0.541 0.224
0.545 0.225
0.545 0.226
0.547 0.227
0.552 0.228
0.552 0.229
0.553 0.23
0.555 0.231
0.558 0.232
0.559 0.233
0.56 0.234
0.56 0.235
0.564 0.236
0.565 0.237
0.566 0.238
0.567 0.239
0.568 0.24
0.569 0.241
0.57 0.242
0.571 0.243
0.573 0.244
0.575 0.245
0.576 0.246
0.576 0.247
0.577 0.248
0.586 0.249
0.587 0.25
0.588 0.251
0.588 0.252
0.592 0.253
0.593 0.254
0.593 0.255
0.594 0.256
0.595 0.257
0.597 0.258
0.598 0.259
0.599 0.26
0.599 0.261
0.599 0.262
0.601 0.263
0.605 0.264
0.608 0.265
0.608 0.266
0.61 0.267
0.61 0.268
0.612 0.269
0.613 0.27
0.613 0.271
0.614 0.272
0.617 0.273
0.618 0.274
0.618 0.275
0.62 0.276
0.622 0.277
0.627 0.278
0.632 0.279
0.633 0.28
0.633 0.281
0.635 0.282
0.635 0.283
0.636 0.284
0.637 0.285
0.641 0.286
0.643 0.287
0.645 0.288
0.645 0.289
0.646 0.29
0.649 0.291
0.654 0.292
0.654 0.293
0.655 0.294
0.655 0.295
0.657 0.296
0.657 0.297
0.66 0.298
0.66 0.299
0.662 0.3
0.665 0.301
0.666 0.302
0.667 0.303
0.668 0.304
0.668 0.305
0.669 0.306
0.67 0.307
0.672 0.308
0.674 0.309
0.674 0.31
0.674 0.311
0.676 0.312
0.676 0.313
0.678 0.314
0.682 0.315
0.683 0.316
0.687 0.317
0.688 0.318
0.693 0.319
0.693 0.32
0.695 0.321
0.696 0.322
0.697 0.323
0.697 0.324
0.697 0.325
0.697 0.326
0.698 0.327
0.7 0.328
0.7 0.329
0.702 0.33
0.702 0.331
0.703 0.332
0.704 0.333
0.704 0.334
0.706 0.335
0.708 0.336
0.709 0.337
0.709 0.338
0.71 0.339
0.71 0.34
0.712 0.341
0.713 0.342
0.714 0.343
0.717 0.344
0.717 0.345
0.717 0.346
0.719 0.347
0.72 0.348
0.722 0.349
0.722 0.35
0.725 0.351
0.729 0.352
0.731 0.353
0.733 0.354
0.735 0.355
0.737 0.356
0.738 0.357
0.739 0.358
0.741 0.359
0.742 0.36
0.744 0.361
0.745 0.362
0.746 0.363
0.747 0.364
0.748 0.365
0.75 0.366
0.751 0.367
0.751 0.368
0.755 0.369
0.759 0.37
0.76 0.371
0.762 0.372
0.763 0.373
0.765 0.374
0.769 0.375
0.774 0.376
0.776 0.377
0.779 0.378
0.78 0.379
0.781 0.38
0.782 0.381
0.783 0.382
0.788 0.383
0.789 0.384
0.79 0.385
0.791 0.386
0.792 0.387
0.793 0.388
0.793 0.389
0.794 0.39
0.796 0.391
0.796 0.392
0.797 0.393
0.798 0.394
0.798 0.395
0.801 0.396
0.801 0.397
0.802 0.398
0.805 0.399
0.807 0.4
0.813 0.401
0.813 0.402
0.817 0.403
0.817 0.404
0.819 0.405
0.82 0.406
0.824 0.407
0.824 0.408
0.826 0.409
0.829 0.41
0.83 0.411
0.83 0.412
0.832 0.413
0.832 0.414
0.834 0.415
0.836 0.416
0.841 0.417
0.842 0.418
0.842 0.419
0.843 0.42
0.844 0.421
0.844 0.422
0.847 0.423
0.847 0.424
0.849 0.425
0.849 0.426
0.849 0.427
0.849 0.428
0.861 0.429
0.861 0.43
0.861 0.431
0.862 0.432
0.863 0.433
0.865 0.434
0.866 0.435
0.867 0.436
0.867 0.437
0.868 0.438
0.869 0.439
0.872 0.44
0.874 0.441
0.875 0.442
0.876 0.443
0.877 0.444
0.879 0.445
0.879 0.446
0.881 0.447
0.881 0.448
0.881 0.449
0.883 0.45
0.885 0.451
0.886 0.452
0.887 0.453
0.887 0.454
0.887 0.455
0.888 0.456
0.888 0.457
0.888 0.458
0.89 0.459
0.891 0.46
0.891 0.461
0.893 0.462
0.893 0.463
0.893 0.464
0.894 0.465
0.895 0.466
0.898 0.467
0.898 0.468
0.899 0.469
0.9 0.47
0.901 0.471
0.905 0.472
0.906 0.473
0.907 0.474
0.91 0.475
0.913 0.476
0.914 0.477
0.915 0.478
0.916 0.479
0.917 0.48
0.917 0.481
0.918 0.482
0.919 0.483
0.921 0.484
0.921 0.485
0.922 0.486
0.923 0.487
0.923 0.488
0.924 0.489
0.926 0.49
0.926 0.491
0.927 0.492
0.929 0.493
0.93 0.494
0.931 0.495
0.931 0.496
0.932 0.497
0.932 0.498
0.933 0.499
0.934 0.5
0.934 0.501
0.937 0.502
0.942 0.503
0.945 0.504
0.946 0.505
0.947 0.506
0.949 0.507
0.95 0.508
0.951 0.509
0.952 0.51
0.953 0.511
0.953 0.512
0.955 0.513
0.956 0.514
0.957 0.515
0.958 0.516
0.96 0.517
0.96 0.518
0.96 0.519
0.962 0.52
0.965 0.521
0.968 0.522
0.972 0.523
0.974 0.524
0.975 0.525
0.976 0.526
0.977 0.527
0.977 0.528
0.979 0.529
0.983 0.53
0.984 0.531
0.986 0.532
0.987 0.533
0.988 0.534
0.988 0.535
0.988 0.536
0.989 0.537
0.99 0.538
0.99 0.539
0.995 0.54
0.995 0.541
0.995 0.542
0.996 0.543
0.999 0.544
0.999 0.545
1 0.546
1 0.547
1 0.548
1 0.549
1 0.55
1 0.551
1 0.552
1.01 0.553
1.01 0.554
1.01 0.555
1.01 0.556
1.01 0.557
1.02 0.558
1.02 0.559
1.02 0.56
1.03 0.561
1.03 0.562
1.03 0.563
1.03 0.564
1.03 0.565
1.03 0.566
1.03 0.567
1.03 0.568
1.03 0.569
1.03 0.57
1.04 0.571
1.04 0.572
1.04 0.573
1.04 0.574
1.04 0.575
1.04 0.576
1.04 0.577
1.04 0.578
1.05 0.579
1.05 0.58
1.05 0.581
1.05 0.582
1.05 0.583
1.05 0.584
1.05 0.585
1.05 0.586
1.06 0.587
1.06 0.588
1.06 0.589
1.06 0.59
1.06 0.591
1.07 0.592
1.07 0.593
1.07 0.594
1.07 0.595
1.07 0.596
1.08 0.597
1.08 0.598
1.09 0.599
1.09 0.6
1.09 0.601
1.09 0.602
1.09 0.603
1.09 0.604
1.09 0.605
1.09 0.606
1.09 0.607
1.09 0.608
1.09 0.609
1.09 0.61
1.1 0.611
1.1 0.612
1.1 0.613
1.1 0.614
1.1 0.615
1.1 0.616
1.1 0.617
1.1 0.618
1.1 0.619
1.1 0.62
1.11 0.621
1.11 0.622
1.11 0.623
1.11 0.624
1.11 0.625
1.11 0.626
1.11 0.627
1.12 0.628
1.12 0.629
1.12 0.63
1.12 0.631
1.12 0.632
1.12 0.633
1.12 0.634
1.12 0.635
1.12 0.636
1.12 0.637
1.13 0.638
1.13 0.639
1.13 0.64
1.13 0.641
1.13 0.642
1.14 0.643
1.14 0.644
1.15 0.645
1.15 0.646
1.15 0.647
1.15 0.648
1.15 0.649
1.15 0.65
1.16 0.651
1.16 0.652
1.16 0.653
1.17 0.654
1.17 0.655
1.17 0.656
1.17 0.657
1.17 0.658
1.18 0.659
1.18 0.66
1.18 0.661
1.18 0.662
1.18 0.663
1.18 0.664
1.18 0.665
1.18 0.666
1.19 0.667
1.19 0.668
1.19 0.669
1.19 0.67
1.19 0.671
1.19 0.672
1.19 0.673
1.19 0.674
1.2 0.675
1.2 0.676
1.2 0.677
1.2 0.678
1.21 0.679
1.21 0.68
1.21 0.681
1.21 0.682
1.21 0.683
1.21 0.684
1.22 0.685
1.22 0.686
1.22 0.687
1.22 0.688
1.22 0.689
1.23 0.69
1.23 0.691
1.23 0.692
1.23 0.693
1.23 0.694
1.23 0.695
1.23 0.696
1.23 0.697
1.23 0.698
1.24 0.699
1.24 0.7
1.24 0.701
1.24 0.702
1.24 0.703
1.24 0.704
1.24 0.705
1.25 0.706
1.25 0.707
1.25 0.708
1.25 0.709
1.25 0.71
1.26 0.711
1.26 0.712
1.26 0.713
1.26 0.714
1.26 0.715
1.26 0.716
1.27 0.717
1.27 0.718
1.27 0.719
1.27 0.72
1.27 0.721
1.27 0.722
1.28 0.723
1.28 0.724
1.28 0.725
1.28 0.726
1.29 0.727
1.29 0.728
1.29 0.729
1.29 0.73
1.29 0.731
1.29 0.732
1.29 0.733
1.29 0.734
1.3 0.735
1.3 0.736
1.3 0.737
1.3 0.738
1.3 0.739
1.3 0.74
1.31 0.741
1.31 0.742
1.31 0.743
1.32 0.744
1.32 0.745
1.32 0.746
1.32 0.747
1.32 0.748
1.33 0.749
1.33 0.75
1.33 0.751
1.33 0.752
1.33 0.753
1.33 0.754
1.33 0.755
1.34 0.756
1.34 0.757
1.34 0.758
1.35 0.759
1.35 0.76
1.35 0.761
1.35 0.762
1.35 0.763
1.35 0.764
1.35 0.765
1.35 0.766
1.35 0.767
1.35 0.768
1.35 0.769
1.35 0.77
1.36 0.771
1.36 0.772
1.37 0.773
1.37 0.774
1.37 0.775
1.37 0.776
1.37 0.777
1.37 0.778
1.37 0.779
1.38 0.78
1.38 0.781
1.39 0.782
1.39 0.783
1.39 0.784
1.39 0.785
1.39 0.786
1.39 0.787
1.4 0.788
1.4 0.789
1.4 0.79
1.4 0.791
1.41 0.792
1.41 0.793
1.41 0.794
1.41 0.795
1.41 0.796
1.41 0.797
1.41 0.798
1.41 0.799
1.42 0.8
1.42 0.801
1.42 0.802
1.42 0.803
1.43 0.804
1.43 0.805
1.43 0.806
1.43 0.807
1.43 0.808
1.43 0.809
1.43 0.81
1.44 0.811
1.44 0.812
1.44 0.813
1.45 0.814
1.45 0.815
1.45 0.816
1.45 0.817
1.45 0.818
1.45 0.819
1.46 0.82
1.46 0.821
1.46 0.822
1.46 0.823
1.46 0.824
1.46 0.825
1.47 0.826
1.47 0.827
1.48 0.828
1.48 0.829
1.48 0.83
1.49 0.831
1.49 0.832
1.49 0.833
1.51 0.834
1.51 0.835
1.51 0.836
1.52 0.837
1.52 0.838
1.52 0.839
1.53 0.84
1.53 0.841
1.53 0.842
1.54 0.843
1.54 0.844
1.54 0.845
1.55 0.846
1.55 0.847
1.56 0.848
1.56 0.849
1.56 0.85
1.57 0.851
1.58 0.852
1.58 0.853
1.58 0.854
1.58 0.855
1.58 0.856
1.59 0.857
1.59 0.858
1.59 0.859
1.59 0.86
1.59 0.861
1.59 0.862
1.6 0.863
1.6 0.864
1.6 0.865
1.61 0.866
1.62 0.867
1.62 0.868
1.62 0.869
1.63 0.87
1.63 0.871
1.63 0.872
1.63 0.873
1.64 0.874
1.65 0.875
1.65 0.876
1.65 0.877
1.66 0.878
1.66 0.879
1.67 0.88
1.67 0.881
1.67 0.882
1.68 0.883
1.68 0.884
1.68 0.885
1.69 0.886
1.69 0.887
1.7 0.888
1.7 0.889
1.71 0.89
1.71 0.891
1.72 0.892
1.72 0.893
1.73 0.894
1.73 0.895
1.73 0.896
1.73 0.897
1.73 0.898
1.73 0.899
1.73 0.9
1.74 0.901
1.74 0.902
1.74 0.903
1.75 0.904
1.75 0.905
1.75 0.906
1.75 0.907
1.75 0.908
1.76 0.909
1.76 0.91
1.76 0.911
1.76 0.912
1.76 0.913
1.77 0.914
1.78 0.915
1.78 0.916
1.79 0.917
1.79 0.918
1.8 0.919
1.81 0.92
1.81 0.921
1.81 0.922
1.82 0.923
1.82 0.924
1.83 0.925
1.84 0.926
1.84 0.927
1.84 0.928
1.85 0.929
1.85 0.93
1.85 0.931
1.86 0.932
1.86 0.933
1.86 0.934
1.86 0.935
1.87 0.936
1.87 0.937
1.88 0.938
1.9 0.939
1.9 0.94
1.91 0.941
1.91 0.942
1.91 0.943
1.91 0.944
1.92 0.945
1.92 0.946
1.93 0.947
1.93 0.948
1.95 0.949
1.95 0.95
1.95 0.951
1.96 0.952
1.96 0.953
1.97 0.954
1.98 0.955
1.98 0.956
1.98 0.957
1.98 0.958
1.98 0.959
2.01 0.96
2.01 0.961
2.02 0.962
2.03 0.963
2.04 0.964
2.04 0.965
2.06 0.966
2.07 0.967
2.07 0.968
2.07 0.969
2.09 0.97
2.09 0.971
2.12 0.972
2.13 0.973
2.13 0.974
2.13 0.975
2.14 0.976
2.18 0.977
2.18 0.978
2.21 0.979
2.22 0.98
2.23 0.981
2.23 0.982
2.23 0.983
2.24 0.984
2.25 0.985
2.27 0.986
2.29 0.987
2.3 0.988
2.32 0.989
2.35 0.99
2.39 0.991
2.41 0.992
2.41 0.993
2.41 0.994
2.43 0.995
2.46 0.996
2.47 0.997
2.54 0.998
2.55 0.999
2.71 1
