     
5 1 -0.208 0.77 0.783 0.207
6 1 -0.279 0.813 0.496 0.293
7 1 -0.43 0.347 1.45 -0.812
8 1 -0.458 0.294 1.12 -0.465
9 1 0.245 -0.345 0.23 -1.15
10 1 0.515 -0.154 0.0216 -1.1
11 1 0.369 0.455 0.351 -1.02
12 1 0.363 0.445 0.336 -0.971
13 1 0.175 0.551 0.305 -0.548
14 1 0.363 0.261 0.516 -0.413
15 1 0.444 0.384 0.361 -0.221
16 1 0.45 0.472 0.502 -0.363
17 1 0.451 0.469 0.499 -0.354
18 1 0.446 0.477 0.5 -0.339
19 1 0.431 0.462 0.537 -0.324
20 1 0.344 0.369 0.437 -0.226
21 1 0.345 0.366 0.433 -0.224
22 1 0.341 0.395 0.423 -0.237
23 1 0.305 0.385 0.574 -0.31
24 1 0.297 0.376 0.564 -0.295
25 1 0.298 0.373 0.56 -0.293
26 1 0.246 0.404 0.455 -0.325
27 1 0.259 0.402 0.467 -0.337
28 1 0.235 0.417 0.448 -0.311
29 1 0.259 0.367 0.484 -0.325
30 1 0.278 0.411 0.209 -0.0674
31 1 0.291 0.416 0.217 -0.0783
32 1 0.285 0.481 0.242 -0.0523
33 1 0.279 0.477 0.246 -0.0501
34 1 0.295 0.432 0.225 -0.00423
35 1 0.322 0.467 0.195 -0.0213
36 1 0.308 0.469 0.2 -0.0327
37 1 0.38 0.427 0.252 0.00901
38 1 0.38 0.426 0.253 0.00851
39 1 0.38 0.426 0.252 0.00872
40 1 0.372 0.428 0.221 0.0245
41 1 0.388 0.431 0.23 0.000882
42 1 0.373 0.444 0.228 0.00787
43 1 0.376 0.391 0.324 -0.0106
44 1 0.372 0.388 0.319 -0.00857
45 1 0.392 0.348 0.302 -0.0384
46 1 0.391 0.348 0.302 -0.0384
47 1 0.379 0.394 0.366 -0.106
48 1 0.348 0.371 0.369 -0.0818
49 1 0.432 0.162 0.212 0.0118
50 1 0.569 0.297 0.0359 -0.0828
51 1 0.632 0.428 0.157 -0.192
52 1 0.656 0.494 0.287 -0.0628
53 1 0.665 0.502 0.296 -0.0503
54 1 0.629 0.518 0.317 -0.00899
55 1 0.632 0.518 0.319 -0.00711
56 1 0.606 0.524 0.306 0.00784
57 1 0.613 0.521 0.312 0.0056
58 1 0.613 0.52 0.312 0.0051
59 1 0.603 0.48 0.329 -0.0244
60 1 0.612 0.484 0.326 -0.0191
61 1 0.6 0.645 0.395 -0.115
62 1 0.554 0.606 0.401 -0.108
63 1 0.561 0.602 0.397 -0.105
64 1 0.551 0.645 0.368 -0.13
65 1 0.551 0.645 0.368 -0.13
66 1 0.551 0.642 0.365 -0.125
67 1 0.559 0.649 0.36 -0.135
68 1 0.555 0.652 0.362 -0.139
69 1 0.555 0.645 0.368 -0.137
70 1 0.555 0.645 0.368 -0.137
71 1 0.555 0.645 0.368 -0.137
72 1 0.555 0.644 0.368 -0.137
73 1 0.555 0.644 0.368 -0.137
74 1 0.554 0.643 0.368 -0.136
75 1 0.529 0.584 0.333 -0.126
76 1 0.585 0.517 0.246 -0.125
77 1 0.639 0.564 0.254 -0.136
78 1 0.655 0.597 0.278 -0.136
79 1 0.627 0.611 0.322 -0.104
80 1 0.618 0.57 0.337 -0.0503
81 1 0.644 0.595 0.185 -0.043
82 1 0.605 0.574 0.167 -0.0795
83 1 0.645 0.512 0.129 -0.127
84 1 0.645 0.512 0.129 -0.127
85 1 0.662 0.504 0.133 -0.151
86 1 0.652 0.536 0.106 -0.15
87 1 0.579 0.465 0.13 -0.183
88 1 0.599 0.456 0.12 -0.173
89 1 0.553 0.529 0.0627 -0.217
90 1 0.564 0.533 0.0726 -0.223
91 1 0.562 0.535 0.0726 -0.22
92 1 0.562 0.529 0.0776 -0.221
93 1 0.517 0.495 0.0178 -0.161
94 1 0.581 0.367 -0.000544 -0.289
95 1 0.663 0.445 -0.0246 -0.288
96 1 0.675 0.489 0.018 -0.297
97 1 0.629 0.484 0.136 -0.163
98 1 0.634 0.486 0.137 -0.16
99 1 0.633 0.487 0.137 -0.16
100 1 0.639 0.472 0.157 -0.158
110 1 0.596 0.407 0.0771 -0.154
120 1 0.566 0.323 0.0935 -0.188
130 1 0.532 0.27 0.0112 -0.343
140 1 0.641 0.227 -0.0451 -0.115
150 1 0.488 0.292 -0.0333 -0.0115
160 1 0.549 0.26 0.0521 0.013
170 1 0.5 0.229 0.0549 -0.00542
180 1 0.512 0.146 0.0943 0.0225
190 1 0.506 0.126 0.0784 -0.0103
200 1 0.534 0.168 0.0677 -0.0348
210 1 0.545 0.146 0.00655 -0.025
220 1 0.544 0.134 0.0633 -0.00405
230 1 0.58 0.203 0.12 0.00188
240 1 0.527 0.111 0.0473 -0.0919
250 1 0.44 0.143 0.104 -0.128
260 1 0.468 0.179 0.0573 -0.0986
270 1 0.44 0.163 0.0254 -0.105
280 1 0.437 0.113 0.0191 -0.0991
290 1 0.429 0.141 0.0561 -0.148
300 1 0.406 0.0971 0.0478 -0.125
310 1 0.487 0.189 0.148 -0.0353
320 1 0.477 0.187 0.194 0.0495
330 1 0.512 0.22 0.234 0.11
340 1 0.531 0.251 0.239 0.164
350 1 0.527 0.241 0.241 0.146
360 1 0.526 0.234 0.251 0.125
370 1 0.535 0.228 0.216 0.112
380 1 0.518 0.175 0.194 0.101
390 1 0.506 0.174 0.198 0.0996
400 1 0.547 0.243 0.265 0.129
410 1 0.594 0.262 0.31 0.191
420 1 0.606 0.309 0.32 0.187
430 1 0.598 0.319 0.317 0.215
440 1 0.57 0.33 0.287 0.236
450 1 0.546 0.285 0.28 0.269
460 1 0.543 0.272 0.306 0.223
470 1 0.589 0.307 0.316 0.192
480 1 0.577 0.345 0.331 0.245
490 1 0.578 0.355 0.33 0.23
500 1 0.57 0.375 0.346 0.232
510 1 0.558 0.375 0.354 0.202
520 1 0.549 0.371 0.347 0.201
530 1 0.547 0.381 0.343 0.201
540 1 0.55 0.409 0.341 0.201
550 1 0.566 0.408 0.342 0.208
560 1 0.593 0.431 0.349 0.208
570 1 0.596 0.436 0.355 0.216
580 1 0.605 0.435 0.323 0.182
590 1 0.609 0.424 0.313 0.178
600 1 0.621 0.451 0.353 0.182
610 1 0.603 0.433 0.348 0.204
620 1 0.605 0.428 0.355 0.218
630 1 0.599 0.424 0.327 0.239
640 1 0.597 0.428 0.319 0.23
650 1 0.638 0.489 0.371 0.32
660 1 0.651 0.502 0.378 0.332
670 1 0.644 0.501 0.373 0.332
680 1 0.641 0.492 0.369 0.328
690 1 0.625 0.492 0.392 0.357
700 1 0.621 0.492 0.389 0.335
710 1 0.61 0.487 0.389 0.347
720 1 0.613 0.487 0.381 0.355
730 1 0.614 0.497 0.39 0.353
740 1 0.612 0.506 0.405 0.366
750 1 0.621 0.485 0.39 0.364
760 1 0.62 0.482 0.393 0.366
770 1 0.619 0.469 0.395 0.367
780 1 0.628 0.462 0.385 0.362
790 1 0.624 0.458 0.374 0.358
800 1 0.62 0.45 0.366 0.357
810 1 0.62 0.453 0.362 0.355
820 1 0.606 0.454 0.36 0.35
830 1 0.61 0.441 0.359 0.354
840 1 0.605 0.437 0.346 0.347
850 1 0.61 0.43 0.339 0.352
860 1 0.611 0.424 0.36 0.347
870 1 0.606 0.42 0.359 0.324
880 1 0.6 0.421 0.347 0.341
890 1 0.601 0.422 0.345 0.343
900 1 0.601 0.418 0.341 0.334
910 1 0.599 0.414 0.337 0.332
920 1 0.604 0.411 0.334 0.332
930 1 0.607 0.415 0.335 0.34
940 1 0.61 0.42 0.311 0.32
950 1 0.615 0.408 0.305 0.312
960 1 0.603 0.402 0.313 0.311
970 1 0.597 0.401 0.317 0.304
980 1 0.599 0.411 0.331 0.292
990 1 0.596 0.409 0.338 0.305
1e+03 1 0.593 0.405 0.322 0.294
1.1e+03 1 0.595 0.416 0.277 0.216
1.2e+03 1 0.562 0.404 0.279 0.238
1.3e+03 1 0.577 0.389 0.245 0.233
1.4e+03 1 0.573 0.381 0.223 0.185
1.5e+03 1 0.592 0.395 0.229 0.195
1.6e+03 1 0.604 0.394 0.21 0.208
1.7e+03 1 0.588 0.376 0.215 0.214
1.8e+03 1 0.561 0.337 0.16 0.16
1.9e+03 1 0.56 0.306 0.125 0.138
2e+03 1 0.56 0.316 0.0935 0.119
2.1e+03 1 0.565 0.288 0.0966 0.0924
2.2e+03 1 0.563 0.274 0.0907 0.0712
2.3e+03 1 0.566 0.31 0.121 0.104
2.4e+03 1 0.559 0.295 0.0971 0.0794
2.5e+03 1 0.539 0.309 0.103 0.0729
2.6e+03 1 0.518 0.302 0.0782 0.0854
2.7e+03 1 0.495 0.291 0.051 0.0357
2.8e+03 1 0.497 0.295 0.0181 0.0577
2.9e+03 1 0.48 0.293 0.0324 0.0441
3e+03 1 0.481 0.282 0.0229 0.0593
3.1e+03 1 0.475 0.268 0.00714 0.046
3.2e+03 1 0.491 0.278 0.0578 0.0677
3.3e+03 1 0.469 0.267 0.0438 0.0787
3.4e+03 1 0.449 0.259 0.0011 0.0807
3.5e+03 1 0.443 0.246 -0.00877 0.0838
3.6e+03 1 0.436 0.238 -0.0291 0.0812
3.7e+03 1 0.434 0.248 -0.00365 0.102
3.8e+03 1 0.467 0.297 0.0401 0.136
3.9e+03 1 0.466 0.293 0.0341 0.126
4e+03 1 0.455 0.291 0.0335 0.128
4.1e+03 1 0.46 0.268 0.0283 0.115
4.2e+03 1 0.484 0.299 0.0622 0.121
4.3e+03 1 0.478 0.309 0.0729 0.123
4.4e+03 1 0.471 0.297 0.0665 0.101
4.5e+03 1 0.473 0.285 0.0576 0.0967
4.6e+03 1 0.459 0.272 0.0468 0.08
4.7e+03 1 0.449 0.255 0.0209 0.057
4.8e+03 1 0.46 0.255 0.0338 0.066
4.9e+03 1 0.466 0.245 0.0497 0.0664
5e+03 1 0.462 0.238 0.057 0.063
5.1e+03 1 0.462 0.236 0.0631 0.0761
5.2e+03 1 0.473 0.262 0.0727 0.0721
5.3e+03 1 0.463 0.263 0.069 0.0607
5.4e+03 1 0.452 0.254 0.0768 0.0657
5.5e+03 1 0.461 0.265 0.0953 0.0859
5.6e+03 1 0.467 0.277 0.105 0.0793
5.7e+03 1 0.476 0.283 0.101 0.0639
5.8e+03 1 0.48 0.284 0.11 0.0599
5.9e+03 1 0.466 0.27 0.101 0.0434
6e+03 1 0.471 0.279 0.107 0.0532
6.1e+03 1 0.481 0.29 0.111 0.0605
6.2e+03 1 0.471 0.276 0.108 0.0639
6.3e+03 1 0.462 0.278 0.105 0.063
6.4e+03 1 0.436 0.254 0.103 0.0564
6.5e+03 1 0.44 0.253 0.107 0.0647
6.6e+03 1 0.436 0.24 0.108 0.0777
6.7e+03 1 0.435 0.226 0.102 0.0692
6.8e+03 1 0.445 0.238 0.106 0.0827
6.9e+03 1 0.45 0.235 0.12 0.0842
7e+03 1 0.447 0.222 0.118 0.0898
7.1e+03 1 0.44 0.221 0.124 0.0882
7.2e+03 1 0.452 0.235 0.119 0.093
7.3e+03 1 0.455 0.233 0.129 0.0894
7.4e+03 1 0.462 0.25 0.136 0.0916
7.5e+03 1 0.463 0.248 0.128 0.0857
7.6e+03 1 0.47 0.246 0.143 0.114
7.7e+03 1 0.479 0.252 0.143 0.119
7.8e+03 1 0.483 0.252 0.141 0.125
7.9e+03 1 0.479 0.257 0.146 0.131
8e+03 1 0.479 0.249 0.16 0.131
8.1e+03 1 0.486 0.247 0.162 0.125
8.2e+03 1 0.481 0.251 0.163 0.113
8.3e+03 1 0.482 0.251 0.166 0.116
8.4e+03 1 0.485 0.256 0.168 0.117
8.5e+03 1 0.491 0.253 0.168 0.115
8.6e+03 1 0.489 0.258 0.17 0.132
8.7e+03 1 0.495 0.251 0.163 0.129
8.8e+03 1 0.497 0.247 0.16 0.132
8.9e+03 1 0.5 0.246 0.158 0.133
9e+03 1 0.496 0.244 0.162 0.136
9.1e+03 1 0.5 0.254 0.168 0.147
9.2e+03 1 0.494 0.247 0.166 0.156
9.3e+03 1 0.487 0.24 0.162 0.149
9.4e+03 1 0.488 0.245 0.163 0.154
9.5e+03 1 0.494 0.247 0.165 0.153
9.6e+03 1 0.502 0.251 0.173 0.156
9.7e+03 1 0.499 0.25 0.173 0.155
9.8e+03 1 0.498 0.241 0.169 0.151
9.9e+03 1 0.503 0.24 0.167 0.143
1e+04 1 0.504 0.244 0.168 0.152
