    
1 2.82 0 0 0
2 4.39 1 0 0
3 3.95 3.35 0.476 0
4 4.01 3.06 2.04 0.294
5 4 3.09 1.92 0.949
6 4.02 3.11 1.92 0.97
7 4.03 3.11 1.92 0.969
8 4 3.12 1.94 0.974
9 3.98 3.04 1.97 1.01
10 3.98 3.03 1.94 1.02
11 3.96 3.03 1.93 0.981
12 3.97 3.02 1.93 1.03
13 3.96 3.03 1.93 1.01
14 3.98 3.02 1.94 1.01
15 3.99 3.03 1.93 1.03
16 4 3.03 1.94 1.03
17 4 3.03 1.94 1.03
18 3.99 3.02 1.96 1.03
19 3.99 3.03 1.96 1.01
20 4 3.02 1.96 1.01
21 4 3.03 1.95 1.01
22 4 3.03 1.96 1.01
23 3.98 3.03 1.97 1
24 3.99 3.02 1.96 1.01
25 3.99 3.02 1.97 1.01
26 3.99 3.03 1.97 1.02
27 3.99 3.03 1.96 1.02
28 3.99 3.03 1.97 1.02
29 3.99 3.03 1.97 1.02
30 4 3.02 1.97 1.02
31 4 3.03 1.97 1.02
32 4.01 3.02 1.98 1.02
33 4.01 3.02 1.97 1.03
34 4.02 3.02 1.98 1.03
35 4.02 3.02 1.98 1.03
36 4.02 3.01 1.99 1.03
37 4.02 3.01 1.99 1.03
38 4.02 3.01 1.99 1.03
39 4.01 3.01 2 1.03
40 4 3.02 2 1.02
41 4 3.02 2 1.02
42 4 3.01 2 1.02
43 4 3.02 2 1.02
44 4 3.02 2 1.02
45 4 3.02 2 1.02
46 3.99 3.02 1.99 1.02
47 3.99 3.02 1.99 1.02
48 4 3.02 1.99 1.02
49 3.99 3.03 1.99 1.01
50 3.99 3.03 1.99 1.01
51 3.99 3.03 1.99 1.02
52 4 3.02 1.99 1.02
53 4 3.02 1.99 1.02
54 4 3.02 2 1.01
55 4 3.02 2 1.01
56 4 3.02 2 1.01
57 4 3.02 2 1.01
58 4 3.03 2 1.01
59 3.99 3.02 2 1.01
60 3.99 3.02 2 1.01
61 3.99 3.02 2 1.01
62 3.99 3.02 2 1.01
63 3.99 3.02 2 1.01
64 4 3.02 2 1.02
65 4 3.02 2 1.02
66 4 3.02 1.99 1.02
67 3.99 3.02 1.99 1.01
68 3.99 3.02 1.99 1.01
69 4 3.02 1.99 1.01
70 4 3.02 1.99 1.01
71 4 3.02 1.99 1.01
72 4 3.02 1.99 1.01
73 4 3.02 2 1.01
74 4 3.02 2 1.01
75 4 3.02 2 1
76 4 3.02 2 1.01
77 4 3.02 2.01 1.01
78 4 3.02 2.01 1.01
79 4 3.02 2.01 1.01
80 4 3.02 2.01 1.01
81 4 3.02 2.01 1.01
82 4 3.02 2.01 1.01
83 4 3.02 2.01 1.01
84 4 3.02 2.01 1.01
85 4 3.01 2.01 1.01
86 4 3.01 2.01 1.01
87 4 3.01 2.01 1.01
88 4 3.01 2.01 1.01
89 4 3.01 2.01 1.01
90 4 3.01 2.01 1.01
91 4 3.01 2.01 1.01
92 4 3.01 2.01 1.01
93 4 3.01 2.01 1.01
94 4 3.01 2.01 1.01
95 4 3.01 2 1.01
96 4 3.01 2 1.01
97 4 3.01 2 1.01
98 3.99 3.01 2 1.01
99 4 3.01 2 1.01
100 4 3.01 2 1.01
101 4 3.01 2 1.01
102 4 3.01 2 1.01
103 4 3.01 2 1.01
104 4 3.01 2 1.01
105 4 3.01 2 1.01
106 4 3.01 2 1.01
107 4 3.01 2 1.01
108 4 3 2 1.01
109 4 3 2 1.02
110 4 3 2 1.02
111 4 3 2 1.02
112 4 3 2 1.02
113 4 3 2 1.02
114 4 3 2 1.02
115 4 3 2 1.02
116 4 3 2.01 1.02
117 4 3.01 2.01 1.02
118 4 3.01 2 1.02
119 4 3.01 2 1.02
120 4 3.01 2 1.02
121 4 3.01 2 1.01
122 4 3 2 1.01
123 4 3 2 1.01
124 4 3.01 2 1.01
125 4 3 2 1.01
126 4 3 2 1.01
127 4 3 2 1.01
128 4 3 2 1.01
129 4 3 2 1.01
130 4 3 2 1.01
131 4 3 1.99 1.01
132 4 3 1.99 1.01
133 4 3 1.99 1.01
134 4 3 1.99 1.01
135 4 3 1.99 1.02
136 4 3 1.99 1.02
137 4 3 1.99 1.02
138 4 3 1.99 1.02
139 4 3 1.99 1.02
140 4 3 1.99 1.02
141 4 3 1.99 1.02
142 4 3 1.99 1.01
143 4 3 1.99 1.01
144 4 3 1.99 1.01
145 4 3 1.99 1.01
146 4 3.01 1.99 1.01
147 4 3 1.99 1.02
148 4 3 1.99 1.02
149 4 3.01 2 1.01
150 4 3.01 2 1.01
151 4 3.01 2 1.01
152 4 3.01 2 1.01
153 4 3.01 2 1.01
154 4 3.01 2 1.01
155 4 3 1.99 1.01
156 4 3 2 1.01
157 4 3.01 2 1.01
158 4 3.01 2 1.01
159 4 3.01 2 1.01
160 4 3.01 2 1.01
161 4 3.01 2 1.01
162 4 3.01 2 1.01
163 4 3.01 2 1.01
164 4 3.01 2 1.01
165 4 3.01 2 1.01
166 4 3.01 2 1.01
167 4 3.01 2 1.01
168 4 3.01 2 1.01
169 4 3.01 2 1.01
170 4 3.01 2 1.01
171 4 3.01 2 1.01
172 4 3.01 2 1.01
173 4 3.01 2 1.01
174 4 3.01 2 1.01
175 4 3 2 1.01
176 4 3 2 1.01
177 4 3.01 2 1.01
178 4 3.01 2 1.01
179 4 3.01 2 1.01
180 4 3.01 2 1.01
181 4 3.01 2 1.01
182 4 3.01 2 1.01
183 4 3.01 2 1.01
184 4 3.01 2 1.01
185 4 3.01 2 1.01
186 4 3.01 2 1.01
187 4 3.01 2 1.01
188 4 3.01 2 1.01
189 4 3.01 2 1.01
190 4 3.01 2 1.01
191 4 3.01 2 1.01
192 4 3.01 2 1.01
193 4 3.01 2 1.01
194 4 3.01 2 1.01
195 4 3.01 2 1.01
196 4 3.01 2 1.01
197 4 3.01 2 1.01
