  
5 0.154 0.0802
6 0.162 0.0599
7 0.0755 0.0165
8 0.0784 0.0376
9 0.0753 0.049
10 0.0829 0.0437
11 0.0939 0.0915
12 0.0943 0.0897
13 0.0985 0.112
14 0.084 0.0846
15 0.071 0.0997
16 0.0612 0.0862
17 0.0671 0.0888
18 0.0733 0.102
19 0.0479 0.175
20 0.0735 0.177
21 0.0651 0.155
22 0.0653 0.146
23 0.07 0.134
24 0.0633 0.14
25 0.0653 0.139
26 0.0669 0.135
27 0.0659 0.14
28 0.0645 0.124
29 0.0616 0.13
30 0.0622 0.107
31 0.0615 0.155
32 0.062 0.16
33 0.064 0.16
34 0.0465 0.132
35 0.044 0.133
36 0.0394 0.0846
37 0.0368 0.0723
38 0.0392 0.0715
39 0.029 0.0463
40 0.0241 0.0284
41 0.0239 0.0276
42 0.0267 0.0413
43 0.0243 0.0416
44 0.0231 0.0386
45 0.0222 0.0344
46 0.0206 0.0282
47 0.0179 0.0277
48 0.016 0.034
49 0.018 0.0318
50 0.0182 0.0322
51 0.0199 0.021
52 0.0184 0.0202
53 0.0181 0.018
54 0.0214 0.027
55 0.0226 0.0309
56 0.0187 0.0268
57 0.0207 0.028
58 0.0212 0.0302
59 0.021 0.0247
60 0.017 0.0228
61 0.0191 0.0194
62 0.0169 0.0117
63 0.0168 0.0181
64 0.0175 0.0229
65 0.0176 0.0222
66 0.017 0.0241
67 0.017 0.0243
68 0.0169 0.0243
69 0.0172 0.0252
70 0.0166 0.0216
71 0.0158 0.0202
72 0.0131 0.0224
73 0.0144 0.0225
74 0.0141 0.0215
75 0.0138 0.0258
76 0.0134 0.027
77 0.0167 0.0291
78 0.017 0.0294
79 0.017 0.0292
80 0.0172 0.0298
81 0.018 0.0271
82 0.0232 0.0274
83 0.0224 0.0307
84 0.0245 0.0424
85 0.0234 0.0304
86 0.0256 0.0391
87 0.0266 0.0376
88 0.0261 0.0464
89 0.0254 0.0461
90 0.0253 0.0472
91 0.0246 0.0441
92 0.0251 0.0408
93 0.0265 0.0398
94 0.0248 0.0427
95 0.0241 0.0515
96 0.024 0.0413
97 0.0251 0.0368
98 0.0258 0.0393
99 0.0243 0.0471
100 0.0244 0.0436
110 0.0284 0.0504
120 0.0267 0.0489
130 0.0244 0.0269
140 0.0247 0.0167
150 0.0156 0.00775
160 0.0119 0.00662
170 0.00758 0.0111
180 0.00744 0.00758
190 0.00823 0.00621
200 0.0107 0.0139
210 0.00934 0.0193
220 0.011 0.0449
230 0.011 0.0347
240 0.0117 0.0394
250 0.0124 0.0372
260 0.012 0.0476
270 0.0118 0.0407
280 0.0114 0.0433
290 0.0132 0.0466
300 0.0127 0.0494
310 0.0145 0.0575
320 0.0149 0.0538
330 0.015 0.053
340 0.0153 0.0486
350 0.0158 0.0444
360 0.0145 0.0351
370 0.0141 0.0341
380 0.0141 0.0393
390 0.0159 0.0232
400 0.0169 0.0153
410 0.0165 0.0207
420 0.015 0.0161
430 0.0155 0.0144
440 0.0158 0.0133
450 0.0164 0.0194
460 0.0155 0.0196
470 0.0148 0.0125
480 0.0145 0.0273
490 0.0137 0.0277
500 0.0133 0.0322
510 0.0139 0.0337
520 0.0136 0.0377
530 0.0135 0.0395
540 0.0124 0.0444
550 0.0123 0.0518
560 0.0114 0.0456
570 0.0114 0.0491
580 0.0116 0.0511
590 0.0112 0.0602
600 0.0118 0.0532
610 0.0119 0.0581
620 0.0127 0.05
630 0.0123 0.0558
640 0.0122 0.0595
650 0.0112 0.0775
660 0.0101 0.0635
670 0.0102 0.065
680 0.0109 0.0686
690 0.0106 0.0551
700 0.0102 0.0568
710 0.00993 0.0636
720 0.0106 0.054
730 0.011 0.0517
740 0.0104 0.0507
750 0.0104 0.0445
760 0.00991 0.041
770 0.00968 0.0435
780 0.00954 0.0433
790 0.0095 0.0484
800 0.00957 0.0443
810 0.00964 0.0463
820 0.0103 0.0444
830 0.0102 0.0492
840 0.0101 0.042
850 0.0102 0.0376
860 0.0102 0.0356
870 0.0103 0.0454
880 0.01 0.0515
890 0.0104 0.0456
900 0.0102 0.045
910 0.0101 0.0452
920 0.00988 0.043
930 0.00989 0.0398
940 0.00917 0.0434
950 0.00926 0.0473
960 0.00974 0.0431
970 0.00911 0.0478
980 0.00896 0.0432
990 0.00899 0.0533
1e+03 0.00917 0.0517
1.1e+03 0.00873 0.0439
1.2e+03 0.00815 0.0473
1.3e+03 0.00908 0.036
1.4e+03 0.00787 0.0293
1.5e+03 0.00791 0.0056
1.6e+03 0.0077 0.017
1.7e+03 0.00768 0.023
1.8e+03 0.00658 0.0174
1.9e+03 0.0076 0.00711
2e+03 0.00671 0.00974
2.1e+03 0.00737 0.00935
2.2e+03 0.00771 0.0125
2.3e+03 0.00763 0.0251
2.4e+03 0.0071 0.0255
2.5e+03 0.00564 0.0166
2.6e+03 0.00549 0.0112
2.7e+03 0.00533 0.0117
2.8e+03 0.0057 0.00922
2.9e+03 0.0054 0.0146
3e+03 0.00486 0.0101
3.1e+03 0.00466 0.00438
3.2e+03 0.00456 0.00615
3.3e+03 0.00435 0.00673
3.4e+03 0.00446 0.00825
3.5e+03 0.00476 0.00835
3.6e+03 0.00472 0.00213
3.7e+03 0.00498 0.00495
3.8e+03 0.00508 0.00522
3.9e+03 0.00503 0.00507
4e+03 0.00498 0.0061
4.1e+03 0.005 0.00706
4.2e+03 0.00497 0.0108
4.3e+03 0.00522 0.0146
4.4e+03 0.00511 0.0077
4.5e+03 0.00521 0.00602
4.6e+03 0.00544 0.00724
4.7e+03 0.0058 0.00555
4.8e+03 0.00552 0.0116
4.9e+03 0.00577 0.0122
5e+03 0.00598 0.00796
5.1e+03 0.00631 0.00845
5.2e+03 0.00644 0.00789
5.3e+03 0.00626 0.0106
5.4e+03 0.00635 0.00781
5.5e+03 0.00635 0.00366
5.6e+03 0.0063 0.0046
5.7e+03 0.00645 0.00282
5.8e+03 0.00627 0.00297
5.9e+03 0.00624 0.0015
6e+03 0.00644 0.00162
6.1e+03 0.00657 0.00233
6.2e+03 0.00662 0.00234
6.3e+03 0.00652 0.00542
6.4e+03 0.00644 0.00559
6.5e+03 0.00633 0.00609
6.6e+03 0.00637 0.00435
6.7e+03 0.00619 0.00299
6.8e+03 0.00621 0.00275
6.9e+03 0.00638 0.00105
7e+03 0.00643 0.000939
7.1e+03 0.00634 0.00165
7.2e+03 0.00598 0.00311
7.3e+03 0.00604 0.00241
7.4e+03 0.00608 0.00139
7.5e+03 0.0059 0.00102
7.6e+03 0.0057 0.00169
7.7e+03 0.0055 0.00113
7.8e+03 0.00548 0.000831
7.9e+03 0.0055 0.000813
8e+03 0.00546 0.00274
8.1e+03 0.00556 0.00359
8.2e+03 0.00554 0.00435
8.3e+03 0.00562 0.00212
8.4e+03 0.00552 0.00171
8.5e+03 0.00566 0.00169
8.6e+03 0.00556 0.00166
8.7e+03 0.00589 0.00335
8.8e+03 0.00593 0.00248
8.9e+03 0.00613 0.00281
9e+03 0.00621 0.00177
9.1e+03 0.0062 0.00149
9.2e+03 0.0063 0.000646
9.3e+03 0.00621 0.00143
9.4e+03 0.00617 0.00171
9.5e+03 0.00619 0.00155
9.6e+03 0.0063 0.00124
9.7e+03 0.00619 0.0025
9.8e+03 0.0063 0.00316
9.9e+03 0.00623 0.00123
1e+04 0.00622 0.00194
1.1e+04 0.0063 0.00496
1.2e+04 0.00628 0.00338
1.3e+04 0.00602 0.00206
1.4e+04 0.00567 0.00132
1.5e+04 0.00592 0.00165
1.6e+04 0.00586 0.00251
1.7e+04 0.00569 0.00223
1.8e+04 0.00558 0.00153
1.9e+04 0.00579 0.00237
2e+04 0.00602 0.00263
2.1e+04 0.00599 0.00166
2.2e+04 0.00568 0.00278
2.3e+04 0.00545 0.00233
2.4e+04 0.00541 0.00214
2.5e+04 0.00557 0.00233
2.6e+04 0.00556 0.00208
2.7e+04 0.00588 0.00306
2.8e+04 0.00581 0.00256
2.9e+04 0.00579 0.00316
3e+04 0.00587 0.00128
3.1e+04 0.00593 0.00171
3.2e+04 0.00582 0.00327
3.3e+04 0.0059 0.00451
3.4e+04 0.00581 0.00499
3.5e+04 0.00581 0.0045
3.6e+04 0.00561 0.00536
3.7e+04 0.00563 0.00634
3.8e+04 0.00563 0.00738
3.9e+04 0.00558 0.0077
4e+04 0.00569 0.00842
4.1e+04 0.0058 0.00882
4.2e+04 0.00586 0.00923
4.3e+04 0.00587 0.00875
4.4e+04 0.00589 0.00995
4.5e+04 0.0058 0.00993
4.6e+04 0.00588 0.0102
4.7e+04 0.00581 0.00989
4.8e+04 0.00585 0.00844
4.9e+04 0.00595 0.00864
5e+04 0.00598 0.00759
5.1e+04 0.00593 0.00739
5.2e+04 0.006 0.00825
5.3e+04 0.00592 0.00834
5.4e+04 0.00594 0.00772
5.5e+04 0.00598 0.00699
5.6e+04 0.00596 0.0072
5.7e+04 0.00588 0.00721
5.8e+04 0.00586 0.00713
5.9e+04 0.00588 0.00687
6e+04 0.00579 0.00711
6.1e+04 0.00581 0.00734
6.2e+04 0.0059 0.00654
6.3e+04 0.00587 0.00608
6.4e+04 0.00581 0.00668
6.5e+04 0.00576 0.00607
6.6e+04 0.00579 0.00593
6.7e+04 0.00579 0.00618
6.8e+04 0.00579 0.00611
6.9e+04 0.00574 0.00683
7e+04 0.00575 0.00705
7.1e+04 0.00577 0.00674
7.2e+04 0.00573 0.00652
7.3e+04 0.00569 0.00681
7.4e+04 0.00569 0.00735
7.5e+04 0.00571 0.00804
7.6e+04 0.0057 0.00867
7.7e+04 0.00576 0.00817
7.8e+04 0.00573 0.00804
7.9e+04 0.00577 0.00667
8e+04 0.0058 0.00622
8.1e+04 0.00576 0.00584
8.2e+04 0.00577 0.00531
8.3e+04 0.00576 0.00538
8.4e+04 0.00574 0.00514
8.5e+04 0.00572 0.0054
8.6e+04 0.00575 0.00501
8.7e+04 0.0057 0.00474
8.8e+04 0.00574 0.00488
8.9e+04 0.00574 0.00473
9e+04 0.00571 0.00487
9.1e+04 0.00569 0.00492
9.2e+04 0.00571 0.00515
9.3e+04 0.00576 0.00543
9.4e+04 0.00573 0.00558
9.5e+04 0.00572 0.00608
9.6e+04 0.00574 0.00578
9.7e+04 0.00575 0.00581
9.8e+04 0.00573 0.005
9.9e+04 0.00574 0.00463
1e+05 0.00572 0.00473
1.1e+05 0.00583 0.00367
1.2e+05 0.00583 0.00321
1.3e+05 0.00598 0.00216
1.4e+05 0.0062 0.00159
1.5e+05 0.00626 0.00187
1.6e+05 0.00617 0.00177
1.7e+05 0.00615 0.000837
1.8e+05 0.00614 0.00166
1.9e+05 0.00621 0.00152
2e+05 0.00618 0.00137
2.1e+05 0.00614 0.000668
2.2e+05 0.00608 0.00104
2.3e+05 0.00611 0.00111
2.4e+05 0.00618 0.00122
2.5e+05 0.00619 0.000412
2.6e+05 0.00619 0.000422
2.7e+05 0.00616 0.000825
2.8e+05 0.0062 0.000908
2.9e+05 0.00625 0.000703
3e+05 0.00622 0.00128
3.1e+05 0.00617 0.00156
3.2e+05 0.0062 0.00157
3.3e+05 0.00615 0.0015
3.4e+05 0.00616 0.00158
3.5e+05 0.00617 0.00151
3.6e+05 0.00613 0.00155
3.7e+05 0.00616 0.0019
3.8e+05 0.00616 0.00174
3.9e+05 0.00613 0.00174
4e+05 0.00611 0.00139
4.1e+05 0.00608 0.00138
4.2e+05 0.00609 0.00124
4.3e+05 0.0061 0.0011
4.4e+05 0.0061 0.000958
4.5e+05 0.00612 0.000912
4.6e+05 0.00608 0.000674
4.7e+05 0.0061 0.000619
4.8e+05 0.00607 0.000458
4.9e+05 0.00606 0.000374
5e+05 0.00607 0.000458
5.1e+05 0.00606 0.000315
5.2e+05 0.00604 0.000207
5.3e+05 0.00605 0.000351
5.4e+05 0.00604 0.000459
5.5e+05 0.00604 0.000477
5.6e+05 0.00603 0.000307
5.7e+05 0.00604 0.000335
5.8e+05 0.00602 0.000575
5.9e+05 0.00604 0.000652
6e+05 0.006 0.00071
6.1e+05 0.00599 0.000339
6.2e+05 0.006 0.000343
6.3e+05 0.00597 0.000576
6.4e+05 0.00599 0.000577
6.5e+05 0.006 0.000437
6.6e+05 0.00602 0.000236
6.7e+05 0.00602 0.000226
6.8e+05 0.006 0.000197
6.9e+05 0.00602 0.000182
7e+05 0.006 0.000205
7.1e+05 0.00599 0.000236
7.2e+05 0.00599 0.000164
7.3e+05 0.00598 0.000332
7.4e+05 0.00593 0.000145
7.5e+05 0.00593 0.000143
7.6e+05 0.00593 0.000214
7.7e+05 0.00592 0.00042
7.8e+05 0.00594 0.000481
7.9e+05 0.00593 0.000503
8e+05 0.00594 0.000638
8.1e+05 0.00594 0.000863
8.2e+05 0.00593 0.000968
8.3e+05 0.00593 0.000861
8.4e+05 0.00594 0.000783
8.5e+05 0.00592 0.000891
8.6e+05 0.00593 0.000942
8.7e+05 0.00595 0.00115
8.8e+05 0.00595 0.00114
8.9e+05 0.00596 0.000962
9e+05 0.00599 0.000758
9.1e+05 0.00601 0.000803
9.2e+05 0.00601 0.000744
9.3e+05 0.006 0.00056
9.4e+05 0.006 0.000595
9.5e+05 0.00599 0.000715
9.6e+05 0.00598 0.000643
9.7e+05 0.00599 0.000677
9.8e+05 0.006 0.00069
9.9e+05 0.006 0.000504
1e+06 0.00601 0.000682
1.01e+06 0.006 0.000779
1.02e+06 0.006 0.000686
1.03e+06 0.00603 0.00064
1.04e+06 0.00603 0.000755
1.05e+06 0.00603 0.000824
1.06e+06 0.00605 0.000702
1.07e+06 0.00606 0.000793
1.08e+06 0.00606 0.000704
1.09e+06 0.00606 0.000679
1.1e+06 0.00608 0.000648
1.11e+06 0.00607 0.000701
1.12e+06 0.00606 0.000781
1.13e+06 0.00606 0.000612
1.14e+06 0.00604 0.000689
1.15e+06 0.00604 0.000785
1.16e+06 0.00604 0.000778
1.17e+06 0.00604 0.000989
1.18e+06 0.00602 0.00116
1.19e+06 0.00601 0.00142
1.2e+06 0.00602 0.00146
1.21e+06 0.00601 0.00148
1.22e+06 0.00601 0.00156
1.23e+06 0.00601 0.00141
1.24e+06 0.00603 0.00134
1.25e+06 0.00602 0.00139
1.26e+06 0.00602 0.00137
1.27e+06 0.00601 0.00115
1.28e+06 0.00601 0.00111
1.29e+06 0.00601 0.00111
1.3e+06 0.00601 0.00124
1.31e+06 0.00601 0.00103
1.32e+06 0.00602 0.000964
1.33e+06 0.00602 0.000945
1.34e+06 0.00602 0.000783
1.35e+06 0.00603 0.000795
1.36e+06 0.00603 0.000824
1.37e+06 0.00603 0.000882
1.38e+06 0.00603 0.000818
1.39e+06 0.00602 0.00089
1.4e+06 0.00603 0.000903
1.41e+06 0.00601 0.000876
1.42e+06 0.00602 0.000987
1.43e+06 0.00602 0.000961
1.44e+06 0.00602 0.000891
1.45e+06 0.00602 0.000941
1.46e+06 0.00603 0.00102
1.47e+06 0.00602 0.000897
1.48e+06 0.00602 0.000852
1.49e+06 0.00603 0.000811
1.5e+06 0.00603 0.000834
1.51e+06 0.00602 0.000793
1.52e+06 0.00602 0.000803
1.53e+06 0.00602 0.000674
1.54e+06 0.00601 0.00052
1.55e+06 0.00601 0.000484
1.56e+06 0.00601 0.000519
1.57e+06 0.00601 0.000615
1.58e+06 0.006 0.00066
1.59e+06 0.00601 0.000541
1.6e+06 0.006 0.000616
1.61e+06 0.006 0.000699
1.62e+06 0.00599 0.000616
1.63e+06 0.00598 0.000663
1.64e+06 0.00599 0.000687
1.65e+06 0.006 0.000792
1.66e+06 0.006 0.000724
1.67e+06 0.00599 0.000695
1.68e+06 0.00599 0.000613
1.69e+06 0.00598 0.000643
1.7e+06 0.00598 0.000602
1.71e+06 0.00598 0.000575
1.72e+06 0.00598 0.000575
1.73e+06 0.00597 0.000573
1.74e+06 0.00597 0.000543
1.75e+06 0.00597 0.000584
1.76e+06 0.00596 0.000639
1.77e+06 0.00596 0.00066
1.78e+06 0.00597 0.000657
1.79e+06 0.00597 0.000754
1.8e+06 0.00596 0.000771
1.81e+06 0.00597 0.000857
1.82e+06 0.00597 0.00088
1.83e+06 0.00597 0.000844
1.84e+06 0.00596 0.000855
1.85e+06 0.00596 0.000814
1.86e+06 0.00595 0.000905
1.87e+06 0.00596 0.000824
1.88e+06 0.00596 0.000806
1.89e+06 0.00597 0.000855
1.9e+06 0.00597 0.000882
1.91e+06 0.00598 0.000911
1.92e+06 0.00598 0.000801
1.93e+06 0.00598 0.000742
1.94e+06 0.00597 0.000733
1.95e+06 0.00596 0.000755
1.96e+06 0.00596 0.000732
1.97e+06 0.00598 0.000614
1.98e+06 0.00599 0.000671
1.99e+06 0.00598 0.000588
2e+06 0.00598 0.000546
2.01e+06 0.00598 0.000494
2.02e+06 0.00599 0.000514
2.03e+06 0.00599 0.000471
2.04e+06 0.00599 0.000477
2.05e+06 0.006 0.000528
2.06e+06 0.006 0.000517
2.07e+06 0.006 0.000635
2.08e+06 0.00601 0.00056
2.09e+06 0.00601 0.000582
2.1e+06 0.00601 0.000555
2.11e+06 0.006 0.00051
2.12e+06 0.006 0.0005
2.13e+06 0.006 0.000518
2.14e+06 0.00601 0.000546
2.15e+06 0.006 0.000617
2.16e+06 0.00602 0.000558
2.17e+06 0.00601 0.000596
2.18e+06 0.00601 0.000624
2.19e+06 0.00601 0.000631
2.2e+06 0.00601 0.000525
2.21e+06 0.00601 0.000456
2.22e+06 0.00601 0.000457
2.23e+06 0.00601 0.00043
2.24e+06 0.00601 0.000464
2.25e+06 0.00601 0.000488
2.26e+06 0.00601 0.000489
2.27e+06 0.00602 0.000492
2.28e+06 0.00602 0.000482
2.29e+06 0.00602 0.000485
2.3e+06 0.00602 0.000456
2.31e+06 0.00602 0.000508
2.32e+06 0.00603 0.000447
2.33e+06 0.00603 0.000441
2.34e+06 0.00603 0.000439
2.35e+06 0.00603 0.000348
2.36e+06 0.00603 0.00039
2.37e+06 0.00602 0.000453
2.38e+06 0.00602 0.000424
2.39e+06 0.00603 0.000427
2.4e+06 0.00602 0.000366
2.41e+06 0.00602 0.000303
2.42e+06 0.00603 0.000296
2.43e+06 0.00602 0.00028
2.44e+06 0.00603 0.000267
2.45e+06 0.00603 0.00029
2.46e+06 0.00603 0.000296
2.47e+06 0.00603 0.000327
2.48e+06 0.00603 0.000318
2.49e+06 0.00603 0.000371
2.5e+06 0.00603 0.000386
2.51e+06 0.00602 0.000333
2.52e+06 0.00602 0.000377
2.53e+06 0.00602 0.000392
2.54e+06 0.00602 0.000467
2.55e+06 0.00602 0.000438
2.56e+06 0.00602 0.000446
2.57e+06 0.00602 0.000413
2.58e+06 0.00602 0.000426
2.59e+06 0.00602 0.00044
2.6e+06 0.00602 0.000461
2.61e+06 0.00601 0.000491
2.62e+06 0.00601 0.000478
2.63e+06 0.00601 0.000516
2.64e+06 0.00602 0.000442
2.65e+06 0.00603 0.000358
2.66e+06 0.00603 0.000323
2.67e+06 0.00604 0.000275
2.68e+06 0.00604 0.000228
2.69e+06 0.00604 0.000224
2.7e+06 0.00604 0.000249
2.71e+06 0.00605 0.00031
2.72e+06 0.00605 0.000316
2.73e+06 0.00605 0.000307
2.74e+06 0.00605 0.000292
2.75e+06 0.00606 0.000215
2.76e+06 0.00606 0.000134
2.77e+06 0.00605 0.000138
2.78e+06 0.00606 0.000168
2.79e+06 0.00606 0.000207
2.8e+06 0.00605 0.000188
2.81e+06 0.00605 0.000225
2.82e+06 0.00605 0.000196
2.83e+06 0.00605 0.00018
2.84e+06 0.00605 0.000205
2.85e+06 0.00605 0.000231
2.86e+06 0.00604 0.000251
2.87e+06 0.00604 0.00021
2.88e+06 0.00604 0.000231
2.89e+06 0.00604 0.000231
2.9e+06 0.00604 0.000202
2.91e+06 0.00605 0.000263
2.92e+06 0.00604 0.000239
2.93e+06 0.00604 0.000233
2.94e+06 0.00604 0.000235
2.95e+06 0.00604 0.000226
2.96e+06 0.00605 0.00021
2.97e+06 0.00604 0.000193
2.98e+06 0.00604 0.000208
2.99e+06 0.00604 0.000289
3e+06 0.00604 0.000296
3.01e+06 0.00604 0.000316
3.02e+06 0.00604 0.000244
3.03e+06 0.00604 0.000265
3.04e+06 0.00604 0.00026
3.05e+06 0.00604 0.000244
3.06e+06 0.00604 0.000235
3.07e+06 0.00604 0.000251
3.08e+06 0.00604 0.000292
3.09e+06 0.00604 0.000314
3.1e+06 0.00604 0.000365
3.11e+06 0.00605 0.000398
3.12e+06 0.00604 0.000436
3.13e+06 0.00604 0.000451
3.14e+06 0.00604 0.000417
3.15e+06 0.00604 0.000417
3.16e+06 0.00604 0.000392
3.17e+06 0.00604 0.000326
3.18e+06 0.00604 0.000341
3.19e+06 0.00604 0.000364
3.2e+06 0.00604 0.000364
3.21e+06 0.00604 0.000342
3.22e+06 0.00605 0.000398
3.23e+06 0.00605 0.000417
3.24e+06 0.00604 0.000366
3.25e+06 0.00604 0.000289
3.26e+06 0.00604 0.000326
3.27e+06 0.00604 0.000308
3.28e+06 0.00604 0.000294
3.29e+06 0.00603 0.000311
3.3e+06 0.00603 0.000252
3.31e+06 0.00604 0.000228
3.32e+06 0.00604 0.000275
3.33e+06 0.00604 0.000315
3.34e+06 0.00603 0.000265
3.35e+06 0.00604 0.000294
3.36e+06 0.00604 0.000326
3.37e+06 0.00603 0.000341
3.38e+06 0.00603 0.000394
3.39e+06 0.00604 0.000403
3.4e+06 0.00604 0.000436
3.41e+06 0.00603 0.000474
3.42e+06 0.00603 0.000488
3.43e+06 0.00603 0.000479
3.44e+06 0.00604 0.000456
3.45e+06 0.00604 0.000445
3.46e+06 0.00603 0.000464
3.47e+06 0.00603 0.000514
3.48e+06 0.00604 0.000531
3.49e+06 0.00604 0.000528
3.5e+06 0.00604 0.000535
3.51e+06 0.00604 0.000532
3.52e+06 0.00604 0.000535
3.53e+06 0.00604 0.000507
3.54e+06 0.00604 0.000517
3.55e+06 0.00603 0.000547
3.56e+06 0.00603 0.00056
3.57e+06 0.00603 0.000517
3.58e+06 0.00604 0.000503
3.59e+06 0.00604 0.000482
3.6e+06 0.00604 0.000457
3.61e+06 0.00604 0.00044
3.62e+06 0.00604 0.000453
3.63e+06 0.00604 0.000418
3.64e+06 0.00604 0.000419
3.65e+06 0.00603 0.000444
3.66e+06 0.00603 0.000444
3.67e+06 0.00603 0.000494
3.68e+06 0.00603 0.00049
3.69e+06 0.00603 0.000422
3.7e+06 0.00603 0.000411
3.71e+06 0.00603 0.000422
3.72e+06 0.00603 0.000418
3.73e+06 0.00603 0.000391
3.74e+06 0.00603 0.000365
3.75e+06 0.00603 0.000355
3.76e+06 0.00603 0.000327
3.77e+06 0.00604 0.00028
3.78e+06 0.00604 0.000284
3.79e+06 0.00605 0.000269
3.8e+06 0.00605 0.000286
3.81e+06 0.00605 0.00027
3.82e+06 0.00605 0.000251
3.83e+06 0.00604 0.000247
3.84e+06 0.00604 0.000258
3.85e+06 0.00605 0.000271
3.86e+06 0.00605 0.000247
3.87e+06 0.00605 0.000303
3.88e+06 0.00605 0.000295
3.89e+06 0.00605 0.000278
3.9e+06 0.00604 0.000257
3.91e+06 0.00605 0.000247
3.92e+06 0.00605 0.000221
3.93e+06 0.00605 0.000235
3.94e+06 0.00606 0.000222
3.95e+06 0.00606 0.000222
3.96e+06 0.00606 0.000194
3.97e+06 0.00606 0.000176
3.98e+06 0.00606 0.000174
3.99e+06 0.00606 0.000173
4e+06 0.00606 0.000181
4.01e+06 0.00606 0.000209
4.02e+06 0.00606 0.000231
4.03e+06 0.00606 0.000266
4.04e+06 0.00607 0.00026
4.05e+06 0.00606 0.000263
4.06e+06 0.00606 0.000248
4.07e+06 0.00606 0.000246
4.08e+06 0.00606 0.000214
4.09e+06 0.00606 0.000182
4.1e+06 0.00606 0.000166
4.11e+06 0.00605 0.000159
4.12e+06 0.00605 0.000196
4.13e+06 0.00605 0.000198
4.14e+06 0.00605 0.000202
4.15e+06 0.00606 0.000186
4.16e+06 0.00606 0.000246
4.17e+06 0.00606 0.000251
4.18e+06 0.00606 0.000274
4.19e+06 0.00606 0.000254
4.2e+06 0.00606 0.000301
4.21e+06 0.00606 0.000308
4.22e+06 0.00607 0.000316
4.23e+06 0.00607 0.000348
4.24e+06 0.00607 0.000388
4.25e+06 0.00607 0.00036
4.26e+06 0.00607 0.000414
4.27e+06 0.00607 0.000425
4.28e+06 0.00607 0.000417
4.29e+06 0.00607 0.000429
4.3e+06 0.00607 0.000425
4.31e+06 0.00607 0.000412
4.32e+06 0.00607 0.000392
4.33e+06 0.00607 0.0004
4.34e+06 0.00606 0.000437
4.35e+06 0.00606 0.00041
4.36e+06 0.00606 0.000407
4.37e+06 0.00606 0.000434
4.38e+06 0.00606 0.000432
4.39e+06 0.00606 0.000443
4.4e+06 0.00606 0.000435
4.41e+06 0.00606 0.000463
4.42e+06 0.00606 0.000432
4.43e+06 0.00606 0.000433
4.44e+06 0.00606 0.000449
4.45e+06 0.00606 0.000454
4.46e+06 0.00606 0.000483
4.47e+06 0.00606 0.00048
4.48e+06 0.00606 0.000504
4.49e+06 0.00606 0.000491
4.5e+06 0.00606 0.00053
4.51e+06 0.00606 0.000528
4.52e+06 0.00606 0.000553
4.53e+06 0.00606 0.00055
4.54e+06 0.00606 0.000541
4.55e+06 0.00606 0.00052
4.56e+06 0.00606 0.000502
4.57e+06 0.00606 0.000543
4.58e+06 0.00606 0.000546
4.59e+06 0.00606 0.000535
4.6e+06 0.00606 0.000515
4.61e+06 0.00606 0.000516
4.62e+06 0.00606 0.000541
4.63e+06 0.00606 0.000546
4.64e+06 0.00606 0.000541
4.65e+06 0.00606 0.000534
4.66e+06 0.00606 0.000512
4.67e+06 0.00606 0.000511
4.68e+06 0.00606 0.000526
4.69e+06 0.00606 0.000541
4.7e+06 0.00607 0.000527
4.71e+06 0.00607 0.000577
4.72e+06 0.00607 0.000552
4.73e+06 0.00607 0.000566
4.74e+06 0.00607 0.00057
4.75e+06 0.00607 0.0006
4.76e+06 0.00607 0.000601
4.77e+06 0.00606 0.00061
4.78e+06 0.00606 0.000655
4.79e+06 0.00606 0.00064
4.8e+06 0.00606 0.000628
4.81e+06 0.00606 0.000651
4.82e+06 0.00606 0.000668
4.83e+06 0.00606 0.000649
4.84e+06 0.00606 0.000672
4.85e+06 0.00605 0.000671
4.86e+06 0.00606 0.000663
4.87e+06 0.00605 0.00065
4.88e+06 0.00605 0.000619
4.89e+06 0.00605 0.000604
4.9e+06 0.00605 0.000613
4.91e+06 0.00605 0.000632
4.92e+06 0.00605 0.000665
4.93e+06 0.00605 0.000656
4.94e+06 0.00605 0.000651
4.95e+06 0.00605 0.000658
4.96e+06 0.00605 0.000649
4.97e+06 0.00605 0.000668
4.98e+06 0.00605 0.000654
4.99e+06 0.00604 0.000687
5e+06 0.00604 0.000653
5.01e+06 0.00604 0.000679
5.02e+06 0.00604 0.000689
5.03e+06 0.00605 0.000702
5.04e+06 0.00605 0.000663
5.05e+06 0.00605 0.000644
5.06e+06 0.00605 0.000659
5.07e+06 0.00605 0.000698
5.08e+06 0.00605 0.000704
5.09e+06 0.00605 0.000695
5.1e+06 0.00604 0.000745
5.11e+06 0.00605 0.000717
5.12e+06 0.00605 0.000728
5.13e+06 0.00604 0.000744
5.14e+06 0.00605 0.000724
5.15e+06 0.00605 0.00071
5.16e+06 0.00605 0.000702
5.17e+06 0.00605 0.000715
5.18e+06 0.00605 0.000715
5.19e+06 0.00605 0.000686
5.2e+06 0.00605 0.000645
5.21e+06 0.00605 0.00064
5.22e+06 0.00605 0.000645
5.23e+06 0.00606 0.000633
5.24e+06 0.00605 0.000653
5.25e+06 0.00605 0.000692
5.26e+06 0.00605 0.000712
5.27e+06 0.00605 0.000753
5.28e+06 0.00605 0.000766
5.29e+06 0.00605 0.000761
5.3e+06 0.00605 0.000742
5.31e+06 0.00605 0.000728
5.32e+06 0.00606 0.000726
5.33e+06 0.00606 0.000752
5.34e+06 0.00606 0.000778
5.35e+06 0.00606 0.000803
5.36e+06 0.00606 0.000809
5.37e+06 0.00606 0.000787
5.38e+06 0.00606 0.000796
5.39e+06 0.00606 0.000797
5.4e+06 0.00606 0.000771
5.41e+06 0.00606 0.00077
5.42e+06 0.00606 0.000763
5.43e+06 0.00606 0.000773
5.44e+06 0.00605 0.000781
5.45e+06 0.00605 0.000766
5.46e+06 0.00605 0.000748
5.47e+06 0.00605 0.000762
5.48e+06 0.00605 0.000757
5.49e+06 0.00605 0.000753
5.5e+06 0.00605 0.000736
5.51e+06 0.00604 0.000744
5.52e+06 0.00604 0.000724
5.53e+06 0.00604 0.00071
5.54e+06 0.00604 0.000675
5.55e+06 0.00604 0.000669
5.56e+06 0.00604 0.00065
5.57e+06 0.00604 0.000625
5.58e+06 0.00604 0.000632
5.59e+06 0.00604 0.000639
5.6e+06 0.00604 0.000641
5.61e+06 0.00604 0.000635
5.62e+06 0.00604 0.000637
5.63e+06 0.00604 0.000656
5.64e+06 0.00604 0.000639
5.65e+06 0.00604 0.000651
5.66e+06 0.00604 0.000645
5.67e+06 0.00604 0.000634
5.68e+06 0.00604 0.000649
5.69e+06 0.00603 0.000648
5.7e+06 0.00603 0.000654
5.71e+06 0.00603 0.000682
5.72e+06 0.00603 0.000656
5.73e+06 0.00603 0.000666
5.74e+06 0.00603 0.000649
5.75e+06 0.00603 0.000651
5.76e+06 0.00603 0.000664
5.77e+06 0.00603 0.000711
5.78e+06 0.00603 0.00071
5.79e+06 0.00603 0.000677
5.8e+06 0.00603 0.000681
5.81e+06 0.00603 0.000701
5.82e+06 0.00604 0.000682
5.83e+06 0.00604 0.000698
5.84e+06 0.00604 0.000706
5.85e+06 0.00604 0.000686
5.86e+06 0.00604 0.000671
5.87e+06 0.00604 0.000633
5.88e+06 0.00604 0.000658
5.89e+06 0.00604 0.000655
5.9e+06 0.00603 0.000646
5.91e+06 0.00603 0.000635
5.92e+06 0.00603 0.000624
5.93e+06 0.00603 0.000635
5.94e+06 0.00603 0.000615
5.95e+06 0.00603 0.000623
5.96e+06 0.00603 0.000652
5.97e+06 0.00604 0.000647
5.98e+06 0.00604 0.000619
5.99e+06 0.00603 0.000629
6e+06 0.00603 0.000613
6.01e+06 0.00603 0.000624
6.02e+06 0.00603 0.000609
6.03e+06 0.00603 0.00058
6.04e+06 0.00603 0.000591
6.05e+06 0.00604 0.000573
6.06e+06 0.00604 0.000573
6.07e+06 0.00604 0.000567
6.08e+06 0.00603 0.000556
6.09e+06 0.00603 0.000558
6.1e+06 0.00603 0.000552
6.11e+06 0.00603 0.000548
6.12e+06 0.00603 0.000542
6.13e+06 0.00603 0.000573
6.14e+06 0.00603 0.000591
6.15e+06 0.00603 0.000534
6.16e+06 0.00603 0.000522
6.17e+06 0.00603 0.00054
6.18e+06 0.00603 0.000531
6.19e+06 0.00603 0.000519
6.2e+06 0.00604 0.000521
6.21e+06 0.00604 0.000525
6.22e+06 0.00604 0.000524
6.23e+06 0.00604 0.000533
6.24e+06 0.00604 0.000519
6.25e+06 0.00604 0.000502
6.26e+06 0.00603 0.000504
6.27e+06 0.00603 0.000501
6.28e+06 0.00603 0.000478
6.29e+06 0.00603 0.000473
6.3e+06 0.00603 0.000486
6.31e+06 0.00603 0.000501
6.32e+06 0.00603 0.000504
6.33e+06 0.00603 0.000489
6.34e+06 0.00602 0.000505
6.35e+06 0.00603 0.000507
6.36e+06 0.00602 0.000532
6.37e+06 0.00603 0.000514
6.38e+06 0.00603 0.000508
6.39e+06 0.00602 0.000519
6.4e+06 0.00602 0.000527
6.41e+06 0.00602 0.000542
6.42e+06 0.00602 0.000545
6.43e+06 0.00602 0.000561
6.44e+06 0.00602 0.000546
6.45e+06 0.00602 0.000541
6.46e+06 0.00602 0.000526
6.47e+06 0.00602 0.000513
6.48e+06 0.00602 0.000495
6.49e+06 0.00602 0.000514
6.5e+06 0.00602 0.000508
6.51e+06 0.00602 0.000482
6.52e+06 0.00602 0.000488
6.53e+06 0.00603 0.000478
6.54e+06 0.00603 0.000464
6.55e+06 0.00602 0.000465
6.56e+06 0.00602 0.000469
6.57e+06 0.00603 0.000475
6.58e+06 0.00603 0.000453
6.59e+06 0.00603 0.000448
6.6e+06 0.00603 0.000452
6.61e+06 0.00603 0.000465
6.62e+06 0.00603 0.000469
6.63e+06 0.00603 0.00048
6.64e+06 0.00603 0.000454
6.65e+06 0.00602 0.000454
6.66e+06 0.00602 0.000438
6.67e+06 0.00603 0.000451
6.68e+06 0.00602 0.000436
6.69e+06 0.00602 0.000408
6.7e+06 0.00602 0.000389
6.71e+06 0.00602 0.000381
6.72e+06 0.00602 0.000389
6.73e+06 0.00602 0.000385
6.74e+06 0.00602 0.000386
6.75e+06 0.00602 0.000392
6.76e+06 0.00602 0.000383
6.77e+06 0.00602 0.000364
6.78e+06 0.00602 0.000357
6.79e+06 0.00602 0.000341
6.8e+06 0.00602 0.00035
6.81e+06 0.00602 0.000358
6.82e+06 0.00602 0.000356
6.83e+06 0.00602 0.00036
6.84e+06 0.00602 0.000357
6.85e+06 0.00602 0.000369
6.86e+06 0.00602 0.000361
6.87e+06 0.00602 0.000344
6.88e+06 0.00602 0.000327
6.89e+06 0.00602 0.000328
6.9e+06 0.00602 0.000313
6.91e+06 0.00602 0.000319
6.92e+06 0.00602 0.00031
6.93e+06 0.00602 0.000318
6.94e+06 0.00602 0.000312
6.95e+06 0.00602 0.000315
6.96e+06 0.00602 0.000312
6.97e+06 0.00602 0.00031
6.98e+06 0.00602 0.000306
6.99e+06 0.00602 0.00031
7e+06 0.00602 0.000318
7.01e+06 0.00602 0.000334
7.02e+06 0.00602 0.000318
7.03e+06 0.00602 0.000315
7.04e+06 0.00602 0.000346
7.05e+06 0.00602 0.000337
7.06e+06 0.00602 0.000345
7.07e+06 0.00602 0.000329
7.08e+06 0.00602 0.000329
7.09e+06 0.00602 0.000322
7.1e+06 0.00602 0.000314
7.11e+06 0.00602 0.000309
7.12e+06 0.00602 0.000316
7.13e+06 0.00602 0.000312
7.14e+06 0.00602 0.000311
7.15e+06 0.00602 0.000303
7.16e+06 0.00602 0.000312
7.17e+06 0.00602 0.00032
7.18e+06 0.00602 0.000329
7.19e+06 0.00602 0.00034
7.2e+06 0.00602 0.00032
7.21e+06 0.00602 0.000299
7.22e+06 0.00602 0.000301
7.23e+06 0.00602 0.000307
7.24e+06 0.00602 0.000303
7.25e+06 0.00602 0.000304
7.26e+06 0.00602 0.000316
7.27e+06 0.00602 0.000311
7.28e+06 0.00602 0.000296
7.29e+06 0.00602 0.000301
7.3e+06 0.00602 0.000286
7.31e+06 0.00602 0.000269
7.32e+06 0.00602 0.000298
7.33e+06 0.00602 0.000298
7.34e+06 0.00602 0.00032
7.35e+06 0.00602 0.000307
7.36e+06 0.00602 0.000314
7.37e+06 0.00602 0.00033
7.38e+06 0.00602 0.000311
7.39e+06 0.00602 0.000315
7.4e+06 0.00602 0.000315
7.41e+06 0.00603 0.000302
7.42e+06 0.00603 0.000317
7.43e+06 0.00603 0.000299
7.44e+06 0.00603 0.000292
7.45e+06 0.00603 0.000275
7.46e+06 0.00603 0.000282
7.47e+06 0.00603 0.000279
7.48e+06 0.00603 0.000276
7.49e+06 0.00603 0.000271
7.5e+06 0.00603 0.000296
7.51e+06 0.00603 0.000308
7.52e+06 0.00603 0.000302
7.53e+06 0.00603 0.000297
7.54e+06 0.00603 0.000286
7.55e+06 0.00604 0.000299
7.56e+06 0.00603 0.000316
7.57e+06 0.00603 0.000334
7.58e+06 0.00603 0.000327
7.59e+06 0.00603 0.000303
7.6e+06 0.00603 0.000326
7.61e+06 0.00603 0.000328
7.62e+06 0.00603 0.000323
7.63e+06 0.00603 0.000314
7.64e+06 0.00603 0.000288
7.65e+06 0.00603 0.000269
7.66e+06 0.00602 0.000289
7.67e+06 0.00602 0.00029
7.68e+06 0.00602 0.000291
7.69e+06 0.00602 0.000303
7.7e+06 0.00602 0.000309
7.71e+06 0.00602 0.000304
7.72e+06 0.00602 0.000306
7.73e+06 0.00602 0.000308
7.74e+06 0.00602 0.000306
7.75e+06 0.00602 0.000326
7.76e+06 0.00602 0.000312
7.77e+06 0.00602 0.000313
7.78e+06 0.00602 0.0003
7.79e+06 0.00602 0.000311
7.8e+06 0.00602 0.000311
7.81e+06 0.00602 0.000307
7.82e+06 0.00602 0.00032
7.83e+06 0.00602 0.000319
7.84e+06 0.00602 0.000326
7.85e+06 0.00602 0.000315
7.86e+06 0.00602 0.000312
7.87e+06 0.00602 0.000308
7.88e+06 0.00602 0.000319
7.89e+06 0.00602 0.000296
7.9e+06 0.00602 0.000295
7.91e+06 0.00602 0.000287
7.92e+06 0.00602 0.000297
7.93e+06 0.00602 0.000292
7.94e+06 0.00603 0.000302
7.95e+06 0.00602 0.000288
7.96e+06 0.00602 0.000302
7.97e+06 0.00602 0.000292
7.98e+06 0.00602 0.000301
7.99e+06 0.00602 0.000305
8e+06 0.00602 0.000312
8.01e+06 0.00602 0.000303
8.02e+06 0.00602 0.000299
8.03e+06 0.00602 0.000271
8.04e+06 0.00602 0.000287
8.05e+06 0.00602 0.000278
8.06e+06 0.00602 0.000272
8.07e+06 0.00602 0.000295
8.08e+06 0.00602 0.000297
8.09e+06 0.00602 0.0003
8.1e+06 0.00602 0.000295
8.11e+06 0.00602 0.000289
8.12e+06 0.00603 0.000265
8.13e+06 0.00602 0.000268
8.14e+06 0.00602 0.000254
8.15e+06 0.00602 0.000278
8.16e+06 0.00602 0.000275
8.17e+06 0.00602 0.000274
8.18e+06 0.00602 0.00028
8.19e+06 0.00603 0.000285
8.2e+06 0.00602 0.000271
8.21e+06 0.00603 0.000263
8.22e+06 0.00603 0.000275
8.23e+06 0.00603 0.000293
8.24e+06 0.00602 0.000284
8.25e+06 0.00602 0.000285
8.26e+06 0.00602 0.000292
8.27e+06 0.00602 0.000311
8.28e+06 0.00602 0.000315
8.29e+06 0.00602 0.000304
8.3e+06 0.00602 0.00029
8.31e+06 0.00602 0.000263
8.32e+06 0.00602 0.000275
8.33e+06 0.00602 0.000267
8.34e+06 0.00602 0.000271
8.35e+06 0.00602 0.000276
8.36e+06 0.00602 0.00028
8.37e+06 0.00602 0.000275
8.38e+06 0.00602 0.000301
8.39e+06 0.00602 0.00029
8.4e+06 0.00602 0.00029
8.41e+06 0.00602 0.000305
8.42e+06 0.00602 0.0003
8.43e+06 0.00602 0.000303
8.44e+06 0.00602 0.000305
8.45e+06 0.00602 0.000288
8.46e+06 0.00602 0.000278
8.47e+06 0.00602 0.000283
8.48e+06 0.00602 0.000306
8.49e+06 0.00602 0.000313
8.5e+06 0.00601 0.000318
8.51e+06 0.00602 0.0003
8.52e+06 0.00602 0.00031
8.53e+06 0.00602 0.000311
8.54e+06 0.00602 0.00031
8.55e+06 0.00602 0.000306
8.56e+06 0.00602 0.000302
8.57e+06 0.00602 0.000316
8.58e+06 0.00602 0.000319
8.59e+06 0.00602 0.000309
8.6e+06 0.00602 0.000284
8.61e+06 0.00602 0.00027
8.62e+06 0.00602 0.000271
8.63e+06 0.00602 0.000298
8.64e+06 0.00602 0.000287
8.65e+06 0.00602 0.000279
8.66e+06 0.00602 0.000298
8.67e+06 0.00602 0.0003
8.68e+06 0.00602 0.000286
8.69e+06 0.00602 0.000298
8.7e+06 0.00602 0.000313
8.71e+06 0.00602 0.000334
8.72e+06 0.00602 0.000328
8.73e+06 0.00602 0.000316
8.74e+06 0.00603 0.00029
8.75e+06 0.00603 0.000295
8.76e+06 0.00603 0.0003
8.77e+06 0.00603 0.000307
8.78e+06 0.00603 0.000318
8.79e+06 0.00603 0.000344
8.8e+06 0.00603 0.00033
8.81e+06 0.00603 0.000328
8.82e+06 0.00603 0.000329
8.83e+06 0.00603 0.00033
8.84e+06 0.00603 0.000327
8.85e+06 0.00603 0.000333
8.86e+06 0.00603 0.000326
8.87e+06 0.00603 0.000333
8.88e+06 0.00603 0.000334
8.89e+06 0.00603 0.000332
8.9e+06 0.00603 0.000335
8.91e+06 0.00603 0.000311
8.92e+06 0.00603 0.000299
8.93e+06 0.00603 0.000297
8.94e+06 0.00603 0.000302
8.95e+06 0.00603 0.000297
8.96e+06 0.00603 0.000288
8.97e+06 0.00603 0.000288
8.98e+06 0.00603 0.000287
8.99e+06 0.00603 0.000303
9e+06 0.00603 0.000292
9.01e+06 0.00603 0.000301
9.02e+06 0.00603 0.000313
9.03e+06 0.00603 0.000298
9.04e+06 0.00603 0.000307
9.05e+06 0.00603 0.000298
9.06e+06 0.00603 0.000308
9.07e+06 0.00603 0.00031
9.08e+06 0.00603 0.000309
9.09e+06 0.00603 0.000329
9.1e+06 0.00603 0.000313
9.11e+06 0.00603 0.000303
9.12e+06 0.00603 0.000319
9.13e+06 0.00603 0.000318
9.14e+06 0.00603 0.000309
9.15e+06 0.00603 0.000311
9.16e+06 0.00603 0.000301
9.17e+06 0.00603 0.00029
9.18e+06 0.00603 0.000285
9.19e+06 0.00603 0.000288
9.2e+06 0.00603 0.000284
9.21e+06 0.00603 0.000277
9.22e+06 0.00603 0.000266
9.23e+06 0.00603 0.000275
9.24e+06 0.00603 0.00028
9.25e+06 0.00603 0.000291
9.26e+06 0.00603 0.000299
9.27e+06 0.00603 0.000303
9.28e+06 0.00603 0.000314
9.29e+06 0.00603 0.000319
9.3e+06 0.00603 0.000301
9.31e+06 0.00603 0.000308
9.32e+06 0.00603 0.00031
9.33e+06 0.00603 0.000303
9.34e+06 0.00603 0.000309
9.35e+06 0.00603 0.000312
9.36e+06 0.00603 0.000319
9.37e+06 0.00603 0.000305
9.38e+06 0.00603 0.000318
9.39e+06 0.00603 0.000319
9.4e+06 0.00603 0.000324
9.41e+06 0.00603 0.000335
9.42e+06 0.00603 0.000333
9.43e+06 0.00603 0.000326
9.44e+06 0.00603 0.000333
9.45e+06 0.00603 0.000317
9.46e+06 0.00603 0.000306
9.47e+06 0.00603 0.00032
9.48e+06 0.00603 0.000317
9.49e+06 0.00603 0.000296
9.5e+06 0.00603 0.000289
9.51e+06 0.00603 0.000273
9.52e+06 0.00603 0.000274
9.53e+06 0.00603 0.000273
9.54e+06 0.00603 0.000282
9.55e+06 0.00603 0.000287
9.56e+06 0.00603 0.000282
9.57e+06 0.00603 0.000287
9.58e+06 0.00603 0.000291
9.59e+06 0.00603 0.000291
9.6e+06 0.00603 0.000279
9.61e+06 0.00603 0.000293
9.62e+06 0.00603 0.000297
9.63e+06 0.00603 0.000309
9.64e+06 0.00603 0.000303
9.65e+06 0.00603 0.000287
9.66e+06 0.00603 0.000279
9.67e+06 0.00603 0.000281
9.68e+06 0.00603 0.000298
9.69e+06 0.00603 0.000309
9.7e+06 0.00603 0.000291
9.71e+06 0.00603 0.000285
9.72e+06 0.00603 0.000267
9.73e+06 0.00603 0.000276
9.74e+06 0.00603 0.000285
9.75e+06 0.00603 0.000272
9.76e+06 0.00603 0.00029
9.77e+06 0.00603 0.000282
9.78e+06 0.00603 0.000279
9.79e+06 0.00603 0.000283
9.8e+06 0.00603 0.000275
9.81e+06 0.00604 0.000266
9.82e+06 0.00603 0.000262
9.83e+06 0.00604 0.000259
9.84e+06 0.00603 0.000265
9.85e+06 0.00603 0.000271
9.86e+06 0.00603 0.000275
9.87e+06 0.00603 0.000286
9.88e+06 0.00603 0.000291
9.89e+06 0.00603 0.000298
9.9e+06 0.00603 0.000306
9.91e+06 0.00604 0.000311
9.92e+06 0.00603 0.000315
9.93e+06 0.00603 0.000316
9.94e+06 0.00603 0.000313
9.95e+06 0.00603 0.000312
9.96e+06 0.00603 0.00031
9.97e+06 0.00603 0.000304
9.98e+06 0.00603 0.000321
9.99e+06 0.00604 0.000351
