    
-1 -1.12 -0.866 -0.856 -0.874
-0.999 -1.12 -0.872 -0.877 -0.952
-0.998 -1.12 -0.877 -0.898 -0.992
-0.997 -1.11 -0.883 -0.918 -1.01
-0.996 -1.11 -0.889 -0.938 -1.02
-0.995 -1.11 -0.895 -0.957 -1.03
-0.994 -1.11 -0.9 -0.975 -1.03
-0.993 -1.11 -0.906 -0.992 -1.03
-0.992 -1.11 -0.911 -1.01 -1.03
-0.991 -1.11 -0.917 -1.02 -1.02
-0.99 -1.11 -0.922 -1.04 -1.02
-0.989 -1.1 -0.928 -1.05 -1.01
-0.988 -1.1 -0.933 -1.06 -1
-0.987 -1.1 -0.938 -1.07 -0.996
-0.986 -1.1 -0.943 -1.08 -0.99
-0.985 -1.1 -0.949 -1.09 -0.984
-0.984 -1.1 -0.954 -1.09 -0.978
-0.983 -1.1 -0.958 -1.1 -0.974
-0.982 -1.1 -0.963 -1.1 -0.97
-0.981 -1.09 -0.968 -1.11 -0.967
-0.98 -1.09 -0.973 -1.11 -0.965
-0.979 -1.09 -0.977 -1.11 -0.964
-0.978 -1.09 -0.982 -1.11 -0.964
-0.977 -1.09 -0.986 -1.11 -0.965
-0.976 -1.09 -0.99 -1.1 -0.967
-0.975 -1.09 -0.995 -1.1 -0.97
-0.974 -1.09 -0.999 -1.09 -0.974
-0.973 -1.08 -1 -1.09 -0.979
-0.972 -1.08 -1.01 -1.08 -0.984
-0.971 -1.08 -1.01 -1.08 -0.99
-0.97 -1.08 -1.01 -1.07 -0.997
-0.969 -1.08 -1.02 -1.06 -1
-0.968 -1.08 -1.02 -1.06 -1.01
-0.967 -1.08 -1.02 -1.05 -1.02
-0.966 -1.08 -1.03 -1.04 -1.02
-0.965 -1.07 -1.03 -1.03 -1.03
-0.964 -1.07 -1.03 -1.03 -1.03
-0.963 -1.07 -1.04 -1.02 -1.03
-0.962 -1.07 -1.04 -1.01 -1.04
-0.961 -1.07 -1.04 -1 -1.04
-0.96 -1.07 -1.04 -0.995 -1.04
-0.959 -1.07 -1.05 -0.988 -1.04
-0.958 -1.07 -1.05 -0.981 -1.04
-0.957 -1.07 -1.05 -0.974 -1.04
-0.956 -1.06 -1.05 -0.968 -1.04
-0.955 -1.06 -1.06 -0.961 -1.04
-0.954 -1.06 -1.06 -0.956 -1.03
-0.953 -1.06 -1.06 -0.95 -1.03
-0.952 -1.06 -1.06 -0.945 -1.03
-0.951 -1.06 -1.06 -0.94 -1.03
-0.95 -1.06 -1.07 -0.935 -1.02
-0.949 -1.06 -1.07 -0.931 -1.02
-0.948 -1.06 -1.07 -0.927 -1.01
-0.947 -1.05 -1.07 -0.924 -1.01
-0.946 -1.05 -1.07 -0.921 -1.01
-0.945 -1.05 -1.07 -0.918 -1
-0.944 -1.05 -1.07 -0.915 -0.999
-0.943 -1.05 -1.07 -0.913 -0.995
-0.942 -1.05 -1.07 -0.912 -0.992
-0.941 -1.05 -1.07 -0.91 -0.989
-0.94 -1.05 -1.08 -0.909 -0.986
-0.939 -1.04 -1.08 -0.908 -0.983
-0.938 -1.04 -1.08 -0.908 -0.981
-0.937 -1.04 -1.08 -0.907 -0.978
-0.936 -1.04 -1.08 -0.907 -0.977
-0.935 -1.04 -1.08 -0.908 -0.975
-0.934 -1.04 -1.08 -0.908 -0.974
-0.933 -1.04 -1.08 -0.909 -0.972
-0.932 -1.04 -1.08 -0.91 -0.972
-0.931 -1.04 -1.08 -0.912 -0.971
-0.93 -1.03 -1.08 -0.913 -0.971
-0.929 -1.03 -1.08 -0.915 -0.971
-0.928 -1.03 -1.08 -0.917 -0.971
-0.927 -1.03 -1.08 -0.919 -0.971
-0.926 -1.03 -1.08 -0.922 -0.972
-0.925 -1.03 -1.08 -0.924 -0.972
-0.924 -1.03 -1.08 -0.927 -0.973
-0.923 -1.03 -1.08 -0.929 -0.975
-0.922 -1.03 -1.07 -0.932 -0.976
-0.921 -1.02 -1.07 -0.935 -0.977
-0.92 -1.02 -1.07 -0.939 -0.979
-0.919 -1.02 -1.07 -0.942 -0.981
-0.918 -1.02 -1.07 -0.945 -0.983
-0.917 -1.02 -1.07 -0.949 -0.985
-0.916 -1.02 -1.07 -0.952 -0.987
-0.915 -1.02 -1.07 -0.956 -0.989
-0.914 -1.02 -1.07 -0.959 -0.991
-0.913 -1.02 -1.07 -0.963 -0.993
-0.912 -1.02 -1.07 -0.967 -0.996
-0.911 -1.01 -1.07 -0.97 -0.998
-0.91 -1.01 -1.06 -0.974 -1
-0.909 -1.01 -1.06 -0.978 -1
-0.908 -1.01 -1.06 -0.981 -1.01
-0.907 -1.01 -1.06 -0.985 -1.01
-0.906 -1.01 -1.06 -0.989 -1.01
-0.905 -1.01 -1.06 -0.992 -1.01
-0.904 -1.01 -1.06 -0.996 -1.01
-0.903 -1.01 -1.06 -1 -1.02
-0.902 -1 -1.05 -1 -1.02
-0.901 -1 -1.05 -1.01 -1.02
-0.9 -1 -1.05 -1.01 -1.02
-0.899 -1 -1.05 -1.01 -1.02
-0.898 -1 -1.05 -1.02 -1.03
-0.897 -0.999 -1.05 -1.02 -1.03
-0.896 -0.998 -1.05 -1.02 -1.03
-0.895 -0.997 -1.05 -1.03 -1.03
-0.894 -0.996 -1.04 -1.03 -1.03
-0.893 -0.995 -1.04 -1.03 -1.03
-0.892 -0.994 -1.04 -1.03 -1.03
-0.891 -0.993 -1.04 -1.04 -1.03
-0.89 -0.992 -1.04 -1.04 -1.03
-0.889 -0.991 -1.04 -1.04 -1.03
-0.888 -0.99 -1.04 -1.04 -1.03
-0.887 -0.989 -1.03 -1.05 -1.03
-0.886 -0.988 -1.03 -1.05 -1.03
-0.885 -0.987 -1.03 -1.05 -1.03
-0.884 -0.986 -1.03 -1.05 -1.03
-0.883 -0.985 -1.03 -1.06 -1.03
-0.882 -0.984 -1.03 -1.06 -1.02
-0.881 -0.983 -1.02 -1.06 -1.02
-0.88 -0.982 -1.02 -1.06 -1.02
-0.879 -0.981 -1.02 -1.06 -1.02
-0.878 -0.98 -1.02 -1.06 -1.02
-0.877 -0.979 -1.02 -1.06 -1.02
-0.876 -0.978 -1.02 -1.06 -1.01
-0.875 -0.977 -1.02 -1.07 -1.01
-0.874 -0.975 -1.01 -1.07 -1.01
-0.873 -0.974 -1.01 -1.07 -1.01
-0.872 -0.973 -1.01 -1.07 -1.01
-0.871 -0.972 -1.01 -1.07 -1
-0.87 -0.971 -1.01 -1.07 -1
-0.869 -0.97 -1.01 -1.07 -0.999
-0.868 -0.969 -1 -1.07 -0.997
-0.867 -0.968 -1 -1.07 -0.995
-0.866 -0.967 -1 -1.07 -0.993
-0.865 -0.966 -1 -1.07 -0.991
-0.864 -0.965 -0.998 -1.07 -0.989
-0.863 -0.964 -0.997 -1.07 -0.987
-0.862 -0.963 -0.995 -1.07 -0.986
-0.861 -0.962 -0.994 -1.07 -0.984
-0.86 -0.961 -0.992 -1.07 -0.983
-0.859 -0.96 -0.991 -1.07 -0.981
-0.858 -0.959 -0.989 -1.07 -0.98
-0.857 -0.958 -0.988 -1.07 -0.979
-0.856 -0.957 -0.986 -1.06 -0.978
-0.855 -0.957 -0.985 -1.06 -0.977
-0.854 -0.956 -0.983 -1.06 -0.977
-0.853 -0.955 -0.982 -1.06 -0.976
-0.852 -0.954 -0.98 -1.06 -0.976
-0.851 -0.953 -0.979 -1.06 -0.975
-0.85 -0.952 -0.977 -1.06 -0.975
-0.849 -0.951 -0.976 -1.06 -0.975
-0.848 -0.95 -0.974 -1.06 -0.975
-0.847 -0.949 -0.973 -1.05 -0.975
-0.846 -0.948 -0.971 -1.05 -0.975
-0.845 -0.947 -0.97 -1.05 -0.976
-0.844 -0.946 -0.969 -1.05 -0.976
-0.843 -0.945 -0.967 -1.05 -0.977
-0.842 -0.944 -0.966 -1.05 -0.977
-0.841 -0.943 -0.964 -1.04 -0.978
-0.84 -0.942 -0.963 -1.04 -0.979
-0.839 -0.941 -0.962 -1.04 -0.98
-0.838 -0.94 -0.96 -1.04 -0.98
-0.837 -0.939 -0.959 -1.04 -0.981
-0.836 -0.938 -0.957 -1.03 -0.982
-0.835 -0.937 -0.956 -1.03 -0.984
-0.834 -0.936 -0.955 -1.03 -0.985
-0.833 -0.935 -0.953 -1.03 -0.986
-0.832 -0.934 -0.952 -1.03 -0.987
-0.831 -0.933 -0.951 -1.02 -0.989
-0.83 -0.932 -0.95 -1.02 -0.99
-0.829 -0.931 -0.948 -1.02 -0.991
-0.828 -0.93 -0.947 -1.02 -0.993
-0.827 -0.929 -0.946 -1.02 -0.994
-0.826 -0.928 -0.944 -1.01 -0.996
-0.825 -0.927 -0.943 -1.01 -0.997
-0.824 -0.926 -0.942 -1.01 -0.999
-0.823 -0.925 -0.941 -1.01 -1
-0.822 -0.925 -0.939 -1.01 -1
-0.821 -0.924 -0.938 -1 -1
-0.82 -0.923 -0.937 -1 -1
-0.819 -0.922 -0.936 -0.998 -1.01
-0.818 -0.921 -0.935 -0.996 -1.01
-0.817 -0.92 -0.933 -0.994 -1.01
-0.816 -0.919 -0.932 -0.992 -1.01
-0.815 -0.918 -0.931 -0.989 -1.01
-0.814 -0.917 -0.93 -0.987 -1.01
-0.813 -0.916 -0.929 -0.985 -1.01
-0.812 -0.915 -0.927 -0.983 -1.02
-0.811 -0.914 -0.926 -0.98 -1.02
-0.81 -0.913 -0.925 -0.978 -1.02
-0.809 -0.912 -0.924 -0.976 -1.02
-0.808 -0.911 -0.923 -0.974 -1.02
-0.807 -0.91 -0.922 -0.971 -1.02
-0.806 -0.909 -0.921 -0.969 -1.02
-0.805 -0.909 -0.92 -0.967 -1.02
-0.804 -0.908 -0.918 -0.965 -1.03
-0.803 -0.907 -0.917 -0.962 -1.03
-0.802 -0.906 -0.916 -0.96 -1.03
-0.801 -0.905 -0.915 -0.958 -1.03
-0.8 -0.904 -0.914 -0.956 -1.03
-0.799 -0.903 -0.913 -0.954 -1.03
-0.798 -0.902 -0.912 -0.951 -1.03
-0.797 -0.901 -0.911 -0.949 -1.03
-0.796 -0.9 -0.91 -0.947 -1.03
-0.795 -0.899 -0.909 -0.945 -1.03
-0.794 -0.898 -0.908 -0.943 -1.03
-0.793 -0.897 -0.907 -0.941 -1.03
-0.792 -0.896 -0.906 -0.938 -1.03
-0.791 -0.895 -0.905 -0.936 -1.03
-0.79 -0.895 -0.904 -0.934 -1.03
-0.789 -0.894 -0.903 -0.932 -1.03
-0.788 -0.893 -0.902 -0.93 -1.03
-0.787 -0.892 -0.901 -0.928 -1.03
-0.786 -0.891 -0.9 -0.926 -1.03
-0.785 -0.89 -0.899 -0.924 -1.03
-0.784 -0.889 -0.898 -0.922 -1.02
-0.783 -0.888 -0.897 -0.92 -1.02
-0.782 -0.887 -0.896 -0.918 -1.02
-0.781 -0.886 -0.895 -0.916 -1.02
-0.78 -0.885 -0.894 -0.914 -1.02
-0.779 -0.884 -0.893 -0.912 -1.02
-0.778 -0.883 -0.892 -0.91 -1.01
-0.777 -0.883 -0.892 -0.909 -1.01
-0.776 -0.882 -0.891 -0.907 -1.01
-0.775 -0.881 -0.89 -0.905 -1.01
-0.774 -0.88 -0.889 -0.903 -1
-0.773 -0.879 -0.888 -0.901 -1
-0.772 -0.878 -0.887 -0.899 -0.997
-0.771 -0.877 -0.886 -0.898 -0.994
-0.77 -0.876 -0.885 -0.896 -0.99
-0.769 -0.875 -0.885 -0.894 -0.986
-0.768 -0.874 -0.884 -0.892 -0.982
-0.767 -0.873 -0.883 -0.891 -0.978
-0.766 -0.873 -0.882 -0.889 -0.973
-0.765 -0.872 -0.881 -0.887 -0.969
-0.764 -0.871 -0.88 -0.885 -0.964
-0.763 -0.87 -0.879 -0.884 -0.959
-0.762 -0.869 -0.879 -0.882 -0.954
-0.761 -0.868 -0.878 -0.881 -0.948
-0.76 -0.867 -0.877 -0.879 -0.943
-0.759 -0.866 -0.876 -0.877 -0.937
-0.758 -0.865 -0.875 -0.876 -0.932
-0.757 -0.864 -0.875 -0.874 -0.926
-0.756 -0.863 -0.874 -0.873 -0.92
-0.755 -0.863 -0.873 -0.871 -0.914
-0.754 -0.862 -0.872 -0.87 -0.908
-0.753 -0.861 -0.871 -0.868 -0.902
-0.752 -0.86 -0.871 -0.867 -0.896
-0.751 -0.859 -0.87 -0.865 -0.89
-0.75 -0.858 -0.869 -0.864 -0.883
-0.749 -0.857 -0.868 -0.862 -0.877
-0.748 -0.856 -0.868 -0.861 -0.871
-0.747 -0.855 -0.867 -0.859 -0.865
-0.746 -0.854 -0.866 -0.858 -0.859
-0.745 -0.854 -0.865 -0.857 -0.852
-0.744 -0.853 -0.865 -0.855 -0.846
-0.743 -0.852 -0.864 -0.854 -0.84
-0.742 -0.851 -0.863 -0.853 -0.835
-0.741 -0.85 -0.862 -0.851 -0.829
-0.74 -0.849 -0.862 -0.85 -0.823
-0.739 -0.848 -0.861 -0.849 -0.818
-0.738 -0.847 -0.86 -0.847 -0.812
-0.737 -0.846 -0.859 -0.846 -0.807
-0.736 -0.845 -0.859 -0.845 -0.802
-0.735 -0.845 -0.858 -0.844 -0.797
-0.734 -0.844 -0.857 -0.842 -0.792
-0.733 -0.843 -0.857 -0.841 -0.788
-0.732 -0.842 -0.856 -0.84 -0.783
-0.731 -0.841 -0.855 -0.839 -0.779
-0.73 -0.84 -0.854 -0.838 -0.775
-0.729 -0.839 -0.854 -0.836 -0.771
-0.728 -0.838 -0.853 -0.835 -0.767
-0.727 -0.837 -0.852 -0.834 -0.764
-0.726 -0.837 -0.852 -0.833 -0.761
-0.725 -0.836 -0.851 -0.832 -0.758
-0.724 -0.835 -0.85 -0.831 -0.755
-0.723 -0.834 -0.85 -0.83 -0.752
-0.722 -0.833 -0.849 -0.829 -0.749
-0.721 -0.832 -0.848 -0.828 -0.747
-0.72 -0.831 -0.848 -0.826 -0.745
-0.719 -0.83 -0.847 -0.825 -0.743
-0.718 -0.829 -0.846 -0.824 -0.741
-0.717 -0.829 -0.846 -0.823 -0.739
-0.716 -0.828 -0.845 -0.822 -0.738
-0.715 -0.827 -0.844 -0.821 -0.736
-0.714 -0.826 -0.844 -0.82 -0.735
-0.713 -0.825 -0.843 -0.819 -0.734
-0.712 -0.824 -0.842 -0.818 -0.733
-0.711 -0.823 -0.842 -0.817 -0.732
-0.71 -0.822 -0.841 -0.816 -0.731
-0.709 -0.821 -0.84 -0.815 -0.731
-0.708 -0.821 -0.84 -0.814 -0.73
-0.707 -0.82 -0.839 -0.813 -0.73
-0.706 -0.819 -0.838 -0.812 -0.729
-0.705 -0.818 -0.838 -0.811 -0.729
-0.704 -0.817 -0.837 -0.81 -0.729
-0.703 -0.816 -0.836 -0.809 -0.729
-0.702 -0.815 -0.836 -0.808 -0.729
-0.701 -0.814 -0.835 -0.807 -0.729
-0.7 -0.813 -0.834 -0.806 -0.729
-0.699 -0.813 -0.834 -0.806 -0.729
-0.698 -0.812 -0.833 -0.805 -0.73
-0.697 -0.811 -0.832 -0.804 -0.73
-0.696 -0.81 -0.832 -0.803 -0.73
-0.695 -0.809 -0.831 -0.802 -0.731
-0.694 -0.808 -0.83 -0.801 -0.731
-0.693 -0.807 -0.83 -0.8 -0.732
-0.692 -0.806 -0.829 -0.799 -0.732
-0.691 -0.805 -0.828 -0.798 -0.733
-0.69 -0.805 -0.828 -0.797 -0.734
-0.689 -0.804 -0.827 -0.796 -0.734
-0.688 -0.803 -0.826 -0.795 -0.735
-0.687 -0.802 -0.826 -0.794 -0.736
-0.686 -0.801 -0.825 -0.794 -0.736
-0.685 -0.8 -0.824 -0.793 -0.737
-0.684 -0.799 -0.824 -0.792 -0.738
-0.683 -0.798 -0.823 -0.791 -0.738
-0.682 -0.798 -0.823 -0.79 -0.739
-0.681 -0.797 -0.822 -0.789 -0.74
-0.68 -0.796 -0.821 -0.788 -0.741
-0.679 -0.795 -0.821 -0.787 -0.741
-0.678 -0.794 -0.82 -0.786 -0.742
-0.677 -0.793 -0.819 -0.785 -0.743
-0.676 -0.792 -0.819 -0.785 -0.744
-0.675 -0.791 -0.818 -0.784 -0.744
-0.674 -0.79 -0.817 -0.783 -0.745
-0.673 -0.79 -0.817 -0.782 -0.746
-0.672 -0.789 -0.816 -0.781 -0.746
-0.671 -0.788 -0.815 -0.78 -0.747
-0.67 -0.787 -0.815 -0.779 -0.748
-0.669 -0.786 -0.814 -0.778 -0.749
-0.668 -0.785 -0.813 -0.777 -0.749
-0.667 -0.784 -0.812 -0.776 -0.75
-0.666 -0.783 -0.812 -0.776 -0.75
-0.665 -0.783 -0.811 -0.775 -0.751
-0.664 -0.782 -0.81 -0.774 -0.752
-0.663 -0.781 -0.81 -0.773 -0.752
-0.662 -0.78 -0.809 -0.772 -0.753
-0.661 -0.779 -0.808 -0.771 -0.753
-0.66 -0.778 -0.808 -0.77 -0.754
-0.659 -0.777 -0.807 -0.769 -0.754
-0.658 -0.776 -0.806 -0.768 -0.755
-0.657 -0.775 -0.806 -0.767 -0.755
-0.656 -0.775 -0.805 -0.767 -0.756
-0.655 -0.774 -0.804 -0.766 -0.756
-0.654 -0.773 -0.803 -0.765 -0.757
-0.653 -0.772 -0.803 -0.764 -0.757
-0.652 -0.771 -0.802 -0.763 -0.757
-0.651 -0.77 -0.801 -0.762 -0.758
-0.65 -0.769 -0.801 -0.761 -0.758
-0.649 -0.768 -0.8 -0.76 -0.758
-0.648 -0.768 -0.799 -0.759 -0.759
-0.647 -0.767 -0.798 -0.758 -0.759
-0.646 -0.766 -0.798 -0.758 -0.759
-0.645 -0.765 -0.797 -0.757 -0.759
-0.644 -0.764 -0.796 -0.756 -0.759
-0.643 -0.763 -0.795 -0.755 -0.76
-0.642 -0.762 -0.795 -0.754 -0.76
-0.641 -0.761 -0.794 -0.753 -0.76
-0.64 -0.761 -0.793 -0.752 -0.76
-0.639 -0.76 -0.792 -0.751 -0.76
-0.638 -0.759 -0.792 -0.75 -0.76
-0.637 -0.758 -0.791 -0.749 -0.76
-0.636 -0.757 -0.79 -0.749 -0.76
-0.635 -0.756 -0.789 -0.748 -0.76
-0.634 -0.755 -0.789 -0.747 -0.76
-0.633 -0.754 -0.788 -0.746 -0.76
-0.632 -0.753 -0.787 -0.745 -0.76
-0.631 -0.753 -0.786 -0.744 -0.76
-0.63 -0.752 -0.785 -0.743 -0.759
-0.629 -0.751 -0.785 -0.742 -0.759
-0.628 -0.75 -0.784 -0.741 -0.759
-0.627 -0.749 -0.783 -0.741 -0.759
-0.626 -0.748 -0.782 -0.74 -0.759
-0.625 -0.747 -0.781 -0.739 -0.759
-0.624 -0.746 -0.781 -0.738 -0.758
-0.623 -0.746 -0.78 -0.737 -0.758
-0.622 -0.745 -0.779 -0.736 -0.758
-0.621 -0.744 -0.778 -0.735 -0.758
-0.62 -0.743 -0.777 -0.734 -0.757
-0.619 -0.742 -0.776 -0.734 -0.757
-0.618 -0.741 -0.776 -0.733 -0.757
-0.617 -0.74 -0.775 -0.732 -0.757
-0.616 -0.739 -0.774 -0.731 -0.756
-0.615 -0.738 -0.773 -0.73 -0.756
-0.614 -0.738 -0.772 -0.729 -0.756
-0.613 -0.737 -0.771 -0.729 -0.756
-0.612 -0.736 -0.77 -0.728 -0.755
-0.611 -0.735 -0.77 -0.727 -0.755
-0.61 -0.734 -0.769 -0.726 -0.755
-0.609 -0.733 -0.768 -0.725 -0.755
-0.608 -0.732 -0.767 -0.724 -0.754
-0.607 -0.731 -0.766 -0.724 -0.754
-0.606 -0.731 -0.765 -0.723 -0.754
-0.605 -0.73 -0.764 -0.722 -0.754
-0.604 -0.729 -0.763 -0.721 -0.753
-0.603 -0.728 -0.762 -0.72 -0.753
-0.602 -0.727 -0.761 -0.719 -0.753
-0.601 -0.726 -0.76 -0.719 -0.753
-0.6 -0.725 -0.76 -0.718 -0.753
-0.599 -0.724 -0.759 -0.717 -0.752
-0.598 -0.723 -0.758 -0.716 -0.752
-0.597 -0.723 -0.757 -0.715 -0.752
-0.596 -0.722 -0.756 -0.715 -0.752
-0.595 -0.721 -0.755 -0.714 -0.752
-0.594 -0.72 -0.754 -0.713 -0.752
-0.593 -0.719 -0.753 -0.712 -0.752
-0.592 -0.718 -0.752 -0.712 -0.752
-0.591 -0.717 -0.751 -0.711 -0.752
-0.59 -0.716 -0.75 -0.71 -0.752
-0.589 -0.715 -0.749 -0.709 -0.752
-0.588 -0.715 -0.748 -0.709 -0.752
-0.587 -0.714 -0.747 -0.708 -0.752
-0.586 -0.713 -0.746 -0.707 -0.752
-0.585 -0.712 -0.745 -0.706 -0.752
-0.584 -0.711 -0.744 -0.706 -0.752
-0.583 -0.71 -0.743 -0.705 -0.752
-0.582 -0.709 -0.742 -0.704 -0.752
-0.581 -0.708 -0.741 -0.703 -0.752
-0.58 -0.707 -0.74 -0.703 -0.752
-0.579 -0.707 -0.738 -0.702 -0.752
-0.578 -0.706 -0.737 -0.701 -0.752
-0.577 -0.705 -0.736 -0.7 -0.752
-0.576 -0.704 -0.735 -0.7 -0.752
-0.575 -0.703 -0.734 -0.699 -0.752
-0.574 -0.702 -0.733 -0.698 -0.752
-0.573 -0.701 -0.732 -0.698 -0.752
-0.572 -0.7 -0.731 -0.697 -0.752
-0.571 -0.699 -0.73 -0.696 -0.752
-0.57 -0.699 -0.729 -0.696 -0.752
-0.569 -0.698 -0.728 -0.695 -0.752
-0.568 -0.697 -0.726 -0.694 -0.752
-0.567 -0.696 -0.725 -0.693 -0.751
-0.566 -0.695 -0.724 -0.693 -0.751
-0.565 -0.694 -0.723 -0.692 -0.751
-0.564 -0.693 -0.722 -0.691 -0.751
-0.563 -0.692 -0.721 -0.691 -0.751
-0.562 -0.691 -0.719 -0.69 -0.751
-0.561 -0.691 -0.718 -0.689 -0.751
-0.56 -0.69 -0.717 -0.689 -0.75
-0.559 -0.689 -0.716 -0.688 -0.75
-0.558 -0.688 -0.715 -0.687 -0.75
-0.557 -0.687 -0.714 -0.687 -0.749
-0.556 -0.686 -0.712 -0.686 -0.749
-0.555 -0.685 -0.711 -0.685 -0.749
-0.554 -0.684 -0.71 -0.685 -0.748
-0.553 -0.683 -0.709 -0.684 -0.748
-0.552 -0.683 -0.708 -0.684 -0.747
-0.551 -0.682 -0.706 -0.683 -0.747
-0.55 -0.681 -0.705 -0.682 -0.746
-0.549 -0.68 -0.704 -0.682 -0.746
-0.548 -0.679 -0.703 -0.681 -0.745
-0.547 -0.678 -0.701 -0.68 -0.745
-0.546 -0.677 -0.7 -0.68 -0.744
-0.545 -0.676 -0.699 -0.679 -0.743
-0.544 -0.675 -0.698 -0.678 -0.742
-0.543 -0.674 -0.696 -0.678 -0.742
-0.542 -0.674 -0.695 -0.677 -0.741
-0.541 -0.673 -0.694 -0.677 -0.74
-0.54 -0.672 -0.692 -0.676 -0.739
-0.539 -0.671 -0.691 -0.675 -0.738
-0.538 -0.67 -0.69 -0.675 -0.737
-0.537 -0.669 -0.689 -0.674 -0.736
-0.536 -0.668 -0.687 -0.673 -0.735
-0.535 -0.667 -0.686 -0.673 -0.734
-0.534 -0.666 -0.685 -0.672 -0.733
-0.533 -0.665 -0.683 -0.672 -0.732
-0.532 -0.665 -0.682 -0.671 -0.73
-0.531 -0.664 -0.681 -0.67 -0.729
-0.53 -0.663 -0.679 -0.67 -0.728
-0.529 -0.662 -0.678 -0.669 -0.726
-0.528 -0.661 -0.677 -0.668 -0.725
-0.527 -0.66 -0.675 -0.668 -0.724
-0.526 -0.659 -0.674 -0.667 -0.722
-0.525 -0.658 -0.673 -0.667 -0.721
-0.524 -0.657 -0.671 -0.666 -0.719
-0.523 -0.656 -0.67 -0.665 -0.717
-0.522 -0.655 -0.669 -0.665 -0.716
-0.521 -0.655 -0.667 -0.664 -0.714
-0.52 -0.654 -0.666 -0.663 -0.712
-0.519 -0.653 -0.664 -0.663 -0.71
-0.518 -0.652 -0.663 -0.662 -0.709
-0.517 -0.651 -0.662 -0.661 -0.707
-0.516 -0.65 -0.66 -0.661 -0.705
-0.515 -0.649 -0.659 -0.66 -0.703
-0.514 -0.648 -0.657 -0.659 -0.701
-0.513 -0.647 -0.656 -0.659 -0.699
-0.512 -0.646 -0.655 -0.658 -0.696
-0.511 -0.645 -0.653 -0.657 -0.694
-0.51 -0.645 -0.652 -0.657 -0.692
-0.509 -0.644 -0.65 -0.656 -0.69
-0.508 -0.643 -0.649 -0.655 -0.687
-0.507 -0.642 -0.648 -0.655 -0.685
-0.506 -0.641 -0.646 -0.654 -0.683
-0.505 -0.64 -0.645 -0.653 -0.68
-0.504 -0.639 -0.643 -0.653 -0.677
-0.503 -0.638 -0.642 -0.652 -0.675
-0.502 -0.637 -0.64 -0.651 -0.672
-0.501 -0.636 -0.639 -0.651 -0.67
-0.5 -0.635 -0.638 -0.65 -0.667
-0.499 -0.635 -0.636 -0.649 -0.664
-0.498 -0.634 -0.635 -0.648 -0.661
-0.497 -0.633 -0.633 -0.648 -0.658
-0.496 -0.632 -0.632 -0.647 -0.655
-0.495 -0.631 -0.63 -0.646 -0.652
-0.494 -0.63 -0.629 -0.645 -0.649
-0.493 -0.629 -0.627 -0.645 -0.646
-0.492 -0.628 -0.626 -0.644 -0.643
-0.491 -0.627 -0.625 -0.643 -0.64
-0.49 -0.626 -0.623 -0.642 -0.636
-0.489 -0.625 -0.622 -0.642 -0.633
-0.488 -0.624 -0.62 -0.641 -0.63
-0.487 -0.624 -0.619 -0.64 -0.626
-0.486 -0.623 -0.617 -0.639 -0.623
-0.485 -0.622 -0.616 -0.638 -0.619
-0.484 -0.621 -0.614 -0.638 -0.616
-0.483 -0.62 -0.613 -0.637 -0.612
-0.482 -0.619 -0.611 -0.636 -0.608
-0.481 -0.618 -0.61 -0.635 -0.605
-0.48 -0.617 -0.608 -0.634 -0.601
-0.479 -0.616 -0.607 -0.633 -0.597
-0.478 -0.615 -0.606 -0.632 -0.593
-0.477 -0.614 -0.604 -0.632 -0.59
-0.476 -0.613 -0.603 -0.631 -0.586
-0.475 -0.612 -0.601 -0.63 -0.582
-0.474 -0.612 -0.6 -0.629 -0.578
-0.473 -0.611 -0.598 -0.628 -0.574
-0.472 -0.61 -0.597 -0.627 -0.57
-0.471 -0.609 -0.595 -0.626 -0.566
-0.47 -0.608 -0.594 -0.625 -0.561
-0.469 -0.607 -0.592 -0.624 -0.557
-0.468 -0.606 -0.591 -0.623 -0.553
-0.467 -0.605 -0.589 -0.622 -0.549
-0.466 -0.604 -0.588 -0.621 -0.545
-0.465 -0.603 -0.586 -0.62 -0.541
-0.464 -0.602 -0.585 -0.619 -0.536
-0.463 -0.601 -0.584 -0.618 -0.532
-0.462 -0.6 -0.582 -0.617 -0.528
-0.461 -0.599 -0.581 -0.616 -0.524
-0.46 -0.599 -0.579 -0.615 -0.52
-0.459 -0.598 -0.578 -0.614 -0.515
-0.458 -0.597 -0.576 -0.613 -0.511
-0.457 -0.596 -0.575 -0.612 -0.507
-0.456 -0.595 -0.573 -0.61 -0.503
-0.455 -0.594 -0.572 -0.609 -0.499
-0.454 -0.593 -0.57 -0.608 -0.495
-0.453 -0.592 -0.569 -0.607 -0.491
-0.452 -0.591 -0.567 -0.606 -0.487
-0.451 -0.59 -0.566 -0.605 -0.483
-0.45 -0.589 -0.565 -0.604 -0.479
-0.449 -0.588 -0.563 -0.602 -0.475
-0.448 -0.587 -0.562 -0.601 -0.471
-0.447 -0.586 -0.56 -0.6 -0.467
-0.446 -0.585 -0.559 -0.599 -0.464
-0.445 -0.585 -0.557 -0.597 -0.46
-0.444 -0.584 -0.556 -0.596 -0.456
-0.443 -0.583 -0.555 -0.595 -0.453
-0.442 -0.582 -0.553 -0.594 -0.45
-0.441 -0.581 -0.552 -0.592 -0.446
-0.44 -0.58 -0.55 -0.591 -0.443
-0.439 -0.579 -0.549 -0.59 -0.44
-0.438 -0.578 -0.547 -0.588 -0.437
-0.437 -0.577 -0.546 -0.587 -0.435
-0.436 -0.576 -0.545 -0.586 -0.432
-0.435 -0.575 -0.543 -0.584 -0.429
-0.434 -0.574 -0.542 -0.583 -0.427
-0.433 -0.573 -0.54 -0.582 -0.425
-0.432 -0.572 -0.539 -0.58 -0.423
-0.431 -0.571 -0.538 -0.579 -0.421
-0.43 -0.57 -0.536 -0.578 -0.419
-0.429 -0.569 -0.535 -0.576 -0.417
-0.428 -0.569 -0.533 -0.575 -0.416
-0.427 -0.568 -0.532 -0.573 -0.414
-0.426 -0.567 -0.531 -0.572 -0.413
-0.425 -0.566 -0.529 -0.57 -0.412
-0.424 -0.565 -0.528 -0.569 -0.411
-0.423 -0.564 -0.527 -0.567 -0.411
-0.422 -0.563 -0.525 -0.566 -0.41
-0.421 -0.562 -0.524 -0.564 -0.41
-0.42 -0.561 -0.522 -0.563 -0.409
-0.419 -0.56 -0.521 -0.561 -0.409
-0.418 -0.559 -0.52 -0.56 -0.409
-0.417 -0.558 -0.518 -0.558 -0.41
-0.416 -0.557 -0.517 -0.557 -0.41
-0.415 -0.556 -0.516 -0.555 -0.411
-0.414 -0.555 -0.514 -0.554 -0.411
-0.413 -0.554 -0.513 -0.552 -0.412
-0.412 -0.553 -0.512 -0.551 -0.413
-0.411 -0.552 -0.51 -0.549 -0.414
-0.41 -0.551 -0.509 -0.548 -0.416
-0.409 -0.55 -0.508 -0.546 -0.417
-0.408 -0.55 -0.507 -0.545 -0.419
-0.407 -0.549 -0.505 -0.543 -0.42
-0.406 -0.548 -0.504 -0.541 -0.422
-0.405 -0.547 -0.503 -0.54 -0.424
-0.404 -0.546 -0.501 -0.538 -0.426
-0.403 -0.545 -0.5 -0.537 -0.428
-0.402 -0.544 -0.499 -0.535 -0.431
-0.401 -0.543 -0.498 -0.533 -0.433
-0.4 -0.542 -0.496 -0.532 -0.435
-0.399 -0.541 -0.495 -0.53 -0.438
-0.398 -0.54 -0.494 -0.529 -0.44
-0.397 -0.539 -0.493 -0.527 -0.443
-0.396 -0.538 -0.491 -0.525 -0.446
-0.395 -0.537 -0.49 -0.524 -0.448
-0.394 -0.536 -0.489 -0.522 -0.451
-0.393 -0.535 -0.488 -0.521 -0.454
-0.392 -0.534 -0.486 -0.519 -0.457
-0.391 -0.533 -0.485 -0.517 -0.46
-0.39 -0.532 -0.484 -0.516 -0.463
-0.389 -0.531 -0.483 -0.514 -0.466
-0.388 -0.53 -0.481 -0.513 -0.469
-0.387 -0.529 -0.48 -0.511 -0.472
-0.386 -0.528 -0.479 -0.51 -0.475
-0.385 -0.527 -0.478 -0.508 -0.478
-0.384 -0.526 -0.477 -0.506 -0.481
-0.383 -0.525 -0.475 -0.505 -0.484
-0.382 -0.525 -0.474 -0.503 -0.487
-0.381 -0.524 -0.473 -0.502 -0.49
-0.38 -0.523 -0.472 -0.5 -0.493
-0.379 -0.522 -0.471 -0.499 -0.496
-0.378 -0.521 -0.47 -0.497 -0.499
-0.377 -0.52 -0.468 -0.495 -0.501
-0.376 -0.519 -0.467 -0.494 -0.504
-0.375 -0.518 -0.466 -0.492 -0.507
-0.374 -0.517 -0.465 -0.491 -0.51
-0.373 -0.516 -0.464 -0.489 -0.512
-0.372 -0.515 -0.463 -0.488 -0.515
-0.371 -0.514 -0.462 -0.486 -0.518
-0.37 -0.513 -0.461 -0.485 -0.52
-0.369 -0.512 -0.459 -0.483 -0.522
-0.368 -0.511 -0.458 -0.482 -0.525
-0.367 -0.51 -0.457 -0.48 -0.527
-0.366 -0.509 -0.456 -0.479 -0.529
-0.365 -0.508 -0.455 -0.477 -0.532
-0.364 -0.507 -0.454 -0.476 -0.534
-0.363 -0.506 -0.453 -0.475 -0.536
-0.362 -0.505 -0.452 -0.473 -0.538
-0.361 -0.504 -0.451 -0.472 -0.54
-0.36 -0.503 -0.45 -0.47 -0.542
-0.359 -0.502 -0.449 -0.469 -0.543
-0.358 -0.501 -0.447 -0.467 -0.545
-0.357 -0.5 -0.446 -0.466 -0.547
-0.356 -0.499 -0.445 -0.465 -0.548
-0.355 -0.498 -0.444 -0.463 -0.55
-0.354 -0.497 -0.443 -0.462 -0.551
-0.353 -0.496 -0.442 -0.461 -0.552
-0.352 -0.495 -0.441 -0.459 -0.554
-0.351 -0.494 -0.44 -0.458 -0.555
-0.35 -0.493 -0.439 -0.457 -0.556
-0.349 -0.492 -0.438 -0.455 -0.557
-0.348 -0.491 -0.437 -0.454 -0.558
-0.347 -0.49 -0.436 -0.453 -0.558
-0.346 -0.489 -0.435 -0.452 -0.559
-0.345 -0.488 -0.434 -0.45 -0.56
-0.344 -0.487 -0.433 -0.449 -0.56
-0.343 -0.486 -0.432 -0.448 -0.561
-0.342 -0.485 -0.431 -0.447 -0.561
-0.341 -0.484 -0.43 -0.445 -0.561
-0.34 -0.483 -0.429 -0.444 -0.562
-0.339 -0.482 -0.428 -0.443 -0.562
-0.338 -0.481 -0.427 -0.442 -0.562
-0.337 -0.48 -0.426 -0.441 -0.562
-0.336 -0.479 -0.425 -0.44 -0.562
-0.335 -0.478 -0.424 -0.438 -0.561
-0.334 -0.477 -0.423 -0.437 -0.561
-0.333 -0.476 -0.422 -0.436 -0.561
-0.332 -0.475 -0.422 -0.435 -0.56
-0.331 -0.475 -0.421 -0.434 -0.56
-0.33 -0.474 -0.42 -0.433 -0.559
-0.329 -0.473 -0.419 -0.432 -0.558
-0.328 -0.472 -0.418 -0.431 -0.558
-0.327 -0.471 -0.417 -0.43 -0.557
-0.326 -0.47 -0.416 -0.429 -0.556
-0.325 -0.469 -0.415 -0.428 -0.555
-0.324 -0.468 -0.414 -0.427 -0.554
-0.323 -0.467 -0.413 -0.426 -0.553
-0.322 -0.466 -0.412 -0.425 -0.551
-0.321 -0.465 -0.411 -0.424 -0.55
-0.32 -0.464 -0.411 -0.423 -0.549
-0.319 -0.463 -0.41 -0.422 -0.547
-0.318 -0.462 -0.409 -0.421 -0.546
-0.317 -0.461 -0.408 -0.42 -0.544
-0.316 -0.46 -0.407 -0.419 -0.542
-0.315 -0.459 -0.406 -0.418 -0.541
-0.314 -0.458 -0.405 -0.417 -0.539
-0.313 -0.457 -0.404 -0.416 -0.537
-0.312 -0.456 -0.404 -0.415 -0.535
-0.311 -0.455 -0.403 -0.414 -0.533
-0.31 -0.454 -0.402 -0.413 -0.531
-0.309 -0.453 -0.401 -0.412 -0.528
-0.308 -0.452 -0.4 -0.412 -0.526
-0.307 -0.451 -0.399 -0.411 -0.524
-0.306 -0.45 -0.399 -0.41 -0.522
-0.305 -0.448 -0.398 -0.409 -0.519
-0.304 -0.447 -0.397 -0.408 -0.517
-0.303 -0.446 -0.396 -0.407 -0.514
-0.302 -0.445 -0.395 -0.407 -0.511
-0.301 -0.444 -0.394 -0.406 -0.509
-0.3 -0.443 -0.394 -0.405 -0.506
-0.299 -0.442 -0.393 -0.404 -0.503
-0.298 -0.441 -0.392 -0.403 -0.5
-0.297 -0.44 -0.391 -0.403 -0.498
-0.296 -0.439 -0.39 -0.402 -0.495
-0.295 -0.438 -0.39 -0.401 -0.492
-0.294 -0.437 -0.389 -0.4 -0.489
-0.293 -0.436 -0.388 -0.4 -0.486
-0.292 -0.435 -0.387 -0.399 -0.483
-0.291 -0.434 -0.386 -0.398 -0.479
-0.29 -0.433 -0.386 -0.397 -0.476
-0.289 -0.432 -0.385 -0.397 -0.473
-0.288 -0.431 -0.384 -0.396 -0.47
-0.287 -0.43 -0.383 -0.395 -0.467
-0.286 -0.429 -0.383 -0.394 -0.463
-0.285 -0.428 -0.382 -0.394 -0.46
-0.284 -0.427 -0.381 -0.393 -0.457
-0.283 -0.426 -0.38 -0.392 -0.453
-0.282 -0.425 -0.379 -0.392 -0.45
-0.281 -0.424 -0.379 -0.391 -0.447
-0.28 -0.423 -0.378 -0.39 -0.443
-0.279 -0.422 -0.377 -0.39 -0.44
-0.278 -0.421 -0.376 -0.389 -0.436
-0.277 -0.42 -0.376 -0.388 -0.433
-0.276 -0.419 -0.375 -0.388 -0.429
-0.275 -0.418 -0.374 -0.387 -0.426
-0.274 -0.417 -0.373 -0.386 -0.422
-0.273 -0.416 -0.373 -0.386 -0.419
-0.272 -0.415 -0.372 -0.385 -0.416
-0.271 -0.414 -0.371 -0.384 -0.412
-0.27 -0.413 -0.371 -0.384 -0.409
-0.269 -0.412 -0.37 -0.383 -0.405
-0.268 -0.411 -0.369 -0.382 -0.402
-0.267 -0.41 -0.368 -0.382 -0.398
-0.266 -0.409 -0.368 -0.381 -0.395
-0.265 -0.408 -0.367 -0.38 -0.392
-0.264 -0.407 -0.366 -0.38 -0.388
-0.263 -0.406 -0.365 -0.379 -0.385
-0.262 -0.405 -0.365 -0.379 -0.382
-0.261 -0.404 -0.364 -0.378 -0.378
-0.26 -0.403 -0.363 -0.377 -0.375
-0.259 -0.402 -0.363 -0.377 -0.372
-0.258 -0.401 -0.362 -0.376 -0.369
-0.257 -0.4 -0.361 -0.375 -0.366
-0.256 -0.399 -0.361 -0.375 -0.363
-0.255 -0.398 -0.36 -0.374 -0.359
-0.254 -0.397 -0.359 -0.374 -0.356
-0.253 -0.396 -0.358 -0.373 -0.353
-0.252 -0.394 -0.358 -0.372 -0.35
-0.251 -0.393 -0.357 -0.372 -0.348
-0.25 -0.392 -0.356 -0.371 -0.345
-0.249 -0.391 -0.356 -0.37 -0.342
-0.248 -0.39 -0.355 -0.37 -0.339
-0.247 -0.389 -0.354 -0.369 -0.336
-0.246 -0.388 -0.354 -0.369 -0.334
-0.245 -0.387 -0.353 -0.368 -0.331
-0.244 -0.386 -0.352 -0.367 -0.328
-0.243 -0.385 -0.352 -0.367 -0.326
-0.242 -0.384 -0.351 -0.366 -0.323
-0.241 -0.383 -0.35 -0.365 -0.321
-0.24 -0.382 -0.35 -0.365 -0.319
-0.239 -0.381 -0.349 -0.364 -0.316
-0.238 -0.38 -0.348 -0.364 -0.314
-0.237 -0.379 -0.348 -0.363 -0.312
-0.236 -0.378 -0.347 -0.362 -0.31
-0.235 -0.377 -0.346 -0.362 -0.308
-0.234 -0.376 -0.346 -0.361 -0.306
-0.233 -0.375 -0.345 -0.36 -0.304
-0.232 -0.374 -0.344 -0.36 -0.302
-0.231 -0.373 -0.344 -0.359 -0.3
-0.23 -0.372 -0.343 -0.358 -0.298
-0.229 -0.371 -0.342 -0.358 -0.296
-0.228 -0.37 -0.342 -0.357 -0.294
-0.227 -0.369 -0.341 -0.356 -0.293
-0.226 -0.368 -0.34 -0.356 -0.291
-0.225 -0.366 -0.34 -0.355 -0.29
-0.224 -0.365 -0.339 -0.354 -0.288
-0.223 -0.364 -0.338 -0.354 -0.287
-0.222 -0.363 -0.338 -0.353 -0.285
-0.221 -0.362 -0.337 -0.352 -0.284
-0.22 -0.361 -0.336 -0.352 -0.283
-0.219 -0.36 -0.336 -0.351 -0.281
-0.218 -0.359 -0.335 -0.35 -0.28
-0.217 -0.358 -0.334 -0.35 -0.279
-0.216 -0.357 -0.334 -0.349 -0.278
-0.215 -0.356 -0.333 -0.348 -0.277
-0.214 -0.355 -0.332 -0.348 -0.276
-0.213 -0.354 -0.332 -0.347 -0.275
-0.212 -0.353 -0.331 -0.346 -0.274
-0.211 -0.352 -0.33 -0.345 -0.273
-0.21 -0.351 -0.33 -0.345 -0.272
-0.209 -0.35 -0.329 -0.344 -0.271
-0.208 -0.349 -0.328 -0.343 -0.27
-0.207 -0.348 -0.328 -0.342 -0.27
-0.206 -0.347 -0.327 -0.342 -0.269
-0.205 -0.346 -0.326 -0.341 -0.268
-0.204 -0.345 -0.326 -0.34 -0.268
-0.203 -0.343 -0.325 -0.339 -0.267
-0.202 -0.342 -0.325 -0.339 -0.266
-0.201 -0.341 -0.324 -0.338 -0.266
-0.2 -0.34 -0.323 -0.337 -0.265
-0.199 -0.339 -0.323 -0.336 -0.265
-0.198 -0.338 -0.322 -0.336 -0.264
-0.197 -0.337 -0.321 -0.335 -0.264
-0.196 -0.336 -0.321 -0.334 -0.263
-0.195 -0.335 -0.32 -0.333 -0.263
-0.194 -0.334 -0.319 -0.332 -0.263
-0.193 -0.333 -0.319 -0.332 -0.262
-0.192 -0.332 -0.318 -0.331 -0.262
-0.191 -0.331 -0.317 -0.33 -0.262
-0.19 -0.33 -0.317 -0.329 -0.261
-0.189 -0.329 -0.316 -0.328 -0.261
-0.188 -0.328 -0.315 -0.327 -0.261
-0.187 -0.327 -0.315 -0.326 -0.261
-0.186 -0.326 -0.314 -0.326 -0.261
-0.185 -0.324 -0.313 -0.325 -0.26
-0.184 -0.323 -0.313 -0.324 -0.26
-0.183 -0.322 -0.312 -0.323 -0.26
-0.182 -0.321 -0.311 -0.322 -0.26
-0.181 -0.32 -0.311 -0.321 -0.26
-0.18 -0.319 -0.31 -0.32 -0.26
-0.179 -0.318 -0.309 -0.319 -0.26
-0.178 -0.317 -0.309 -0.319 -0.259
-0.177 -0.316 -0.308 -0.318 -0.259
-0.176 -0.315 -0.307 -0.317 -0.259
-0.175 -0.314 -0.307 -0.316 -0.259
-0.174 -0.313 -0.306 -0.315 -0.259
-0.173 -0.312 -0.305 -0.314 -0.259
-0.172 -0.311 -0.305 -0.313 -0.259
-0.171 -0.31 -0.304 -0.312 -0.259
-0.17 -0.309 -0.303 -0.311 -0.259
-0.169 -0.308 -0.303 -0.31 -0.259
-0.168 -0.306 -0.302 -0.309 -0.259
-0.167 -0.305 -0.301 -0.308 -0.259
-0.166 -0.304 -0.301 -0.307 -0.259
-0.165 -0.303 -0.3 -0.306 -0.259
-0.164 -0.302 -0.299 -0.305 -0.259
-0.163 -0.301 -0.299 -0.304 -0.259
-0.162 -0.3 -0.298 -0.303 -0.259
-0.161 -0.299 -0.297 -0.302 -0.259
-0.16 -0.298 -0.297 -0.301 -0.259
-0.159 -0.297 -0.296 -0.3 -0.259
-0.158 -0.296 -0.295 -0.299 -0.259
-0.157 -0.295 -0.295 -0.298 -0.259
-0.156 -0.294 -0.294 -0.297 -0.259
-0.155 -0.293 -0.293 -0.296 -0.259
-0.154 -0.292 -0.293 -0.295 -0.259
-0.153 -0.29 -0.292 -0.293 -0.259
-0.152 -0.289 -0.291 -0.292 -0.259
-0.151 -0.288 -0.291 -0.291 -0.259
-0.15 -0.287 -0.29 -0.29 -0.259
-0.149 -0.286 -0.289 -0.289 -0.259
-0.148 -0.285 -0.288 -0.288 -0.259
-0.147 -0.284 -0.288 -0.287 -0.259
-0.146 -0.283 -0.287 -0.286 -0.258
-0.145 -0.282 -0.286 -0.284 -0.258
-0.144 -0.281 -0.286 -0.283 -0.258
-0.143 -0.28 -0.285 -0.282 -0.258
-0.142 -0.279 -0.284 -0.281 -0.258
-0.141 -0.278 -0.283 -0.28 -0.258
-0.14 -0.277 -0.283 -0.279 -0.258
-0.139 -0.275 -0.282 -0.277 -0.258
-0.138 -0.274 -0.281 -0.276 -0.258
-0.137 -0.273 -0.281 -0.275 -0.258
-0.136 -0.272 -0.28 -0.274 -0.258
-0.135 -0.271 -0.279 -0.273 -0.258
-0.134 -0.27 -0.278 -0.271 -0.258
-0.133 -0.269 -0.278 -0.27 -0.258
-0.132 -0.268 -0.277 -0.269 -0.258
-0.131 -0.267 -0.276 -0.268 -0.258
-0.13 -0.266 -0.276 -0.267 -0.258
-0.129 -0.265 -0.275 -0.265 -0.257
-0.128 -0.264 -0.274 -0.264 -0.257
-0.127 -0.263 -0.273 -0.263 -0.257
-0.126 -0.261 -0.273 -0.262 -0.257
-0.125 -0.26 -0.272 -0.26 -0.257
-0.124 -0.259 -0.271 -0.259 -0.257
-0.123 -0.258 -0.27 -0.258 -0.257
-0.122 -0.257 -0.27 -0.256 -0.257
-0.121 -0.256 -0.269 -0.255 -0.257
-0.12 -0.255 -0.268 -0.254 -0.256
-0.119 -0.254 -0.267 -0.253 -0.256
-0.118 -0.253 -0.267 -0.251 -0.256
-0.117 -0.252 -0.266 -0.25 -0.256
-0.116 -0.251 -0.265 -0.249 -0.256
-0.115 -0.25 -0.264 -0.247 -0.256
-0.114 -0.249 -0.264 -0.246 -0.256
-0.113 -0.247 -0.263 -0.245 -0.255
-0.112 -0.246 -0.262 -0.243 -0.255
-0.111 -0.245 -0.261 -0.242 -0.255
-0.11 -0.244 -0.26 -0.241 -0.255
-0.109 -0.243 -0.26 -0.239 -0.255
-0.108 -0.242 -0.259 -0.238 -0.255
-0.107 -0.241 -0.258 -0.237 -0.254
-0.106 -0.24 -0.257 -0.235 -0.254
-0.105 -0.239 -0.257 -0.234 -0.254
-0.104 -0.238 -0.256 -0.232 -0.254
-0.103 -0.237 -0.255 -0.231 -0.254
-0.102 -0.236 -0.254 -0.23 -0.253
-0.101 -0.235 -0.253 -0.228 -0.253
-0.1 -0.233 -0.253 -0.227 -0.253
-0.099 -0.232 -0.252 -0.226 -0.253
-0.098 -0.231 -0.251 -0.224 -0.252
-0.097 -0.23 -0.25 -0.223 -0.252
-0.096 -0.229 -0.249 -0.221 -0.252
-0.095 -0.228 -0.249 -0.22 -0.252
-0.094 -0.227 -0.248 -0.219 -0.251
-0.093 -0.226 -0.247 -0.217 -0.251
-0.092 -0.225 -0.246 -0.216 -0.251
-0.091 -0.224 -0.245 -0.214 -0.25
-0.09 -0.223 -0.244 -0.213 -0.25
-0.089 -0.222 -0.244 -0.212 -0.25
-0.088 -0.22 -0.243 -0.21 -0.249
-0.087 -0.219 -0.242 -0.209 -0.249
-0.086 -0.218 -0.241 -0.207 -0.249
-0.085 -0.217 -0.24 -0.206 -0.248
-0.084 -0.216 -0.239 -0.205 -0.248
-0.083 -0.215 -0.238 -0.203 -0.247
-0.082 -0.214 -0.238 -0.202 -0.247
-0.081 -0.213 -0.237 -0.2 -0.247
-0.08 -0.212 -0.236 -0.199 -0.246
-0.079 -0.211 -0.235 -0.198 -0.246
-0.078 -0.21 -0.234 -0.196 -0.245
-0.077 -0.208 -0.233 -0.195 -0.245
-0.076 -0.207 -0.232 -0.193 -0.244
-0.075 -0.206 -0.232 -0.192 -0.244
-0.074 -0.205 -0.231 -0.191 -0.243
-0.073 -0.204 -0.23 -0.189 -0.243
-0.072 -0.203 -0.229 -0.188 -0.242
-0.071 -0.202 -0.228 -0.187 -0.242
-0.07 -0.201 -0.227 -0.185 -0.241
-0.069 -0.2 -0.226 -0.184 -0.241
-0.068 -0.199 -0.225 -0.182 -0.24
-0.067 -0.198 -0.224 -0.181 -0.239
-0.066 -0.197 -0.224 -0.18 -0.239
-0.065 -0.195 -0.223 -0.178 -0.238
-0.064 -0.194 -0.222 -0.177 -0.237
-0.063 -0.193 -0.221 -0.175 -0.237
-0.062 -0.192 -0.22 -0.174 -0.236
-0.061 -0.191 -0.219 -0.173 -0.235
-0.06 -0.19 -0.218 -0.171 -0.234
-0.059 -0.189 -0.217 -0.17 -0.234
-0.058 -0.188 -0.216 -0.169 -0.233
-0.057 -0.187 -0.215 -0.167 -0.232
-0.056 -0.186 -0.214 -0.166 -0.231
-0.055 -0.185 -0.213 -0.165 -0.23
-0.054 -0.183 -0.212 -0.163 -0.229
-0.053 -0.182 -0.211 -0.162 -0.228
-0.052 -0.181 -0.21 -0.161 -0.227
-0.051 -0.18 -0.209 -0.159 -0.226
-0.05 -0.179 -0.209 -0.158 -0.225
-0.049 -0.178 -0.208 -0.157 -0.224
-0.048 -0.177 -0.207 -0.155 -0.223
-0.047 -0.176 -0.206 -0.154 -0.222
-0.046 -0.175 -0.205 -0.153 -0.221
-0.045 -0.174 -0.204 -0.151 -0.22
-0.044 -0.173 -0.203 -0.15 -0.219
-0.043 -0.171 -0.202 -0.149 -0.217
-0.042 -0.17 -0.201 -0.148 -0.216
-0.041 -0.169 -0.2 -0.146 -0.215
-0.04 -0.168 -0.199 -0.145 -0.214
-0.039 -0.167 -0.198 -0.144 -0.212
-0.038 -0.166 -0.197 -0.143 -0.211
-0.037 -0.165 -0.196 -0.141 -0.209
-0.036 -0.164 -0.195 -0.14 -0.208
-0.035 -0.163 -0.194 -0.139 -0.207
-0.034 -0.162 -0.193 -0.138 -0.205
-0.033 -0.161 -0.192 -0.137 -0.204
-0.032 -0.159 -0.191 -0.135 -0.202
-0.031 -0.158 -0.189 -0.134 -0.2
-0.03 -0.157 -0.188 -0.133 -0.199
-0.029 -0.156 -0.187 -0.132 -0.197
-0.028 -0.155 -0.186 -0.131 -0.196
-0.027 -0.154 -0.185 -0.129 -0.194
-0.026 -0.153 -0.184 -0.128 -0.192
-0.025 -0.152 -0.183 -0.127 -0.19
-0.024 -0.151 -0.182 -0.126 -0.189
-0.023 -0.15 -0.181 -0.125 -0.187
-0.022 -0.149 -0.18 -0.124 -0.185
-0.021 -0.147 -0.179 -0.123 -0.183
-0.02 -0.146 -0.178 -0.121 -0.181
-0.019 -0.145 -0.177 -0.12 -0.179
-0.018 -0.144 -0.176 -0.119 -0.177
-0.017 -0.143 -0.175 -0.118 -0.175
-0.016 -0.142 -0.173 -0.117 -0.173
-0.015 -0.141 -0.172 -0.116 -0.171
-0.014 -0.14 -0.171 -0.115 -0.169
-0.013 -0.139 -0.17 -0.114 -0.167
-0.012 -0.138 -0.169 -0.113 -0.165
-0.011 -0.137 -0.168 -0.112 -0.163
-0.01 -0.135 -0.167 -0.111 -0.161
-0.009 -0.134 -0.166 -0.11 -0.158
-0.008 -0.133 -0.165 -0.109 -0.156
-0.007 -0.132 -0.163 -0.108 -0.154
-0.006 -0.131 -0.162 -0.107 -0.152
-0.005 -0.13 -0.161 -0.106 -0.149
-0.004 -0.129 -0.16 -0.105 -0.147
-0.003 -0.128 -0.159 -0.104 -0.145
-0.002 -0.127 -0.158 -0.103 -0.142
-0.001 -0.126 -0.157 -0.102 -0.14
0 -0.125 -0.155 -0.101 -0.137
0.001 -0.123 -0.154 -0.1 -0.135
0.002 -0.122 -0.153 -0.0991 -0.133
0.003 -0.121 -0.152 -0.0982 -0.13
0.004 -0.12 -0.151 -0.0973 -0.128
0.005 -0.119 -0.15 -0.0964 -0.125
0.006 -0.118 -0.148 -0.0955 -0.122
0.007 -0.117 -0.147 -0.0946 -0.12
0.008 -0.116 -0.146 -0.0937 -0.117
0.009 -0.115 -0.145 -0.0929 -0.115
0.01 -0.114 -0.144 -0.092 -0.112
0.011 -0.113 -0.142 -0.0912 -0.109
0.012 -0.111 -0.141 -0.0903 -0.107
0.013 -0.11 -0.14 -0.0895 -0.104
0.014 -0.109 -0.139 -0.0886 -0.102
0.015 -0.108 -0.138 -0.0878 -0.0988
0.016 -0.107 -0.136 -0.087 -0.0961
0.017 -0.106 -0.135 -0.0862 -0.0934
0.018 -0.105 -0.134 -0.0854 -0.0907
0.019 -0.104 -0.133 -0.0846 -0.088
0.02 -0.103 -0.131 -0.0838 -0.0853
0.021 -0.102 -0.13 -0.0831 -0.0825
0.022 -0.1 -0.129 -0.0823 -0.0798
0.023 -0.0994 -0.128 -0.0815 -0.077
0.024 -0.0983 -0.126 -0.0808 -0.0743
0.025 -0.0972 -0.125 -0.08 -0.0715
0.026 -0.0961 -0.124 -0.0793 -0.0688
0.027 -0.095 -0.123 -0.0785 -0.066
0.028 -0.094 -0.121 -0.0778 -0.0632
0.029 -0.0929 -0.12 -0.0771 -0.0605
0.03 -0.0918 -0.119 -0.0764 -0.0577
0.031 -0.0907 -0.118 -0.0757 -0.055
0.032 -0.0896 -0.116 -0.075 -0.0522
0.033 -0.0885 -0.115 -0.0743 -0.0495
0.034 -0.0874 -0.114 -0.0736 -0.0467
0.035 -0.0863 -0.112 -0.0729 -0.044
0.036 -0.0852 -0.111 -0.0722 -0.0413
0.037 -0.0841 -0.11 -0.0715 -0.0385
0.038 -0.083 -0.109 -0.0709 -0.0358
0.039 -0.082 -0.107 -0.0702 -0.0332
0.04 -0.0809 -0.106 -0.0696 -0.0305
0.041 -0.0798 -0.105 -0.0689 -0.0278
0.042 -0.0787 -0.103 -0.0683 -0.0252
0.043 -0.0776 -0.102 -0.0676 -0.0225
0.044 -0.0765 -0.101 -0.067 -0.0199
0.045 -0.0754 -0.0993 -0.0663 -0.0173
0.046 -0.0743 -0.098 -0.0657 -0.0147
0.047 -0.0732 -0.0966 -0.0651 -0.0122
0.048 -0.0721 -0.0953 -0.0645 -0.00967
0.049 -0.0711 -0.0939 -0.0638 -0.00717
0.05 -0.07 -0.0926 -0.0632 -0.0047
0.051 -0.0689 -0.0912 -0.0626 -0.00226
0.052 -0.0678 -0.0899 -0.062 0.00016
0.053 -0.0667 -0.0885 -0.0614 0.00254
0.054 -0.0656 -0.0872 -0.0608 0.0049
0.055 -0.0645 -0.0858 -0.0602 0.00721
0.056 -0.0634 -0.0844 -0.0596 0.0095
0.057 -0.0623 -0.0831 -0.059 0.0117
0.058 -0.0613 -0.0817 -0.0584 0.0139
0.059 -0.0602 -0.0803 -0.0578 0.0161
0.06 -0.0591 -0.0789 -0.0572 0.0182
0.061 -0.058 -0.0776 -0.0566 0.0203
0.062 -0.0569 -0.0762 -0.056 0.0224
0.063 -0.0558 -0.0748 -0.0555 0.0244
0.064 -0.0547 -0.0734 -0.0549 0.0263
0.065 -0.0536 -0.072 -0.0543 0.0282
0.066 -0.0526 -0.0706 -0.0537 0.03
0.067 -0.0515 -0.0692 -0.0531 0.0318
0.068 -0.0504 -0.0678 -0.0526 0.0336
0.069 -0.0493 -0.0664 -0.052 0.0353
0.07 -0.0482 -0.065 -0.0514 0.0369
0.071 -0.0471 -0.0636 -0.0508 0.0385
0.072 -0.046 -0.0622 -0.0502 0.04
0.073 -0.0449 -0.0608 -0.0497 0.0414
0.074 -0.0439 -0.0593 -0.0491 0.0428
0.075 -0.0428 -0.0579 -0.0485 0.0442
0.076 -0.0417 -0.0565 -0.0479 0.0454
0.077 -0.0406 -0.0551 -0.0473 0.0466
0.078 -0.0395 -0.0536 -0.0468 0.0478
0.079 -0.0384 -0.0522 -0.0462 0.0488
0.08 -0.0374 -0.0508 -0.0456 0.0499
0.081 -0.0363 -0.0493 -0.045 0.0508
0.082 -0.0352 -0.0479 -0.0444 0.0517
0.083 -0.0341 -0.0465 -0.0438 0.0525
0.084 -0.033 -0.045 -0.0432 0.0532
0.085 -0.0319 -0.0436 -0.0426 0.0538
0.086 -0.0308 -0.0421 -0.042 0.0544
0.087 -0.0298 -0.0407 -0.0414 0.0549
0.088 -0.0287 -0.0392 -0.0408 0.0554
0.089 -0.0276 -0.0378 -0.0402 0.0557
0.09 -0.0265 -0.0363 -0.0396 0.056
0.091 -0.0254 -0.0348 -0.039 0.0562
0.092 -0.0243 -0.0334 -0.0384 0.0564
0.093 -0.0233 -0.0319 -0.0377 0.0564
0.094 -0.0222 -0.0305 -0.0371 0.0564
0.095 -0.0211 -0.029 -0.0365 0.0563
0.096 -0.02 -0.0275 -0.0358 0.0562
0.097 -0.0189 -0.0261 -0.0352 0.0559
0.098 -0.0179 -0.0246 -0.0346 0.0556
0.099 -0.0168 -0.0231 -0.0339 0.0552
0.1 -0.0157 -0.0216 -0.0333 0.0548
0.101 -0.0146 -0.0202 -0.0326 0.0543
0.102 -0.0135 -0.0187 -0.0319 0.0537
0.103 -0.0125 -0.0172 -0.0313 0.053
0.104 -0.0114 -0.0157 -0.0306 0.0523
0.105 -0.0103 -0.0143 -0.0299 0.0515
0.106 -0.00922 -0.0128 -0.0292 0.0506
0.107 -0.00814 -0.0113 -0.0285 0.0497
0.108 -0.00706 -0.00982 -0.0278 0.0487
0.109 -0.00598 -0.00833 -0.0271 0.0476
0.11 -0.0049 -0.00685 -0.0264 0.0465
0.111 -0.00382 -0.00536 -0.0257 0.0453
0.112 -0.00274 -0.00388 -0.0249 0.0441
0.113 -0.00167 -0.00239 -0.0242 0.0428
0.114 -0.000588 -0.0009 -0.0235 0.0414
0.115 0.00049 0.000589 -0.0227 0.04
0.116 0.00157 0.00208 -0.022 0.0386
0.117 0.00264 0.00357 -0.0212 0.0371
0.118 0.00372 0.00506 -0.0204 0.0355
0.119 0.0048 0.00655 -0.0196 0.0339
0.12 0.00587 0.00804 -0.0188 0.0323
0.121 0.00695 0.00953 -0.018 0.0306
0.122 0.00802 0.011 -0.0172 0.0289
0.123 0.0091 0.0125 -0.0164 0.0272
0.124 0.0102 0.014 -0.0156 0.0254
0.125 0.0112 0.0155 -0.0148 0.0236
0.126 0.0123 0.017 -0.0139 0.0218
0.127 0.0134 0.0185 -0.0131 0.0199
0.128 0.0145 0.02 -0.0122 0.0181
0.129 0.0155 0.0215 -0.0114 0.0162
0.13 0.0166 0.023 -0.0105 0.0143
0.131 0.0177 0.0245 -0.00959 0.0124
0.132 0.0188 0.026 -0.0087 0.0105
0.133 0.0198 0.0274 -0.00779 0.00853
0.134 0.0209 0.0289 -0.00688 0.0066
0.135 0.022 0.0304 -0.00595 0.00467
0.136 0.0231 0.0319 -0.00502 0.00275
0.137 0.0241 0.0334 -0.00408 0.000825
0.138 0.0252 0.0349 -0.00312 -0.00109
0.139 0.0263 0.0364 -0.00216 -0.00299
0.14 0.0273 0.0379 -0.00118 -0.00488
0.141 0.0284 0.0394 -0.0002 -0.00675
0.142 0.0295 0.0408 0.000795 -0.0086
0.143 0.0305 0.0423 0.0018 -0.0104
0.144 0.0316 0.0438 0.00282 -0.0122
0.145 0.0327 0.0453 0.00384 -0.014
0.146 0.0338 0.0468 0.00488 -0.0158
0.147 0.0348 0.0482 0.00592 -0.0175
0.148 0.0359 0.0497 0.00698 -0.0192
0.149 0.037 0.0512 0.00805 -0.0208
0.15 0.038 0.0527 0.00913 -0.0224
0.151 0.0391 0.0541 0.0102 -0.024
0.152 0.0402 0.0556 0.0113 -0.0255
0.153 0.0412 0.0571 0.0124 -0.027
0.154 0.0423 0.0586 0.0135 -0.0284
0.155 0.0434 0.06 0.0147 -0.0298
0.156 0.0444 0.0615 0.0158 -0.0311
0.157 0.0455 0.0629 0.017 -0.0324
0.158 0.0466 0.0644 0.0181 -0.0336
0.159 0.0476 0.0659 0.0193 -0.0348
0.16 0.0487 0.0673 0.0205 -0.0359
0.161 0.0498 0.0688 0.0217 -0.0369
0.162 0.0508 0.0702 0.0229 -0.0379
0.163 0.0519 0.0717 0.0241 -0.0388
0.164 0.0529 0.0731 0.0253 -0.0397
0.165 0.054 0.0746 0.0266 -0.0404
0.166 0.0551 0.076 0.0278 -0.0412
0.167 0.0561 0.0774 0.0291 -0.0418
0.168 0.0572 0.0789 0.0303 -0.0424
0.169 0.0583 0.0803 0.0316 -0.0429
0.17 0.0593 0.0817 0.0329 -0.0433
0.171 0.0604 0.0832 0.0342 -0.0437
0.172 0.0614 0.0846 0.0355 -0.0439
0.173 0.0625 0.086 0.0368 -0.0441
0.174 0.0636 0.0874 0.0382 -0.0443
0.175 0.0646 0.0889 0.0395 -0.0443
0.176 0.0657 0.0903 0.0408 -0.0443
0.177 0.0667 0.0917 0.0422 -0.0442
0.178 0.0678 0.0931 0.0436 -0.044
0.179 0.0688 0.0945 0.0449 -0.0437
0.18 0.0699 0.0959 0.0463 -0.0434
0.181 0.071 0.0973 0.0477 -0.043
0.182 0.072 0.0987 0.0491 -0.0425
0.183 0.0731 0.1 0.0505 -0.0419
0.184 0.0741 0.101 0.0519 -0.0412
0.185 0.0752 0.103 0.0534 -0.0405
0.186 0.0762 0.104 0.0548 -0.0396
0.187 0.0773 0.106 0.0562 -0.0387
0.188 0.0784 0.107 0.0577 -0.0377
0.189 0.0794 0.108 0.0591 -0.0366
0.19 0.0805 0.11 0.0606 -0.0355
0.191 0.0815 0.111 0.0621 -0.0342
0.192 0.0826 0.112 0.0635 -0.0329
0.193 0.0836 0.114 0.065 -0.0315
0.194 0.0847 0.115 0.0665 -0.03
0.195 0.0857 0.116 0.068 -0.0285
0.196 0.0868 0.118 0.0695 -0.0268
0.197 0.0878 0.119 0.071 -0.0251
0.198 0.0889 0.12 0.0725 -0.0233
0.199 0.0899 0.122 0.074 -0.0214
0.2 0.091 0.123 0.0756 -0.0195
0.201 0.092 0.124 0.0771 -0.0174
0.202 0.0931 0.126 0.0786 -0.0153
0.203 0.0941 0.127 0.0801 -0.0131
0.204 0.0952 0.128 0.0817 -0.0108
0.205 0.0962 0.13 0.0832 -0.00847
0.206 0.0973 0.131 0.0848 -0.00604
0.207 0.0983 0.132 0.0863 -0.00354
0.208 0.0994 0.133 0.0879 -0.000963
0.209 0.1 0.135 0.0894 0.00169
0.21 0.101 0.136 0.091 0.00441
0.211 0.103 0.137 0.0925 0.0072
0.212 0.104 0.138 0.0941 0.0101
0.213 0.105 0.14 0.0956 0.013
0.214 0.106 0.141 0.0972 0.016
0.215 0.107 0.142 0.0988 0.0191
0.216 0.108 0.143 0.1 0.0222
0.217 0.109 0.145 0.102 0.0254
0.218 0.11 0.146 0.103 0.0287
0.219 0.111 0.147 0.105 0.032
0.22 0.112 0.148 0.107 0.0354
0.221 0.113 0.15 0.108 0.0389
0.222 0.114 0.151 0.11 0.0424
0.223 0.115 0.152 0.111 0.046
0.224 0.116 0.153 0.113 0.0496
0.225 0.117 0.154 0.114 0.0533
0.226 0.118 0.155 0.116 0.057
0.227 0.119 0.157 0.117 0.0608
0.228 0.12 0.158 0.119 0.0647
0.229 0.121 0.159 0.12 0.0686
0.23 0.122 0.16 0.122 0.0725
0.231 0.123 0.161 0.124 0.0765
0.232 0.124 0.162 0.125 0.0805
0.233 0.125 0.164 0.127 0.0846
0.234 0.126 0.165 0.128 0.0887
0.235 0.127 0.166 0.13 0.0929
0.236 0.129 0.167 0.131 0.097
0.237 0.13 0.168 0.133 0.101
0.238 0.131 0.169 0.134 0.105
0.239 0.132 0.17 0.136 0.11
0.24 0.133 0.171 0.137 0.114
0.241 0.134 0.172 0.138 0.118
0.242 0.135 0.173 0.14 0.123
0.243 0.136 0.175 0.141 0.127
0.244 0.137 0.176 0.143 0.131
0.245 0.138 0.177 0.144 0.136
0.246 0.139 0.178 0.146 0.14
0.247 0.14 0.179 0.147 0.145
0.248 0.141 0.18 0.148 0.149
0.249 0.142 0.181 0.15 0.153
0.25 0.143 0.182 0.151 0.158
0.251 0.144 0.183 0.153 0.162
0.252 0.145 0.184 0.154 0.167
0.253 0.146 0.185 0.155 0.171
0.254 0.147 0.186 0.157 0.175
0.255 0.148 0.187 0.158 0.18
0.256 0.149 0.188 0.159 0.184
0.257 0.15 0.189 0.161 0.188
0.258 0.151 0.19 0.162 0.193
0.259 0.152 0.191 0.163 0.197
0.26 0.153 0.192 0.164 0.201
0.261 0.154 0.193 0.166 0.205
0.262 0.155 0.194 0.167 0.209
0.263 0.156 0.195 0.168 0.213
0.264 0.157 0.196 0.169 0.217
0.265 0.158 0.197 0.171 0.221
0.266 0.159 0.197 0.172 0.225
0.267 0.16 0.198 0.173 0.229
0.268 0.161 0.199 0.174 0.233
0.269 0.162 0.2 0.175 0.236
0.27 0.163 0.201 0.176 0.24
0.271 0.164 0.202 0.178 0.243
0.272 0.165 0.203 0.179 0.247
0.273 0.166 0.204 0.18 0.25
0.274 0.168 0.205 0.181 0.253
0.275 0.169 0.205 0.182 0.257
0.276 0.17 0.206 0.183 0.26
0.277 0.171 0.207 0.184 0.263
0.278 0.172 0.208 0.185 0.266
0.279 0.173 0.209 0.186 0.268
0.28 0.174 0.21 0.187 0.271
0.281 0.175 0.21 0.188 0.274
0.282 0.176 0.211 0.189 0.276
0.283 0.177 0.212 0.19 0.278
0.284 0.178 0.213 0.191 0.28
0.285 0.179 0.214 0.192 0.283
0.286 0.18 0.215 0.193 0.284
0.287 0.181 0.215 0.194 0.286
0.288 0.182 0.216 0.194 0.288
0.289 0.183 0.217 0.195 0.29
0.29 0.184 0.218 0.196 0.291
0.291 0.185 0.218 0.197 0.292
0.292 0.186 0.219 0.198 0.294
0.293 0.187 0.22 0.199 0.295
0.294 0.188 0.221 0.199 0.296
0.295 0.189 0.221 0.2 0.296
0.296 0.19 0.222 0.201 0.297
0.297 0.191 0.223 0.202 0.298
0.298 0.192 0.224 0.203 0.298
0.299 0.193 0.224 0.203 0.298
0.3 0.194 0.225 0.204 0.299
0.301 0.195 0.226 0.205 0.299
0.302 0.196 0.226 0.205 0.299
0.303 0.197 0.227 0.206 0.299
0.304 0.198 0.228 0.207 0.298
0.305 0.199 0.228 0.207 0.298
0.306 0.2 0.229 0.208 0.298
0.307 0.201 0.23 0.209 0.297
0.308 0.202 0.23 0.209 0.296
0.309 0.203 0.231 0.21 0.296
0.31 0.204 0.232 0.21 0.295
0.311 0.205 0.232 0.211 0.294
0.312 0.206 0.233 0.212 0.293
0.313 0.207 0.234 0.212 0.292
0.314 0.208 0.234 0.213 0.29
0.315 0.209 0.235 0.213 0.289
0.316 0.21 0.235 0.214 0.288
0.317 0.211 0.236 0.214 0.286
0.318 0.212 0.237 0.215 0.285
0.319 0.213 0.237 0.215 0.283
0.32 0.214 0.238 0.216 0.282
0.321 0.215 0.238 0.216 0.28
0.322 0.216 0.239 0.217 0.278
0.323 0.217 0.24 0.217 0.277
0.324 0.218 0.24 0.218 0.275
0.325 0.219 0.241 0.218 0.273
0.326 0.22 0.241 0.218 0.271
0.327 0.221 0.242 0.219 0.269
0.328 0.222 0.242 0.219 0.268
0.329 0.223 0.243 0.22 0.266
0.33 0.224 0.243 0.22 0.264
0.331 0.225 0.244 0.221 0.262
0.332 0.226 0.245 0.221 0.26
0.333 0.227 0.245 0.221 0.258
0.334 0.228 0.246 0.222 0.256
0.335 0.229 0.246 0.222 0.254
0.336 0.23 0.247 0.222 0.252
0.337 0.231 0.247 0.223 0.251
0.338 0.232 0.248 0.223 0.249
0.339 0.233 0.248 0.223 0.247
0.34 0.234 0.249 0.224 0.245
0.341 0.235 0.249 0.224 0.243
0.342 0.236 0.25 0.225 0.242
0.343 0.237 0.25 0.225 0.24
0.344 0.238 0.251 0.225 0.238
0.345 0.239 0.251 0.225 0.236
0.346 0.24 0.251 0.226 0.235
0.347 0.24 0.252 0.226 0.233
0.348 0.241 0.252 0.226 0.232
0.349 0.242 0.253 0.227 0.23
0.35 0.243 0.253 0.227 0.229
0.351 0.244 0.254 0.227 0.227
0.352 0.245 0.254 0.228 0.226
0.353 0.246 0.255 0.228 0.225
0.354 0.247 0.255 0.228 0.223
0.355 0.248 0.256 0.229 0.222
0.356 0.249 0.256 0.229 0.221
0.357 0.25 0.256 0.229 0.22
0.358 0.251 0.257 0.23 0.219
0.359 0.252 0.257 0.23 0.218
0.36 0.253 0.258 0.23 0.217
0.361 0.254 0.258 0.231 0.216
0.362 0.255 0.259 0.231 0.215
0.363 0.256 0.259 0.231 0.214
0.364 0.257 0.259 0.231 0.213
0.365 0.258 0.26 0.232 0.213
0.366 0.259 0.26 0.232 0.212
0.367 0.26 0.261 0.232 0.212
0.368 0.261 0.261 0.233 0.211
0.369 0.262 0.261 0.233 0.211
0.37 0.263 0.262 0.233 0.21
0.371 0.264 0.262 0.234 0.21
0.372 0.265 0.263 0.234 0.209
0.373 0.266 0.263 0.234 0.209
0.374 0.267 0.263 0.235 0.209
0.375 0.268 0.264 0.235 0.209
0.376 0.269 0.264 0.236 0.209
0.377 0.27 0.265 0.236 0.209
0.378 0.271 0.265 0.236 0.209
0.379 0.272 0.265 0.237 0.209
0.38 0.273 0.266 0.237 0.209
0.381 0.274 0.266 0.237 0.209
0.382 0.275 0.266 0.238 0.209
0.383 0.275 0.267 0.238 0.21
0.384 0.276 0.267 0.239 0.21
0.385 0.277 0.267 0.239 0.21
0.386 0.278 0.268 0.24 0.211
0.387 0.279 0.268 0.24 0.211
0.388 0.28 0.269 0.24 0.212
0.389 0.281 0.269 0.241 0.212
0.39 0.282 0.269 0.241 0.213
0.391 0.283 0.27 0.242 0.214
0.392 0.284 0.27 0.242 0.214
0.393 0.285 0.27 0.243 0.215
0.394 0.286 0.271 0.243 0.216
0.395 0.287 0.271 0.244 0.217
0.396 0.288 0.271 0.244 0.217
0.397 0.289 0.272 0.245 0.218
0.398 0.29 0.272 0.245 0.219
0.399 0.291 0.273 0.246 0.22
0.4 0.292 0.273 0.246 0.221
0.401 0.293 0.273 0.247 0.222
0.402 0.294 0.274 0.247 0.223
0.403 0.295 0.274 0.248 0.224
0.404 0.296 0.274 0.249 0.225
0.405 0.297 0.275 0.249 0.227
0.406 0.297 0.275 0.25 0.228
0.407 0.298 0.275 0.25 0.229
0.408 0.299 0.276 0.251 0.23
0.409 0.3 0.276 0.252 0.231
0.41 0.301 0.276 0.252 0.233
0.411 0.302 0.277 0.253 0.234
0.412 0.303 0.277 0.254 0.235
0.413 0.304 0.278 0.254 0.237
0.414 0.305 0.278 0.255 0.238
0.415 0.306 0.278 0.256 0.239
0.416 0.307 0.279 0.257 0.241
0.417 0.308 0.279 0.257 0.242
0.418 0.309 0.279 0.258 0.244
0.419 0.31 0.28 0.259 0.245
0.42 0.311 0.28 0.26 0.247
0.421 0.312 0.28 0.26 0.248
0.422 0.313 0.281 0.261 0.25
0.423 0.314 0.281 0.262 0.251
0.424 0.315 0.282 0.263 0.253
0.425 0.315 0.282 0.264 0.254
0.426 0.316 0.282 0.265 0.256
0.427 0.317 0.283 0.266 0.257
0.428 0.318 0.283 0.266 0.259
0.429 0.319 0.283 0.267 0.26
0.43 0.32 0.284 0.268 0.262
0.431 0.321 0.284 0.269 0.263
0.432 0.322 0.285 0.27 0.265
0.433 0.323 0.285 0.271 0.266
0.434 0.324 0.285 0.272 0.268
0.435 0.325 0.286 0.273 0.27
0.436 0.326 0.286 0.274 0.271
0.437 0.327 0.287 0.275 0.273
0.438 0.328 0.287 0.276 0.274
0.439 0.329 0.287 0.277 0.276
0.44 0.33 0.288 0.278 0.277
0.441 0.33 0.288 0.279 0.279
0.442 0.331 0.289 0.28 0.28
0.443 0.332 0.289 0.282 0.282
0.444 0.333 0.289 0.283 0.283
0.445 0.334 0.29 0.284 0.285
0.446 0.335 0.29 0.285 0.286
0.447 0.336 0.291 0.286 0.288
0.448 0.337 0.291 0.287 0.289
0.449 0.338 0.292 0.289 0.291
0.45 0.339 0.292 0.29 0.292
0.451 0.34 0.292 0.291 0.294
0.452 0.341 0.293 0.292 0.295
0.453 0.342 0.293 0.293 0.297
0.454 0.343 0.294 0.295 0.298
0.455 0.344 0.294 0.296 0.3
0.456 0.344 0.295 0.297 0.301
0.457 0.345 0.295 0.299 0.302
0.458 0.346 0.296 0.3 0.304
0.459 0.347 0.296 0.301 0.305
0.46 0.348 0.296 0.303 0.306
0.461 0.349 0.297 0.304 0.308
0.462 0.35 0.297 0.306 0.309
0.463 0.351 0.298 0.307 0.31
0.464 0.352 0.298 0.308 0.312
0.465 0.353 0.299 0.31 0.313
0.466 0.354 0.299 0.311 0.314
0.467 0.355 0.3 0.313 0.316
0.468 0.356 0.3 0.314 0.317
0.469 0.356 0.301 0.316 0.318
0.47 0.357 0.301 0.317 0.319
0.471 0.358 0.302 0.319 0.32
0.472 0.359 0.302 0.32 0.322
0.473 0.36 0.303 0.322 0.323
0.474 0.361 0.303 0.323 0.324
0.475 0.362 0.304 0.325 0.325
0.476 0.363 0.305 0.327 0.326
0.477 0.364 0.305 0.328 0.328
0.478 0.365 0.306 0.33 0.329
0.479 0.366 0.306 0.331 0.33
0.48 0.367 0.307 0.333 0.331
0.481 0.367 0.307 0.335 0.332
0.482 0.368 0.308 0.336 0.333
0.483 0.369 0.308 0.338 0.335
0.484 0.37 0.309 0.34 0.336
0.485 0.371 0.31 0.342 0.337
0.486 0.372 0.31 0.343 0.338
0.487 0.373 0.311 0.345 0.339
0.488 0.374 0.311 0.347 0.34
0.489 0.375 0.312 0.348 0.342
0.49 0.376 0.313 0.35 0.343
0.491 0.377 0.313 0.352 0.344
0.492 0.378 0.314 0.354 0.345
0.493 0.378 0.315 0.356 0.346
0.494 0.379 0.315 0.357 0.348
0.495 0.38 0.316 0.359 0.349
0.496 0.381 0.316 0.361 0.35
0.497 0.382 0.317 0.363 0.351
0.498 0.383 0.318 0.365 0.353
0.499 0.384 0.318 0.367 0.354
0.5 0.385 0.319 0.368 0.355
0.501 0.386 0.32 0.37 0.357
0.502 0.387 0.32 0.372 0.358
0.503 0.388 0.321 0.374 0.36
0.504 0.388 0.322 0.376 0.361
0.505 0.389 0.323 0.378 0.363
0.506 0.39 0.323 0.38 0.364
0.507 0.391 0.324 0.382 0.366
0.508 0.392 0.325 0.384 0.367
0.509 0.393 0.325 0.385 0.369
0.51 0.394 0.326 0.387 0.371
0.511 0.395 0.327 0.389 0.372
0.512 0.396 0.328 0.391 0.374
0.513 0.397 0.328 0.393 0.376
0.514 0.397 0.329 0.395 0.377
0.515 0.398 0.33 0.397 0.379
0.516 0.399 0.331 0.399 0.381
0.517 0.4 0.332 0.401 0.383
0.518 0.401 0.332 0.403 0.385
0.519 0.402 0.333 0.405 0.387
0.52 0.403 0.334 0.407 0.389
0.521 0.404 0.335 0.409 0.391
0.522 0.405 0.336 0.411 0.393
0.523 0.406 0.336 0.412 0.395
0.524 0.406 0.337 0.414 0.398
0.525 0.407 0.338 0.416 0.4
0.526 0.408 0.339 0.418 0.402
0.527 0.409 0.34 0.42 0.404
0.528 0.41 0.341 0.422 0.407
0.529 0.411 0.342 0.424 0.409
0.53 0.412 0.343 0.426 0.411
0.531 0.413 0.343 0.428 0.414
0.532 0.414 0.344 0.43 0.416
0.533 0.415 0.345 0.432 0.419
0.534 0.415 0.346 0.434 0.421
0.535 0.416 0.347 0.435 0.424
0.536 0.417 0.348 0.437 0.427
0.537 0.418 0.349 0.439 0.429
0.538 0.419 0.35 0.441 0.432
0.539 0.42 0.351 0.443 0.435
0.54 0.421 0.352 0.445 0.437
0.541 0.422 0.353 0.447 0.44
0.542 0.423 0.354 0.448 0.443
0.543 0.423 0.355 0.45 0.446
0.544 0.424 0.356 0.452 0.448
0.545 0.425 0.357 0.454 0.451
0.546 0.426 0.358 0.455 0.454
0.547 0.427 0.359 0.457 0.457
0.548 0.428 0.36 0.459 0.46
0.549 0.429 0.361 0.461 0.463
0.55 0.43 0.362 0.462 0.466
0.551 0.431 0.363 0.464 0.469
0.552 0.432 0.364 0.466 0.471
0.553 0.432 0.365 0.467 0.474
0.554 0.433 0.366 0.469 0.477
0.555 0.434 0.367 0.471 0.48
0.556 0.435 0.368 0.472 0.483
0.557 0.436 0.37 0.474 0.486
0.558 0.437 0.371 0.475 0.489
0.559 0.438 0.372 0.477 0.492
0.56 0.439 0.373 0.478 0.495
0.561 0.439 0.374 0.48 0.497
0.562 0.44 0.375 0.481 0.5
0.563 0.441 0.376 0.483 0.503
0.564 0.442 0.378 0.484 0.506
0.565 0.443 0.379 0.486 0.509
0.566 0.444 0.38 0.487 0.511
0.567 0.445 0.381 0.488 0.514
0.568 0.446 0.382 0.49 0.517
0.569 0.447 0.384 0.491 0.519
0.57 0.447 0.385 0.492 0.522
0.571 0.448 0.386 0.494 0.525
0.572 0.449 0.387 0.495 0.527
0.573 0.45 0.389 0.496 0.53
0.574 0.451 0.39 0.497 0.532
0.575 0.452 0.391 0.498 0.534
0.576 0.453 0.392 0.499 0.537
0.577 0.454 0.394 0.5 0.539
0.578 0.455 0.395 0.502 0.541
0.579 0.455 0.396 0.503 0.543
0.58 0.456 0.398 0.504 0.545
0.581 0.457 0.399 0.505 0.547
0.582 0.458 0.4 0.505 0.549
0.583 0.459 0.402 0.506 0.551
0.584 0.46 0.403 0.507 0.553
0.585 0.461 0.404 0.508 0.555
0.586 0.462 0.406 0.509 0.556
0.587 0.462 0.407 0.51 0.558
0.588 0.463 0.409 0.511 0.559
0.589 0.464 0.41 0.511 0.561
0.59 0.465 0.411 0.512 0.562
0.591 0.466 0.413 0.513 0.563
0.592 0.467 0.414 0.513 0.565
0.593 0.468 0.416 0.514 0.566
0.594 0.469 0.417 0.514 0.567
0.595 0.469 0.419 0.515 0.567
0.596 0.47 0.42 0.515 0.568
0.597 0.471 0.422 0.516 0.569
0.598 0.472 0.423 0.516 0.569
0.599 0.473 0.425 0.517 0.57
0.6 0.474 0.426 0.517 0.57
0.601 0.475 0.428 0.517 0.57
0.602 0.476 0.429 0.518 0.57
0.603 0.477 0.431 0.518 0.57
0.604 0.477 0.432 0.518 0.57
0.605 0.478 0.434 0.519 0.57
0.606 0.479 0.435 0.519 0.569
0.607 0.48 0.437 0.519 0.569
0.608 0.481 0.438 0.519 0.568
0.609 0.482 0.44 0.519 0.567
0.61 0.483 0.442 0.519 0.567
0.611 0.484 0.443 0.519 0.566
0.612 0.484 0.445 0.519 0.565
0.613 0.485 0.446 0.519 0.563
0.614 0.486 0.448 0.519 0.562
0.615 0.487 0.45 0.519 0.56
0.616 0.488 0.451 0.519 0.559
0.617 0.489 0.453 0.519 0.557
0.618 0.49 0.455 0.519 0.555
0.619 0.491 0.456 0.519 0.553
0.62 0.491 0.458 0.518 0.551
0.621 0.492 0.46 0.518 0.549
0.622 0.493 0.461 0.518 0.547
0.623 0.494 0.463 0.518 0.545
0.624 0.495 0.465 0.518 0.542
0.625 0.496 0.466 0.517 0.54
0.626 0.497 0.468 0.517 0.537
0.627 0.497 0.47 0.517 0.534
0.628 0.498 0.472 0.516 0.531
0.629 0.499 0.473 0.516 0.528
0.63 0.5 0.475 0.515 0.525
0.631 0.501 0.477 0.515 0.522
0.632 0.502 0.479 0.515 0.519
0.633 0.503 0.48 0.514 0.516
0.634 0.504 0.482 0.514 0.513
0.635 0.504 0.484 0.513 0.51
0.636 0.505 0.486 0.513 0.506
0.637 0.506 0.488 0.512 0.503
0.638 0.507 0.489 0.512 0.499
0.639 0.508 0.491 0.511 0.496
0.64 0.509 0.493 0.511 0.493
0.641 0.51 0.495 0.51 0.489
0.642 0.511 0.497 0.51 0.486
0.643 0.511 0.499 0.509 0.482
0.644 0.512 0.5 0.509 0.479
0.645 0.513 0.502 0.508 0.475
0.646 0.514 0.504 0.507 0.472
0.647 0.515 0.506 0.507 0.469
0.648 0.516 0.508 0.506 0.466
0.649 0.517 0.51 0.506 0.462
0.65 0.518 0.512 0.505 0.459
0.651 0.518 0.514 0.505 0.456
0.652 0.519 0.515 0.504 0.453
0.653 0.52 0.517 0.504 0.45
0.654 0.521 0.519 0.503 0.448
0.655 0.522 0.521 0.503 0.445
0.656 0.523 0.523 0.502 0.442
0.657 0.524 0.525 0.502 0.44
0.658 0.525 0.527 0.501 0.437
0.659 0.525 0.529 0.501 0.435
0.66 0.526 0.531 0.5 0.433
0.661 0.527 0.533 0.5 0.431
0.662 0.528 0.535 0.499 0.429
0.663 0.529 0.537 0.499 0.428
0.664 0.53 0.539 0.498 0.426
0.665 0.531 0.541 0.498 0.425
0.666 0.531 0.543 0.498 0.424
0.667 0.532 0.544 0.497 0.423
0.668 0.533 0.546 0.497 0.422
0.669 0.534 0.548 0.497 0.421
0.67 0.535 0.55 0.496 0.421
0.671 0.536 0.552 0.496 0.42
0.672 0.537 0.554 0.496 0.42
0.673 0.538 0.556 0.496 0.42
0.674 0.538 0.558 0.496 0.421
0.675 0.539 0.56 0.495 0.421
0.676 0.54 0.562 0.495 0.421
0.677 0.541 0.564 0.495 0.422
0.678 0.542 0.566 0.495 0.423
0.679 0.543 0.568 0.495 0.424
0.68 0.544 0.57 0.495 0.425
0.681 0.545 0.572 0.495 0.426
0.682 0.545 0.574 0.495 0.428
0.683 0.546 0.576 0.495 0.43
0.684 0.547 0.578 0.496 0.431
0.685 0.548 0.58 0.496 0.433
0.686 0.549 0.582 0.496 0.435
0.687 0.55 0.584 0.496 0.437
0.688 0.551 0.586 0.497 0.44
0.689 0.552 0.588 0.497 0.442
0.69 0.552 0.59 0.497 0.445
0.691 0.553 0.592 0.498 0.448
0.692 0.554 0.594 0.498 0.45
0.693 0.555 0.596 0.499 0.453
0.694 0.556 0.598 0.499 0.456
0.695 0.557 0.6 0.5 0.459
0.696 0.558 0.602 0.501 0.462
0.697 0.559 0.604 0.501 0.466
0.698 0.559 0.606 0.502 0.469
0.699 0.56 0.608 0.503 0.472
0.7 0.561 0.61 0.504 0.476
0.701 0.562 0.612 0.504 0.479
0.702 0.563 0.614 0.505 0.483
0.703 0.564 0.616 0.506 0.487
0.704 0.565 0.618 0.507 0.49
0.705 0.566 0.619 0.508 0.494
0.706 0.566 0.621 0.509 0.498
0.707 0.567 0.623 0.51 0.501
0.708 0.568 0.625 0.512 0.505
0.709 0.569 0.627 0.513 0.509
0.71 0.57 0.629 0.514 0.513
0.711 0.571 0.631 0.515 0.517
0.712 0.572 0.633 0.517 0.52
0.713 0.573 0.635 0.518 0.524
0.714 0.573 0.637 0.52 0.528
0.715 0.574 0.639 0.521 0.532
0.716 0.575 0.64 0.523 0.536
0.717 0.576 0.642 0.524 0.539
0.718 0.577 0.644 0.526 0.543
0.719 0.578 0.646 0.528 0.547
0.72 0.579 0.648 0.529 0.551
0.721 0.58 0.65 0.531 0.554
0.722 0.58 0.651 0.533 0.558
0.723 0.581 0.653 0.535 0.561
0.724 0.582 0.655 0.536 0.565
0.725 0.583 0.657 0.538 0.568
0.726 0.584 0.659 0.54 0.572
0.727 0.585 0.66 0.542 0.575
0.728 0.586 0.662 0.544 0.579
0.729 0.587 0.664 0.546 0.582
0.73 0.587 0.666 0.548 0.585
0.731 0.588 0.667 0.551 0.588
0.732 0.589 0.669 0.553 0.592
0.733 0.59 0.671 0.555 0.595
0.734 0.591 0.673 0.557 0.598
0.735 0.592 0.674 0.559 0.601
0.736 0.593 0.676 0.562 0.603
0.737 0.594 0.678 0.564 0.606
0.738 0.595 0.679 0.566 0.609
0.739 0.595 0.681 0.569 0.612
0.74 0.596 0.682 0.571 0.614
0.741 0.597 0.684 0.574 0.617
0.742 0.598 0.686 0.576 0.619
0.743 0.599 0.687 0.579 0.622
0.744 0.6 0.689 0.581 0.624
0.745 0.601 0.69 0.584 0.626
0.746 0.602 0.692 0.586 0.629
0.747 0.603 0.693 0.589 0.631
0.748 0.603 0.695 0.592 0.633
0.749 0.604 0.696 0.594 0.635
0.75 0.605 0.698 0.597 0.637
0.751 0.606 0.699 0.599 0.639
0.752 0.607 0.701 0.602 0.641
0.753 0.608 0.702 0.605 0.643
0.754 0.609 0.704 0.607 0.644
0.755 0.61 0.705 0.61 0.646
0.756 0.611 0.706 0.613 0.648
0.757 0.611 0.708 0.616 0.649
0.758 0.612 0.709 0.618 0.651
0.759 0.613 0.711 0.621 0.653
0.76 0.614 0.712 0.624 0.654
0.761 0.615 0.713 0.627 0.656
0.762 0.616 0.714 0.629 0.657
0.763 0.617 0.716 0.632 0.658
0.764 0.618 0.717 0.635 0.66
0.765 0.619 0.718 0.638 0.661
0.766 0.619 0.719 0.64 0.662
0.767 0.62 0.721 0.643 0.664
0.768 0.621 0.722 0.646 0.665
0.769 0.622 0.723 0.649 0.666
0.77 0.623 0.724 0.651 0.668
0.771 0.624 0.725 0.654 0.669
0.772 0.625 0.726 0.657 0.67
0.773 0.626 0.727 0.66 0.672
0.774 0.627 0.728 0.662 0.673
0.775 0.628 0.729 0.665 0.674
0.776 0.628 0.73 0.668 0.676
0.777 0.629 0.731 0.67 0.677
0.778 0.63 0.732 0.673 0.678
0.779 0.631 0.733 0.676 0.68
0.78 0.632 0.734 0.678 0.681
0.781 0.633 0.735 0.681 0.683
0.782 0.634 0.736 0.684 0.684
0.783 0.635 0.737 0.686 0.686
0.784 0.636 0.738 0.689 0.688
0.785 0.637 0.738 0.691 0.689
0.786 0.638 0.739 0.694 0.691
0.787 0.638 0.74 0.696 0.693
0.788 0.639 0.741 0.699 0.695
0.789 0.64 0.742 0.701 0.697
0.79 0.641 0.742 0.703 0.699
0.791 0.642 0.743 0.706 0.701
0.792 0.643 0.744 0.708 0.703
0.793 0.644 0.744 0.711 0.705
0.794 0.645 0.745 0.713 0.707
0.795 0.646 0.746 0.715 0.71
0.796 0.647 0.746 0.717 0.712
0.797 0.648 0.747 0.72 0.714
0.798 0.649 0.747 0.722 0.717
0.799 0.649 0.748 0.724 0.719
0.8 0.65 0.748 0.726 0.722
0.801 0.651 0.749 0.728 0.724
0.802 0.652 0.749 0.73 0.727
0.803 0.653 0.75 0.732 0.73
0.804 0.654 0.75 0.734 0.732
0.805 0.655 0.75 0.736 0.735
0.806 0.656 0.751 0.738 0.738
0.807 0.657 0.751 0.74 0.741
0.808 0.658 0.751 0.742 0.743
0.809 0.659 0.752 0.744 0.746
0.81 0.66 0.752 0.745 0.749
0.811 0.661 0.752 0.747 0.752
0.812 0.661 0.753 0.749 0.754
0.813 0.662 0.753 0.75 0.757
0.814 0.663 0.753 0.752 0.76
0.815 0.664 0.753 0.754 0.762
0.816 0.665 0.753 0.755 0.765
0.817 0.666 0.753 0.757 0.767
0.818 0.667 0.754 0.758 0.769
0.819 0.668 0.754 0.759 0.772
0.82 0.669 0.754 0.761 0.774
0.821 0.67 0.754 0.762 0.776
0.822 0.671 0.754 0.763 0.778
0.823 0.672 0.754 0.765 0.78
0.824 0.673 0.754 0.766 0.782
0.825 0.674 0.754 0.767 0.784
0.826 0.675 0.754 0.768 0.786
0.827 0.675 0.754 0.769 0.787
0.828 0.676 0.754 0.77 0.788
0.829 0.677 0.754 0.771 0.79
0.83 0.678 0.753 0.772 0.791
0.831 0.679 0.753 0.773 0.792
0.832 0.68 0.753 0.774 0.793
0.833 0.681 0.753 0.775 0.793
0.834 0.682 0.753 0.776 0.794
0.835 0.683 0.753 0.776 0.795
0.836 0.684 0.752 0.777 0.795
0.837 0.685 0.752 0.778 0.795
0.838 0.686 0.752 0.778 0.795
0.839 0.687 0.751 0.779 0.795
0.84 0.688 0.751 0.779 0.795
0.841 0.689 0.751 0.78 0.794
0.842 0.69 0.75 0.78 0.794
0.843 0.691 0.75 0.78 0.793
0.844 0.692 0.75 0.781 0.792
0.845 0.693 0.749 0.781 0.791
0.846 0.694 0.749 0.781 0.79
0.847 0.695 0.749 0.781 0.789
0.848 0.695 0.748 0.782 0.788
0.849 0.696 0.748 0.782 0.786
0.85 0.697 0.747 0.782 0.785
0.851 0.698 0.747 0.782 0.783
0.852 0.699 0.746 0.782 0.781
0.853 0.7 0.746 0.782 0.779
0.854 0.701 0.745 0.782 0.777
0.855 0.702 0.745 0.781 0.775
0.856 0.703 0.744 0.781 0.773
0.857 0.704 0.744 0.781 0.77
0.858 0.705 0.743 0.781 0.768
0.859 0.706 0.742 0.78 0.766
0.86 0.707 0.742 0.78 0.763
0.861 0.708 0.741 0.78 0.761
0.862 0.709 0.741 0.779 0.758
0.863 0.71 0.74 0.779 0.755
0.864 0.711 0.739 0.778 0.752
0.865 0.712 0.739 0.778 0.75
0.866 0.713 0.738 0.777 0.747
0.867 0.714 0.737 0.776 0.744
0.868 0.715 0.737 0.776 0.741
0.869 0.716 0.736 0.775 0.738
0.87 0.717 0.735 0.774 0.735
0.871 0.718 0.734 0.773 0.733
0.872 0.719 0.734 0.773 0.73
0.873 0.72 0.733 0.772 0.727
0.874 0.721 0.732 0.771 0.724
0.875 0.722 0.732 0.77 0.722
0.876 0.723 0.731 0.769 0.719
0.877 0.724 0.73 0.768 0.716
0.878 0.725 0.729 0.767 0.714
0.879 0.726 0.729 0.766 0.711
0.88 0.727 0.728 0.765 0.709
0.881 0.728 0.727 0.764 0.707
0.882 0.729 0.726 0.763 0.705
0.883 0.73 0.725 0.761 0.703
0.884 0.731 0.725 0.76 0.701
0.885 0.732 0.724 0.759 0.7
0.886 0.733 0.723 0.758 0.698
0.887 0.734 0.722 0.756 0.697
0.888 0.735 0.722 0.755 0.696
0.889 0.736 0.721 0.754 0.695
0.89 0.737 0.72 0.753 0.695
0.891 0.738 0.719 0.751 0.695
0.892 0.739 0.718 0.75 0.695
0.893 0.74 0.718 0.749 0.695
0.894 0.741 0.717 0.747 0.696
0.895 0.742 0.716 0.746 0.697
0.896 0.743 0.715 0.745 0.699
0.897 0.744 0.715 0.743 0.701
0.898 0.745 0.714 0.742 0.703
0.899 0.746 0.713 0.74 0.706
0.9 0.747 0.712 0.739 0.709
0.901 0.748 0.712 0.738 0.713
0.902 0.749 0.711 0.737 0.717
0.903 0.751 0.71 0.735 0.722
0.904 0.752 0.709 0.734 0.727
0.905 0.753 0.709 0.733 0.732
0.906 0.754 0.708 0.732 0.739
0.907 0.755 0.707 0.73 0.745
0.908 0.756 0.707 0.729 0.752
0.909 0.757 0.706 0.728 0.76
0.91 0.758 0.705 0.727 0.768
0.911 0.759 0.705 0.726 0.776
0.912 0.76 0.704 0.725 0.784
0.913 0.761 0.703 0.724 0.793
0.914 0.762 0.703 0.724 0.802
0.915 0.763 0.702 0.723 0.81
0.916 0.764 0.702 0.722 0.819
0.917 0.765 0.701 0.722 0.827
0.918 0.766 0.701 0.721 0.835
0.919 0.767 0.7 0.721 0.842
0.92 0.769 0.7 0.72 0.848
0.921 0.77 0.699 0.72 0.854
0.922 0.771 0.699 0.72 0.859
0.923 0.772 0.698 0.72 0.862
0.924 0.773 0.698 0.72 0.865
0.925 0.774 0.697 0.72 0.866
0.926 0.775 0.697 0.72 0.866
0.927 0.776 0.697 0.72 0.865
0.928 0.777 0.697 0.721 0.863
0.929 0.778 0.696 0.721 0.859
0.93 0.779 0.696 0.722 0.854
0.931 0.78 0.696 0.722 0.849
0.932 0.782 0.696 0.723 0.842
0.933 0.783 0.696 0.724 0.834
0.934 0.784 0.696 0.725 0.826
0.935 0.785 0.696 0.726 0.818
0.936 0.786 0.696 0.727 0.809
0.937 0.787 0.696 0.728 0.799
0.938 0.788 0.696 0.729 0.79
0.939 0.789 0.696 0.731 0.78
0.94 0.79 0.696 0.732 0.771
0.941 0.792 0.696 0.733 0.762
0.942 0.793 0.697 0.735 0.753
0.943 0.794 0.697 0.736 0.745
0.944 0.795 0.698 0.738 0.736
0.945 0.796 0.698 0.739 0.729
0.946 0.797 0.699 0.741 0.722
0.947 0.798 0.699 0.742 0.715
0.948 0.799 0.7 0.744 0.709
0.949 0.801 0.701 0.746 0.704
0.95 0.802 0.702 0.747 0.699
0.951 0.803 0.703 0.749 0.695
0.952 0.804 0.704 0.75 0.692
0.953 0.805 0.705 0.752 0.69
0.954 0.806 0.706 0.753 0.688
0.955 0.807 0.707 0.755 0.687
0.956 0.809 0.709 0.756 0.687
0.957 0.81 0.71 0.757 0.687
0.958 0.811 0.712 0.759 0.689
0.959 0.812 0.714 0.76 0.691
0.96 0.813 0.715 0.761 0.694
0.961 0.814 0.717 0.762 0.697
0.962 0.816 0.719 0.763 0.702
0.963 0.817 0.722 0.764 0.707
0.964 0.818 0.724 0.765 0.713
0.965 0.819 0.727 0.766 0.719
0.966 0.82 0.73 0.767 0.726
0.967 0.821 0.732 0.768 0.734
0.968 0.823 0.736 0.768 0.743
0.969 0.824 0.739 0.769 0.752
0.97 0.825 0.742 0.769 0.762
0.971 0.826 0.746 0.769 0.772
0.972 0.827 0.75 0.77 0.782
0.973 0.829 0.754 0.77 0.793
0.974 0.83 0.759 0.77 0.804
0.975 0.831 0.764 0.77 0.814
0.976 0.832 0.769 0.77 0.824
0.977 0.833 0.774 0.77 0.833
0.978 0.835 0.78 0.769 0.841
0.979 0.836 0.786 0.769 0.847
0.98 0.837 0.792 0.768 0.851
0.981 0.838 0.799 0.767 0.853
0.982 0.84 0.807 0.766 0.851
0.983 0.841 0.815 0.765 0.845
0.984 0.842 0.823 0.764 0.833
0.985 0.843 0.832 0.763 0.816
0.986 0.845 0.842 0.761 0.793
0.987 0.846 0.852 0.759 0.763
0.988 0.847 0.863 0.757 0.727
0.989 0.848 0.875 0.754 0.685
0.99 0.849 0.888 0.751 0.64
0.991 0.851 0.901 0.747 0.595
0.992 0.852 0.916 0.742 0.554
0.993 0.853 0.932 0.736 0.525
0.994 0.855 0.95 0.729 0.513
0.995 0.856 0.968 0.719 0.528
0.996 0.857 0.989 0.705 0.577
0.997 0.858 1.01 0.684 0.668
0.998 0.86 1.04 0.649 0.807
0.999 0.861 1.06 0.577 1
1 0.862 1.09 0.341 1.26
