    
-1 0.118 -0.134 -0.144 -0.126
-0.999 0.117 -0.128 -0.123 -0.0482
-0.998 0.116 -0.123 -0.102 -0.00833
-0.997 0.115 -0.117 -0.0818 0.0133
-0.996 0.113 -0.111 -0.0623 0.0247
-0.995 0.112 -0.105 -0.0434 0.0298
-0.994 0.111 -0.0997 -0.0254 0.0309
-0.993 0.109 -0.0941 -0.0082 0.0292
-0.992 0.108 -0.0885 0.00798 0.0256
-0.991 0.107 -0.083 0.0231 0.0208
-0.99 0.106 -0.0776 0.0371 0.0151
-0.989 0.104 -0.0722 0.0499 0.00888
-0.988 0.103 -0.0669 0.0615 0.00244
-0.987 0.102 -0.0617 0.0718 -0.00402
-0.986 0.101 -0.0566 0.0808 -0.0103
-0.985 0.0993 -0.0515 0.0885 -0.0162
-0.984 0.0981 -0.0465 0.0949 -0.0216
-0.983 0.0968 -0.0416 0.1 -0.0263
-0.982 0.0956 -0.0367 0.104 -0.0303
-0.981 0.0944 -0.032 0.106 -0.0333
-0.98 0.0931 -0.0273 0.108 -0.0354
-0.979 0.0919 -0.0228 0.108 -0.0365
-0.978 0.0907 -0.0183 0.107 -0.0365
-0.977 0.0894 -0.0139 0.105 -0.0354
-0.976 0.0882 -0.00962 0.102 -0.0333
-0.975 0.087 -0.00543 0.0989 -0.0301
-0.974 0.0858 -0.00135 0.0944 -0.0261
-0.973 0.0846 0.00263 0.0893 -0.0212
-0.972 0.0834 0.00651 0.0836 -0.0157
-0.971 0.0822 0.0103 0.0774 -0.00972
-0.97 0.0809 0.014 0.0708 -0.0034
-0.969 0.0797 0.0175 0.0637 0.00305
-0.968 0.0785 0.021 0.0564 0.00943
-0.967 0.0773 0.0243 0.0489 0.0156
-0.966 0.0761 0.0276 0.0412 0.0213
-0.965 0.075 0.0307 0.0334 0.0265
-0.964 0.0738 0.0338 0.0256 0.0311
-0.963 0.0726 0.0367 0.0179 0.0349
-0.962 0.0714 0.0395 0.0102 0.0379
-0.961 0.0702 0.0422 0.00257 0.0401
-0.96 0.069 0.0448 -0.00486 0.0415
-0.959 0.0678 0.0473 -0.0121 0.0421
-0.958 0.0667 0.0497 -0.0191 0.0419
-0.957 0.0655 0.052 -0.0259 0.0411
-0.956 0.0643 0.0541 -0.0324 0.0396
-0.955 0.0632 0.0562 -0.0386 0.0375
-0.954 0.062 0.0582 -0.0445 0.035
-0.953 0.0608 0.06 -0.05 0.032
-0.952 0.0597 0.0618 -0.0553 0.0287
-0.951 0.0585 0.0634 -0.0602 0.0252
-0.95 0.0574 0.065 -0.0647 0.0215
-0.949 0.0562 0.0665 -0.0689 0.0176
-0.948 0.0551 0.0678 -0.0728 0.0137
-0.947 0.0539 0.0691 -0.0763 0.00982
-0.946 0.0528 0.0703 -0.0794 0.00596
-0.945 0.0516 0.0714 -0.0822 0.00218
-0.944 0.0505 0.0724 -0.0846 -0.00147
-0.943 0.0493 0.0733 -0.0867 -0.00497
-0.942 0.0482 0.0741 -0.0885 -0.00829
-0.941 0.0471 0.0748 -0.0899 -0.0114
-0.94 0.0459 0.0754 -0.0911 -0.0143
-0.939 0.0448 0.076 -0.0919 -0.017
-0.938 0.0437 0.0765 -0.0924 -0.0194
-0.937 0.0426 0.0769 -0.0926 -0.0215
-0.936 0.0414 0.0772 -0.0925 -0.0234
-0.935 0.0403 0.0775 -0.0922 -0.0251
-0.934 0.0392 0.0776 -0.0916 -0.0264
-0.933 0.0381 0.0777 -0.0907 -0.0275
-0.932 0.037 0.0778 -0.0896 -0.0284
-0.931 0.0358 0.0777 -0.0883 -0.029
-0.93 0.0347 0.0776 -0.0867 -0.0293
-0.929 0.0336 0.0775 -0.0849 -0.0294
-0.928 0.0325 0.0772 -0.083 -0.0293
-0.927 0.0314 0.077 -0.0808 -0.0289
-0.926 0.0303 0.0766 -0.0785 -0.0284
-0.925 0.0292 0.0762 -0.076 -0.0276
-0.924 0.0281 0.0757 -0.0733 -0.0266
-0.923 0.027 0.0752 -0.0705 -0.0255
-0.922 0.0259 0.0746 -0.0676 -0.0241
-0.921 0.0248 0.074 -0.0646 -0.0227
-0.92 0.0237 0.0734 -0.0614 -0.021
-0.919 0.0226 0.0726 -0.0581 -0.0193
-0.918 0.0216 0.0719 -0.0548 -0.0174
-0.917 0.0205 0.0711 -0.0514 -0.0154
-0.916 0.0194 0.0702 -0.0479 -0.0133
-0.915 0.0183 0.0693 -0.0443 -0.0111
-0.914 0.0172 0.0684 -0.0407 -0.00889
-0.913 0.0162 0.0675 -0.0371 -0.00659
-0.912 0.0151 0.0665 -0.0334 -0.00425
-0.911 0.014 0.0654 -0.0297 -0.00189
-0.91 0.0129 0.0644 -0.026 0.000484
-0.909 0.0119 0.0633 -0.0223 0.00286
-0.908 0.0108 0.0621 -0.0186 0.00522
-0.907 0.00974 0.061 -0.0149 0.00755
-0.906 0.00867 0.0598 -0.0112 0.00984
-0.905 0.00761 0.0586 -0.00756 0.0121
-0.904 0.00655 0.0573 -0.00394 0.0142
-0.903 0.00549 0.0561 -0.000357 0.0163
-0.902 0.00443 0.0548 0.00318 0.0183
-0.901 0.00338 0.0535 0.00665 0.0202
-0.9 0.00232 0.0522 0.0101 0.0219
-0.899 0.00127 0.0508 0.0134 0.0236
-0.898 0.000221 0.0495 0.0167 0.0251
-0.897 -0.000827 0.0481 0.0199 0.0264
-0.896 -0.00187 0.0467 0.0231 0.0276
-0.895 -0.00292 0.0453 0.0261 0.0286
-0.894 -0.00396 0.0438 0.0291 0.0294
-0.893 -0.00501 0.0424 0.032 0.0301
-0.892 -0.00605 0.0409 0.0348 0.0305
-0.891 -0.00708 0.0395 0.0374 0.0308
-0.89 -0.00812 0.038 0.04 0.0309
-0.889 -0.00916 0.0365 0.0425 0.0308
-0.888 -0.0102 0.035 0.0449 0.0305
-0.887 -0.0112 0.0335 0.0472 0.03
-0.886 -0.0123 0.032 0.0493 0.0293
-0.885 -0.0133 0.0305 0.0514 0.0285
-0.884 -0.0143 0.029 0.0533 0.0275
-0.883 -0.0153 0.0275 0.0552 0.0263
-0.882 -0.0164 0.0259 0.0569 0.0249
-0.881 -0.0174 0.0244 0.0585 0.0234
-0.88 -0.0184 0.0228 0.06 0.0218
-0.879 -0.0194 0.0213 0.0614 0.02
-0.878 -0.0204 0.0198 0.0627 0.0182
-0.877 -0.0215 0.0182 0.0638 0.0162
-0.876 -0.0225 0.0167 0.0649 0.0142
-0.875 -0.0235 0.0151 0.0658 0.0121
-0.874 -0.0245 0.0136 0.0667 0.00996
-0.873 -0.0255 0.012 0.0674 0.00779
-0.872 -0.0265 0.0105 0.068 0.0056
-0.871 -0.0275 0.0089 0.0685 0.00341
-0.87 -0.0285 0.00735 0.0689 0.00123
-0.869 -0.0296 0.00581 0.0692 -0.000927
-0.868 -0.0306 0.00426 0.0694 -0.00304
-0.867 -0.0316 0.00272 0.0695 -0.0051
-0.866 -0.0326 0.00118 0.0695 -0.0071
-0.865 -0.0336 -0.000355 0.0694 -0.00903
-0.864 -0.0346 -0.00189 0.0692 -0.0109
-0.863 -0.0356 -0.00342 0.069 -0.0126
-0.862 -0.0366 -0.00494 0.0686 -0.0143
-0.861 -0.0376 -0.00646 0.0681 -0.0158
-0.86 -0.0385 -0.00798 0.0676 -0.0173
-0.859 -0.0395 -0.00949 0.0669 -0.0186
-0.858 -0.0405 -0.011 0.0662 -0.0198
-0.857 -0.0415 -0.0125 0.0654 -0.0209
-0.856 -0.0425 -0.014 0.0646 -0.0218
-0.855 -0.0435 -0.0155 0.0636 -0.0226
-0.854 -0.0445 -0.017 0.0626 -0.0233
-0.853 -0.0455 -0.0184 0.0615 -0.0239
-0.852 -0.0465 -0.0199 0.0604 -0.0244
-0.851 -0.0474 -0.0214 0.0592 -0.0247
-0.85 -0.0484 -0.0228 0.0579 -0.0249
-0.849 -0.0494 -0.0243 0.0566 -0.0251
-0.848 -0.0504 -0.0257 0.0552 -0.025
-0.847 -0.0514 -0.0272 0.0537 -0.0249
-0.846 -0.0523 -0.0286 0.0522 -0.0247
-0.845 -0.0533 -0.03 0.0506 -0.0244
-0.844 -0.0543 -0.0314 0.049 -0.0239
-0.843 -0.0553 -0.0329 0.0474 -0.0234
-0.842 -0.0562 -0.0343 0.0457 -0.0228
-0.841 -0.0572 -0.0357 0.0439 -0.0221
-0.84 -0.0582 -0.037 0.0421 -0.0213
-0.839 -0.0591 -0.0384 0.0403 -0.0205
-0.838 -0.0601 -0.0398 0.0385 -0.0196
-0.837 -0.0611 -0.0411 0.0366 -0.0186
-0.836 -0.062 -0.0425 0.0346 -0.0175
-0.835 -0.063 -0.0439 0.0327 -0.0164
-0.834 -0.064 -0.0452 0.0307 -0.0152
-0.833 -0.0649 -0.0465 0.0287 -0.014
-0.832 -0.0659 -0.0478 0.0266 -0.0127
-0.831 -0.0669 -0.0492 0.0246 -0.0114
-0.83 -0.0678 -0.0505 0.0225 -0.0101
-0.829 -0.0688 -0.0518 0.0204 -0.00872
-0.828 -0.0697 -0.0531 0.0182 -0.00732
-0.827 -0.0707 -0.0543 0.0161 -0.00589
-0.826 -0.0716 -0.0556 0.0139 -0.00444
-0.825 -0.0726 -0.0569 0.0117 -0.00297
-0.824 -0.0736 -0.0581 0.00953 -0.00149
-0.823 -0.0745 -0.0594 0.00732 -1.97e-06
-0.822 -0.0755 -0.0606 0.0051 0.00149
-0.821 -0.0764 -0.0619 0.00288 0.00299
-0.82 -0.0774 -0.0631 0.000641 0.00448
-0.819 -0.0783 -0.0643 -0.0016 0.00597
-0.818 -0.0793 -0.0655 -0.00385 0.00745
-0.817 -0.0802 -0.0667 -0.00611 0.00892
-0.816 -0.0811 -0.0679 -0.00836 0.0104
-0.815 -0.0821 -0.0691 -0.0106 0.0118
-0.814 -0.083 -0.0702 -0.0129 0.0132
-0.813 -0.084 -0.0714 -0.0152 0.0146
-0.812 -0.0849 -0.0726 -0.0174 0.0159
-0.811 -0.0859 -0.0737 -0.0197 0.0173
-0.81 -0.0868 -0.0749 -0.0219 0.0185
-0.809 -0.0877 -0.076 -0.0242 0.0198
-0.808 -0.0887 -0.0771 -0.0265 0.021
-0.807 -0.0896 -0.0783 -0.0287 0.0221
-0.806 -0.0906 -0.0794 -0.0309 0.0232
-0.805 -0.0915 -0.0805 -0.0332 0.0242
-0.804 -0.0924 -0.0816 -0.0354 0.0252
-0.803 -0.0934 -0.0827 -0.0376 0.0261
-0.802 -0.0943 -0.0837 -0.0399 0.0269
-0.801 -0.0952 -0.0848 -0.0421 0.0277
-0.8 -0.0962 -0.0859 -0.0443 0.0284
-0.799 -0.0971 -0.0869 -0.0465 0.029
-0.798 -0.098 -0.088 -0.0486 0.0295
-0.797 -0.099 -0.089 -0.0508 0.0299
-0.796 -0.0999 -0.0901 -0.053 0.0302
-0.795 -0.101 -0.0911 -0.0551 0.0305
-0.794 -0.102 -0.0921 -0.0573 0.0306
-0.793 -0.103 -0.0931 -0.0594 0.0306
-0.792 -0.104 -0.0941 -0.0615 0.0305
-0.791 -0.105 -0.0951 -0.0636 0.0303
-0.79 -0.105 -0.0961 -0.0657 0.0299
-0.789 -0.106 -0.0971 -0.0678 0.0294
-0.788 -0.107 -0.0981 -0.0698 0.0288
-0.787 -0.108 -0.0991 -0.0719 0.0281
-0.786 -0.109 -0.1 -0.0739 0.0272
-0.785 -0.11 -0.101 -0.0759 0.0261
-0.784 -0.111 -0.102 -0.0779 0.0249
-0.783 -0.112 -0.103 -0.0799 0.0236
-0.782 -0.113 -0.104 -0.0819 0.0221
-0.781 -0.114 -0.105 -0.0838 0.0204
-0.78 -0.115 -0.106 -0.0858 0.0185
-0.779 -0.116 -0.107 -0.0877 0.0165
-0.778 -0.117 -0.108 -0.0896 0.0143
-0.777 -0.117 -0.108 -0.0915 0.0119
-0.776 -0.118 -0.109 -0.0934 0.00931
-0.775 -0.119 -0.11 -0.0952 0.00655
-0.774 -0.12 -0.111 -0.0971 0.00361
-0.773 -0.121 -0.112 -0.0989 0.000468
-0.772 -0.122 -0.113 -0.101 -0.00286
-0.771 -0.123 -0.114 -0.102 -0.00638
-0.77 -0.124 -0.115 -0.104 -0.0101
-0.769 -0.125 -0.115 -0.106 -0.014
-0.768 -0.126 -0.116 -0.108 -0.0181
-0.767 -0.127 -0.117 -0.109 -0.0223
-0.766 -0.127 -0.118 -0.111 -0.0268
-0.765 -0.128 -0.119 -0.113 -0.0314
-0.764 -0.129 -0.12 -0.115 -0.0362
-0.763 -0.13 -0.121 -0.116 -0.0412
-0.762 -0.131 -0.121 -0.118 -0.0463
-0.761 -0.132 -0.122 -0.119 -0.0516
-0.76 -0.133 -0.123 -0.121 -0.057
-0.759 -0.134 -0.124 -0.123 -0.0626
-0.758 -0.135 -0.125 -0.124 -0.0682
-0.757 -0.136 -0.125 -0.126 -0.074
-0.756 -0.137 -0.126 -0.127 -0.0799
-0.755 -0.137 -0.127 -0.129 -0.0859
-0.754 -0.138 -0.128 -0.13 -0.092
-0.753 -0.139 -0.129 -0.132 -0.0981
-0.752 -0.14 -0.129 -0.133 -0.104
-0.751 -0.141 -0.13 -0.135 -0.11
-0.75 0.108 0.119 0.114 0.133
-0.749 0.107 0.118 0.112 0.127
-0.748 0.106 0.118 0.111 0.121
-0.747 0.105 0.117 0.109 0.115
-0.746 0.104 0.116 0.108 0.109
-0.745 0.104 0.115 0.107 0.102
-0.744 0.103 0.115 0.105 0.0964
-0.743 0.102 0.114 0.104 0.0904
-0.742 0.101 0.113 0.103 0.0845
-0.741 0.1 0.112 0.101 0.0788
-0.74 0.0991 0.112 0.1 0.0731
-0.739 0.0982 0.111 0.0987 0.0676
-0.738 0.0973 0.11 0.0974 0.0622
-0.737 0.0964 0.109 0.0962 0.057
-0.736 0.0955 0.109 0.0949 0.0519
-0.735 0.0946 0.108 0.0937 0.047
-0.734 0.0937 0.107 0.0924 0.0422
-0.733 0.0928 0.107 0.0912 0.0376
-0.732 0.0919 0.106 0.09 0.0332
-0.731 0.091 0.105 0.0888 0.029
-0.73 0.0901 0.104 0.0877 0.025
-0.729 0.0892 0.104 0.0865 0.0211
-0.728 0.0883 0.103 0.0853 0.0175
-0.727 0.0874 0.102 0.0842 0.014
-0.726 0.0865 0.102 0.0831 0.0107
-0.725 0.0856 0.101 0.0819 0.00764
-0.724 0.0848 0.1 0.0808 0.00472
-0.723 0.0839 0.0996 0.0797 0.002
-0.722 0.083 0.0989 0.0786 -0.000552
-0.721 0.0821 0.0982 0.0775 -0.00293
-0.72 0.0812 0.0976 0.0765 -0.00513
-0.719 0.0803 0.0969 0.0754 -0.00716
-0.718 0.0794 0.0962 0.0743 -0.00903
-0.717 0.0785 0.0955 0.0733 -0.0107
-0.716 0.0776 0.0949 0.0722 -0.0123
-0.715 0.0767 0.0942 0.0712 -0.0137
-0.714 0.0759 0.0935 0.0702 -0.015
-0.713 0.075 0.0929 0.0691 -0.0161
-0.712 0.0741 0.0922 0.0681 -0.0171
-0.711 0.0732 0.0915 0.0671 -0.018
-0.71 0.0723 0.0909 0.0661 -0.0187
-0.709 0.0714 0.0902 0.0651 -0.0193
-0.708 0.0705 0.0895 0.0642 -0.0199
-0.707 0.0696 0.0889 0.0632 -0.0203
-0.706 0.0688 0.0882 0.0622 -0.0206
-0.705 0.0679 0.0876 0.0612 -0.0208
-0.704 0.067 0.0869 0.0603 -0.021
-0.703 0.0661 0.0863 0.0593 -0.0211
-0.702 0.0652 0.0856 0.0583 -0.021
-0.701 0.0643 0.0849 0.0574 -0.0209
-0.7 0.0634 0.0843 0.0564 -0.0208
-0.699 0.0626 0.0836 0.0555 -0.0206
-0.698 0.0617 0.083 0.0546 -0.0203
-0.697 0.0608 0.0823 0.0536 -0.02
-0.696 0.0599 0.0817 0.0527 -0.0196
-0.695 0.059 0.081 0.0518 -0.0191
-0.694 0.0581 0.0804 0.0508 -0.0187
-0.693 0.0572 0.0797 0.0499 -0.0182
-0.692 0.0564 0.0791 0.049 -0.0176
-0.691 0.0555 0.0784 0.0481 -0.017
-0.69 0.0546 0.0778 0.0472 -0.0164
-0.689 0.0537 0.0771 0.0463 -0.0158
-0.688 0.0528 0.0764 0.0453 -0.0152
-0.687 0.0519 0.0758 0.0444 -0.0145
-0.686 0.0511 0.0751 0.0435 -0.0138
-0.685 0.0502 0.0745 0.0426 -0.0131
-0.684 0.0493 0.0738 0.0417 -0.0124
-0.683 0.0484 0.0732 0.0408 -0.0116
-0.682 0.0475 0.0725 0.0399 -0.0109
-0.681 0.0466 0.0718 0.039 -0.0102
-0.68 0.0458 0.0712 0.0381 -0.00942
-0.679 0.0449 0.0705 0.0372 -0.00867
-0.678 0.044 0.0699 0.0363 -0.00793
-0.677 0.0431 0.0692 0.0354 -0.00718
-0.676 0.0422 0.0685 0.0345 -0.00644
-0.675 0.0414 0.0679 0.0336 -0.00571
-0.674 0.0405 0.0672 0.0327 -0.00498
-0.673 0.0396 0.0665 0.0318 -0.00426
-0.672 0.0387 0.0659 0.0309 -0.00355
-0.671 0.0378 0.0652 0.03 -0.00284
-0.67 0.037 0.0645 0.0291 -0.00215
-0.669 0.0361 0.0638 0.0282 -0.00147
-0.668 0.0352 0.0632 0.0273 -0.000808
-0.667 0.0343 0.0625 0.0264 -0.000157
-0.666 0.0334 0.0618 0.0255 0.000479
-0.665 0.0325 0.0611 0.0246 0.0011
-0.664 0.0317 0.0604 0.0237 0.0017
-0.663 0.0308 0.0598 0.0228 0.00229
-0.662 0.0299 0.0591 0.0219 0.00285
-0.661 0.029 0.0584 0.021 0.0034
-0.66 0.0281 0.0577 0.0201 0.00393
-0.659 0.0273 0.057 0.0192 0.00444
-0.658 0.0264 0.0563 0.0183 0.00493
-0.657 0.0255 0.0556 0.0174 0.00539
-0.656 0.0246 0.0549 0.0165 0.00584
-0.655 0.0237 0.0542 0.0156 0.00626
-0.654 0.0229 0.0535 0.0147 0.00666
-0.653 0.022 0.0528 0.0138 0.00704
-0.652 0.0211 0.052 0.0129 0.0074
-0.651 0.0202 0.0513 0.012 0.00773
-0.65 0.0193 0.0506 0.0111 0.00804
-0.649 0.0185 0.0499 0.0102 0.00833
-0.648 0.0176 0.0492 0.00931 0.00859
-0.647 0.0167 0.0484 0.00841 0.00883
-0.646 0.0158 0.0477 0.00751 0.00905
-0.645 0.0149 0.047 0.00661 0.00924
-0.644 0.0141 0.0462 0.00571 0.00941
-0.643 0.0132 0.0455 0.00481 0.00955
-0.642 0.0123 0.0447 0.00391 0.00968
-0.641 0.0114 0.044 0.00302 0.00978
-0.64 0.0105 0.0432 0.00212 0.00985
-0.639 0.00965 0.0425 0.00122 0.00991
-0.638 0.00877 0.0417 0.000329 0.00994
-0.637 0.00789 0.041 -0.000564 0.00995
-0.636 0.00701 0.0402 -0.00146 0.00994
-0.635 0.00613 0.0394 -0.00235 0.00991
-0.634 0.00525 0.0386 -0.00324 0.00986
-0.633 0.00436 0.0379 -0.00413 0.00979
-0.632 0.00348 0.0371 -0.00501 0.0097
-0.631 0.0026 0.0363 -0.0059 0.00959
-0.63 0.00172 0.0355 -0.00678 0.00947
-0.629 0.00084 0.0347 -0.00766 0.00933
-0.628 -4.16e-05 0.0339 -0.00854 0.00917
-0.627 -0.000923 0.0331 -0.00942 0.00899
-0.626 -0.0018 0.0323 -0.0103 0.00881
-0.625 -0.00269 0.0315 -0.0112 0.00861
-0.624 -0.00357 0.0306 -0.012 0.00839
-0.623 -0.00445 0.0298 -0.0129 0.00817
-0.622 -0.00533 0.029 -0.0138 0.00793
-0.621 -0.00621 0.0282 -0.0146 0.00769
-0.62 -0.0071 0.0273 -0.0155 0.00744
-0.619 -0.00798 0.0265 -0.0164 0.00718
-0.618 -0.00886 0.0256 -0.0172 0.00692
-0.617 -0.00974 0.0248 -0.0181 0.00665
-0.616 -0.0106 0.0239 -0.0189 0.00638
-0.615 -0.0115 0.0231 -0.0198 0.00611
-0.614 -0.0124 0.0222 -0.0206 0.00584
-0.613 -0.0133 0.0213 -0.0215 0.00556
-0.612 -0.0142 0.0204 -0.0223 0.00529
-0.611 -0.015 0.0196 -0.0232 0.00503
-0.61 -0.0159 0.0187 -0.024 0.00476
-0.609 -0.0168 0.0178 -0.0248 0.00451
-0.608 -0.0177 0.0169 -0.0257 0.00426
-0.607 -0.0186 0.016 -0.0265 0.00401
-0.606 -0.0195 0.0151 -0.0273 0.00378
-0.605 -0.0203 0.0142 -0.0281 0.00355
-0.604 -0.0212 0.0132 -0.0289 0.00334
-0.603 -0.0221 0.0123 -0.0297 0.00313
-0.602 -0.023 0.0114 -0.0306 0.00294
-0.601 -0.0239 0.0105 -0.0314 0.00276
-0.6 -0.0248 0.00952 -0.0322 0.00259
-0.599 -0.0257 0.00857 -0.033 0.00244
-0.598 -0.0265 0.00762 -0.0338 0.0023
-0.597 -0.0274 0.00666 -0.0345 0.00217
-0.596 -0.0283 0.0057 -0.0353 0.00205
-0.595 -0.0292 0.00473 -0.0361 0.00195
-0.594 -0.0301 0.00376 -0.0369 0.00186
-0.593 -0.031 0.00278 -0.0377 0.00179
-0.592 -0.0319 0.00179 -0.0384 0.00172
-0.591 -0.0327 0.000798 -0.0392 0.00167
-0.59 -0.0336 -0.000199 -0.04 0.00163
-0.589 -0.0345 -0.0012 -0.0407 0.00161
-0.588 -0.0354 -0.00221 -0.0415 0.00159
-0.587 -0.0363 -0.00323 -0.0422 0.00158
-0.586 -0.0372 -0.00425 -0.043 0.00158
-0.585 -0.0381 -0.00527 -0.0437 0.00158
-0.584 -0.0389 -0.0063 -0.0445 0.00159
-0.583 -0.0398 -0.00734 -0.0452 0.00161
-0.582 -0.0407 -0.00839 -0.0459 0.00163
-0.581 -0.0416 -0.00944 -0.0467 0.00165
-0.58 -0.0425 -0.0105 -0.0474 0.00168
-0.579 -0.0434 -0.0116 -0.0481 0.0017
-0.578 -0.0443 -0.0126 -0.0488 0.00172
-0.577 -0.0452 -0.0137 -0.0496 0.00174
-0.576 -0.0461 -0.0148 -0.0503 0.00176
-0.575 -0.047 -0.0159 -0.051 0.00176
-0.574 -0.0478 -0.017 -0.0517 0.00177
-0.573 -0.0487 -0.018 -0.0524 0.00176
-0.572 -0.0496 -0.0192 -0.0531 0.00174
-0.571 -0.0505 -0.0203 -0.0538 0.00171
-0.57 -0.0514 -0.0214 -0.0545 0.00167
-0.569 -0.0523 -0.0225 -0.0552 0.00161
-0.568 -0.0532 -0.0236 -0.0559 0.00154
-0.567 -0.0541 -0.0248 -0.0565 0.00145
-0.566 -0.055 -0.0259 -0.0572 0.00135
-0.565 -0.0559 -0.027 -0.0579 0.00122
-0.564 -0.0568 -0.0282 -0.0586 0.00107
-0.563 -0.0576 -0.0293 -0.0592 0.000907
-0.562 -0.0585 -0.0305 -0.0599 0.000717
-0.561 -0.0594 -0.0317 -0.0606 0.000503
-0.56 -0.0603 -0.0329 -0.0612 0.000264
-0.559 -0.0612 -0.034 -0.0619 -1.41e-07
-0.558 -0.0621 -0.0352 -0.0625 -0.000291
-0.557 -0.063 -0.0364 -0.0632 -0.00061
-0.556 -0.0639 -0.0376 -0.0639 -0.000958
-0.555 -0.0648 -0.0388 -0.0645 -0.00133
-0.554 -0.0657 -0.04 -0.0652 -0.00174
-0.553 -0.0666 -0.0412 -0.0658 -0.00218
-0.552 -0.0675 -0.0424 -0.0664 -0.00265
-0.551 -0.0684 -0.0437 -0.0671 -0.00315
-0.55 -0.0693 -0.0449 -0.0677 -0.00369
-0.549 -0.0702 -0.0461 -0.0684 -0.00426
-0.548 -0.0711 -0.0474 -0.069 -0.00486
-0.547 -0.072 -0.0486 -0.0696 -0.0055
-0.546 -0.0729 -0.0499 -0.0703 -0.00617
-0.545 -0.0738 -0.0511 -0.0709 -0.00688
-0.544 -0.0747 -0.0524 -0.0715 -0.00763
-0.543 -0.0756 -0.0537 -0.0722 -0.00841
-0.542 -0.0765 -0.0549 -0.0728 -0.00924
-0.541 -0.0774 -0.0562 -0.0734 -0.0101
-0.54 -0.0783 -0.0575 -0.074 -0.011
-0.539 -0.0792 -0.0588 -0.0747 -0.0119
-0.538 -0.0801 -0.0601 -0.0753 -0.0129
-0.537 -0.081 -0.0614 -0.0759 -0.0139
-0.536 -0.0819 -0.0627 -0.0765 -0.015
-0.535 -0.0828 -0.064 -0.0772 -0.0161
-0.534 -0.0837 -0.0653 -0.0778 -0.0172
-0.533 -0.0846 -0.0666 -0.0784 -0.0184
-0.532 -0.0855 -0.068 -0.079 -0.0196
-0.531 -0.0864 -0.0693 -0.0797 -0.0209
-0.53 -0.0873 -0.0706 -0.0803 -0.0222
-0.529 -0.0882 -0.0719 -0.0809 -0.0236
-0.528 -0.0891 -0.0733 -0.0816 -0.025
-0.527 -0.09 -0.0746 -0.0822 -0.0264
-0.526 -0.0909 -0.076 -0.0828 -0.0279
-0.525 -0.0918 -0.0773 -0.0834 -0.0294
-0.524 -0.0927 -0.0787 -0.0841 -0.031
-0.523 -0.0936 -0.0801 -0.0847 -0.0326
-0.522 -0.0945 -0.0814 -0.0854 -0.0343
-0.521 -0.0954 -0.0828 -0.086 -0.036
-0.52 -0.0963 -0.0842 -0.0866 -0.0378
-0.519 -0.0972 -0.0856 -0.0873 -0.0396
-0.518 -0.0981 -0.0869 -0.0879 -0.0414
-0.517 -0.0991 -0.0883 -0.0886 -0.0433
-0.516 -0.1 -0.0897 -0.0892 -0.0453
-0.515 -0.101 -0.0911 -0.0899 -0.0473
-0.514 -0.102 -0.0925 -0.0905 -0.0493
-0.513 -0.103 -0.0939 -0.0912 -0.0514
-0.512 -0.104 -0.0953 -0.0918 -0.0536
-0.511 -0.105 -0.0967 -0.0925 -0.0557
-0.51 -0.105 -0.0981 -0.0932 -0.058
-0.509 -0.106 -0.0995 -0.0939 -0.0603
-0.508 -0.107 -0.101 -0.0945 -0.0626
-0.507 -0.108 -0.102 -0.0952 -0.065
-0.506 -0.109 -0.104 -0.0959 -0.0675
-0.505 -0.11 -0.105 -0.0966 -0.07
-0.504 -0.111 -0.107 -0.0973 -0.0725
-0.503 -0.112 -0.108 -0.098 -0.0751
-0.502 -0.113 -0.11 -0.0987 -0.0778
-0.501 -0.114 -0.111 -0.0994 -0.0805
-0.5 0.135 0.138 0.15 0.167
-0.499 0.135 0.136 0.149 0.164
-0.498 0.134 0.135 0.148 0.161
-0.497 0.133 0.133 0.148 0.158
-0.496 0.132 0.132 0.147 0.155
-0.495 0.131 0.13 0.146 0.152
-0.494 0.13 0.129 0.145 0.149
-0.493 0.129 0.127 0.145 0.146
-0.492 0.128 0.126 0.144 0.143
-0.491 0.127 0.125 0.143 0.14
-0.49 0.126 0.123 0.142 0.136
-0.489 0.125 0.122 0.142 0.133
-0.488 0.124 0.12 0.141 0.13
-0.487 0.124 0.119 0.14 0.126
-0.486 0.123 0.117 0.139 0.123
-0.485 0.122 0.116 0.138 0.119
-0.484 0.121 0.114 0.138 0.116
-0.483 0.12 0.113 0.137 0.112
-0.482 0.119 0.111 0.136 0.108
-0.481 0.118 0.11 0.135 0.105
-0.48 0.117 0.108 0.134 0.101
-0.479 0.116 0.107 0.133 0.0972
-0.478 0.115 0.106 0.132 0.0934
-0.477 0.114 0.104 0.132 0.0895
-0.476 0.113 0.103 0.131 0.0856
-0.475 0.112 0.101 0.13 0.0817
-0.474 0.112 0.0997 0.129 0.0777
-0.473 0.111 0.0982 0.128 0.0737
-0.472 0.11 0.0967 0.127 0.0696
-0.471 0.109 0.0952 0.126 0.0656
-0.47 0.108 0.0938 0.125 0.0614
-0.469 0.107 0.0923 0.124 0.0573
-0.468 0.106 0.0908 0.123 0.0532
-0.467 0.105 0.0894 0.122 0.049
-0.466 0.104 0.0879 0.121 0.0448
-0.465 0.103 0.0864 0.12 0.0406
-0.464 0.102 0.085 0.119 0.0364
-0.463 0.101 0.0835 0.118 0.0322
-0.462 0.1 0.082 0.117 0.028
-0.461 0.0995 0.0806 0.116 0.0238
-0.46 0.0986 0.0791 0.115 0.0196
-0.459 0.0976 0.0777 0.114 0.0154
-0.458 0.0967 0.0762 0.113 0.0112
-0.457 0.0958 0.0747 0.112 0.00699
-0.456 0.0948 0.0733 0.11 0.00284
-0.455 0.0939 0.0718 0.109 -0.00129
-0.454 0.093 0.0704 0.108 -0.00539
-0.453 0.092 0.0689 0.107 -0.00945
-0.452 0.0911 0.0675 0.106 -0.0135
-0.451 0.0902 0.066 0.105 -0.0174
-0.45 0.0892 0.0646 0.104 -0.0214
-0.449 0.0883 0.0631 0.102 -0.0252
-0.448 0.0874 0.0617 0.101 -0.029
-0.447 0.0864 0.0603 0.1 -0.0328
-0.446 0.0855 0.0588 0.0987 -0.0365
-0.445 0.0846 0.0574 0.0975 -0.04
-0.444 0.0836 0.056 0.0962 -0.0436
-0.443 0.0827 0.0545 0.095 -0.047
-0.442 0.0817 0.0531 0.0937 -0.0503
-0.441 0.0808 0.0517 0.0924 -0.0535
-0.44 0.0799 0.0503 0.0911 -0.0567
-0.439 0.0789 0.0488 0.0898 -0.0597
-0.438 0.078 0.0474 0.0885 -0.0626
-0.437 0.077 0.046 0.0872 -0.0654
-0.436 0.0761 0.0446 0.0858 -0.068
-0.435 0.0752 0.0432 0.0845 -0.0705
-0.434 0.0742 0.0418 0.0831 -0.0729
-0.433 0.0733 0.0404 0.0817 -0.0752
-0.432 0.0723 0.039 0.0804 -0.0773
-0.431 0.0714 0.0376 0.079 -0.0793
-0.43 0.0704 0.0362 0.0776 -0.0811
-0.429 0.0695 0.0348 0.0761 -0.0828
-0.428 0.0685 0.0334 0.0747 -0.0843
-0.427 0.0676 0.0321 0.0733 -0.0856
-0.426 0.0667 0.0307 0.0718 -0.0868
-0.425 0.0657 0.0293 0.0704 -0.0879
-0.424 0.0648 0.0279 0.0689 -0.0888
-0.423 0.0638 0.0266 0.0675 -0.0895
-0.422 0.0629 0.0252 0.066 -0.09
-0.421 0.0619 0.0239 0.0645 -0.0904
-0.42 0.061 0.0225 0.063 -0.0906
-0.419 0.06 0.0211 0.0615 -0.0907
-0.418 0.0591 0.0198 0.06 -0.0906
-0.417 0.0581 0.0185 0.0585 -0.0904
-0.416 0.0572 0.0171 0.0569 -0.0899
-0.415 0.0562 0.0158 0.0554 -0.0894
-0.414 0.0553 0.0145 0.0539 -0.0887
-0.413 0.0543 0.0131 0.0523 -0.0878
-0.412 0.0534 0.0118 0.0508 -0.0868
-0.411 0.0524 0.0105 0.0492 -0.0856
-0.41 0.0514 0.00918 0.0477 -0.0843
-0.409 0.0505 0.00787 0.0461 -0.0829
-0.408 0.0495 0.00657 0.0445 -0.0813
-0.407 0.0486 0.00527 0.043 -0.0796
-0.406 0.0476 0.00397 0.0414 -0.0778
-0.405 0.0467 0.00268 0.0398 -0.0759
-0.404 0.0457 0.0014 0.0382 -0.0738
-0.403 0.0448 0.000115 0.0366 -0.0717
-0.402 0.0438 -0.00116 0.035 -0.0695
-0.401 0.0428 -0.00243 0.0334 -0.0671
-0.4 0.0419 -0.0037 0.0318 -0.0647
-0.399 0.0409 -0.00497 0.0302 -0.0622
-0.398 0.04 -0.00622 0.0286 -0.0596
-0.397 0.039 -0.00748 0.0271 -0.057
-0.396 0.038 -0.00873 0.0255 -0.0543
-0.395 0.0371 -0.00997 0.0239 -0.0515
-0.394 0.0361 -0.0112 0.0223 -0.0487
-0.393 0.0351 -0.0124 0.0207 -0.0459
-0.392 0.0342 -0.0137 0.0191 -0.043
-0.391 0.0332 -0.0149 0.0175 -0.0401
-0.39 0.0323 -0.0161 0.0159 -0.0371
-0.389 0.0313 -0.0173 0.0143 -0.0341
-0.388 0.0303 -0.0185 0.0127 -0.0311
-0.387 0.0294 -0.0198 0.0111 -0.0281
-0.386 0.0284 -0.021 0.00951 -0.0251
-0.385 0.0274 -0.0221 0.00792 -0.0221
-0.384 0.0265 -0.0233 0.00634 -0.0191
-0.383 0.0255 -0.0245 0.00477 -0.0161
-0.382 0.0245 -0.0257 0.0032 -0.0132
-0.381 0.0236 -0.0269 0.00163 -0.0102
-0.38 0.0226 -0.0281 6.99e-05 -0.00727
-0.379 0.0216 -0.0292 -0.00149 -0.00436
-0.378 0.0207 -0.0304 -0.00304 -0.00148
-0.377 0.0197 -0.0315 -0.00458 0.00137
-0.376 0.0187 -0.0327 -0.00612 0.00417
-0.375 0.0177 -0.0338 -0.00766 0.00694
-0.374 0.0168 -0.035 -0.00918 0.00966
-0.373 0.0158 -0.0361 -0.0107 0.0123
-0.372 0.0148 -0.0372 -0.0122 0.015
-0.371 0.0138 -0.0384 -0.0137 0.0175
-0.37 0.0129 -0.0395 -0.0152 0.02
-0.369 0.0119 -0.0406 -0.0167 0.0225
-0.368 0.0109 -0.0417 -0.0182 0.0249
-0.367 0.00995 -0.0428 -0.0197 0.0272
-0.366 0.00897 -0.0439 -0.0211 0.0295
-0.365 0.008 -0.045 -0.0226 0.0317
-0.364 0.00702 -0.0461 -0.024 0.0338
-0.363 0.00604 -0.0472 -0.0255 0.0359
-0.362 0.00506 -0.0483 -0.0269 0.0379
-0.361 0.00409 -0.0494 -0.0283 0.0398
-0.36 0.00311 -0.0504 -0.0297 0.0416
-0.359 0.00213 -0.0515 -0.0311 0.0434
-0.358 0.00115 -0.0526 -0.0325 0.0451
-0.357 0.000167 -0.0536 -0.0339 0.0467
-0.356 -0.000814 -0.0547 -0.0353 0.0482
-0.355 -0.0018 -0.0557 -0.0366 0.0497
-0.354 -0.00278 -0.0568 -0.038 0.051
-0.353 -0.00376 -0.0578 -0.0393 0.0523
-0.352 -0.00474 -0.0588 -0.0407 0.0536
-0.351 -0.00573 -0.0599 -0.042 0.0547
-0.35 -0.00671 -0.0609 -0.0433 0.0557
-0.349 -0.00769 -0.0619 -0.0446 0.0567
-0.348 -0.00868 -0.0629 -0.0459 0.0576
-0.347 -0.00966 -0.0639 -0.0472 0.0584
-0.346 -0.0107 -0.0649 -0.0484 0.0591
-0.345 -0.0116 -0.0659 -0.0497 0.0597
-0.344 -0.0126 -0.0669 -0.0509 0.0603
-0.343 -0.0136 -0.0679 -0.0521 0.0607
-0.342 -0.0146 -0.0689 -0.0534 0.0611
-0.341 -0.0156 -0.0699 -0.0546 0.0614
-0.34 -0.0166 -0.0708 -0.0558 0.0616
-0.339 -0.0176 -0.0718 -0.057 0.0617
-0.338 -0.0186 -0.0728 -0.0581 0.0618
-0.337 -0.0195 -0.0737 -0.0593 0.0617
-0.336 -0.0205 -0.0747 -0.0604 0.0616
-0.335 -0.0215 -0.0757 -0.0616 0.0614
-0.334 -0.0225 -0.0766 -0.0627 0.0611
-0.333 -0.0235 -0.0776 -0.0638 0.0608
-0.332 -0.0245 -0.0785 -0.0649 0.0603
-0.331 -0.0255 -0.0794 -0.066 0.0598
-0.33 -0.0265 -0.0804 -0.0671 0.0592
-0.329 -0.0275 -0.0813 -0.0682 0.0585
-0.328 -0.0285 -0.0822 -0.0693 0.0577
-0.327 -0.0295 -0.0831 -0.0703 0.0568
-0.326 -0.0305 -0.084 -0.0714 0.0559
-0.325 -0.0315 -0.085 -0.0724 0.0549
-0.324 -0.0325 -0.0859 -0.0734 0.0538
-0.323 -0.0335 -0.0868 -0.0744 0.0526
-0.322 -0.0345 -0.0877 -0.0754 0.0514
-0.321 -0.0355 -0.0886 -0.0764 0.05
-0.32 -0.0365 -0.0894 -0.0774 0.0486
-0.319 -0.0375 -0.0903 -0.0784 0.0472
-0.318 -0.0385 -0.0912 -0.0793 0.0456
-0.317 -0.0395 -0.0921 -0.0803 0.044
-0.316 -0.0405 -0.093 -0.0812 0.0423
-0.315 -0.0415 -0.0938 -0.0821 0.0405
-0.314 -0.0425 -0.0947 -0.0831 0.0387
-0.313 -0.0435 -0.0956 -0.084 0.0368
-0.312 -0.0445 -0.0964 -0.0849 0.0348
-0.311 -0.0455 -0.0973 -0.0858 0.0327
-0.31 -0.0465 -0.0981 -0.0867 0.0306
-0.309 -0.0475 -0.099 -0.0875 0.0284
-0.308 -0.0485 -0.0998 -0.0884 0.0262
-0.307 -0.0495 -0.101 -0.0893 0.0239
-0.306 -0.0505 -0.101 -0.0901 0.0215
-0.305 -0.0515 -0.102 -0.0909 0.0191
-0.304 -0.0525 -0.103 -0.0918 0.0166
-0.303 -0.0535 -0.104 -0.0926 0.014
-0.302 -0.0545 -0.105 -0.0934 0.0114
-0.301 -0.0555 -0.106 -0.0942 0.00878
-0.3 -0.0565 -0.106 -0.095 0.00606
-0.299 -0.0575 -0.107 -0.0958 0.0033
-0.298 -0.0586 -0.108 -0.0966 0.000477
-0.297 -0.0596 -0.109 -0.0974 -0.00239
-0.296 -0.0606 -0.11 -0.0982 -0.0053
-0.295 -0.0616 -0.11 -0.0989 -0.00827
-0.294 -0.0626 -0.111 -0.0997 -0.0113
-0.293 -0.0636 -0.112 -0.1 -0.0143
-0.292 -0.0646 -0.113 -0.101 -0.0174
-0.291 -0.0656 -0.114 -0.102 -0.0205
-0.29 -0.0667 -0.114 -0.103 -0.0237
-0.289 -0.0677 -0.115 -0.103 -0.0269
-0.288 -0.0687 -0.116 -0.104 -0.0301
-0.287 -0.0697 -0.117 -0.105 -0.0334
-0.286 -0.0707 -0.117 -0.106 -0.0367
-0.285 -0.0717 -0.118 -0.106 -0.04
-0.284 -0.0727 -0.119 -0.107 -0.0433
-0.283 -0.0738 -0.12 -0.108 -0.0467
-0.282 -0.0748 -0.121 -0.108 -0.0501
-0.281 -0.0758 -0.121 -0.109 -0.0534
-0.28 -0.0768 -0.122 -0.11 -0.0569
-0.279 -0.0778 -0.123 -0.11 -0.0603
-0.278 -0.0788 -0.124 -0.111 -0.0637
-0.277 -0.0799 -0.124 -0.112 -0.0672
-0.276 -0.0809 -0.125 -0.112 -0.0706
-0.275 -0.0819 -0.126 -0.113 -0.0741
-0.274 -0.0829 -0.127 -0.114 -0.0775
-0.273 -0.084 -0.127 -0.114 -0.081
-0.272 -0.085 -0.128 -0.115 -0.0844
-0.271 -0.086 -0.129 -0.116 -0.0879
-0.27 -0.087 -0.129 -0.116 -0.0913
-0.269 -0.088 -0.13 -0.117 -0.0948
-0.268 -0.0891 -0.131 -0.118 -0.0982
-0.267 -0.0901 -0.132 -0.118 -0.102
-0.266 -0.0911 -0.132 -0.119 -0.105
-0.265 -0.0921 -0.133 -0.12 -0.108
-0.264 -0.0932 -0.134 -0.12 -0.112
-0.263 -0.0942 -0.135 -0.121 -0.115
-0.262 -0.0952 -0.135 -0.121 -0.118
-0.261 -0.0962 -0.136 -0.122 -0.122
-0.26 -0.0973 -0.137 -0.123 -0.125
-0.259 -0.0983 -0.137 -0.123 -0.128
-0.258 -0.0993 -0.138 -0.124 -0.131
-0.257 -0.1 -0.139 -0.125 -0.134
-0.256 -0.101 -0.139 -0.125 -0.137
-0.255 -0.102 -0.14 -0.126 -0.141
-0.254 -0.103 -0.141 -0.126 -0.144
-0.253 -0.104 -0.142 -0.127 -0.147
-0.252 -0.106 -0.142 -0.128 -0.15
-0.251 -0.107 -0.143 -0.128 -0.152
-0.25 0.142 0.106 0.121 0.0947
-0.249 0.141 0.106 0.12 0.0918
-0.248 0.14 0.105 0.12 0.0891
-0.247 0.139 0.104 0.119 0.0863
-0.246 0.138 0.104 0.119 0.0836
-0.245 0.137 0.103 0.118 0.081
-0.244 0.136 0.102 0.117 0.0784
-0.243 0.135 0.102 0.117 0.0759
-0.242 0.134 0.101 0.116 0.0734
-0.241 0.133 0.1 0.115 0.071
-0.24 0.132 0.0996 0.115 0.0686
-0.239 0.131 0.0989 0.114 0.0663
-0.238 0.13 0.0982 0.114 0.0641
-0.237 0.129 0.0976 0.113 0.0619
-0.236 0.128 0.0969 0.112 0.0597
-0.235 0.127 0.0962 0.112 0.0576
-0.234 0.126 0.0956 0.111 0.0556
-0.233 0.125 0.0949 0.11 0.0536
-0.232 0.124 0.0942 0.11 0.0516
-0.231 0.123 0.0936 0.109 0.0498
-0.23 0.122 0.0929 0.108 0.0479
-0.229 0.121 0.0922 0.108 0.0462
-0.228 0.12 0.0916 0.107 0.0444
-0.227 0.119 0.0909 0.106 0.0428
-0.226 0.118 0.0902 0.106 0.0412
-0.225 0.116 0.0896 0.105 0.0396
-0.224 0.115 0.0889 0.104 0.0381
-0.223 0.114 0.0883 0.104 0.0366
-0.222 0.113 0.0876 0.103 0.0352
-0.221 0.112 0.0869 0.102 0.0339
-0.22 0.111 0.0863 0.102 0.0325
-0.219 0.11 0.0856 0.101 0.0313
-0.218 0.109 0.085 0.1 0.0301
-0.217 0.108 0.0843 0.0996 0.0289
-0.216 0.107 0.0837 0.0989 0.0278
-0.215 0.106 0.083 0.0982 0.0267
-0.214 0.105 0.0824 0.0975 0.0257
-0.213 0.104 0.0817 0.0968 0.0247
-0.212 0.103 0.081 0.0961 0.0237
-0.211 0.102 0.0804 0.0954 0.0228
-0.21 0.101 0.0797 0.0946 0.022
-0.209 0.0998 0.0791 0.0939 0.0211
-0.208 0.0987 0.0784 0.0932 0.0203
-0.207 0.0977 0.0778 0.0924 0.0196
-0.206 0.0966 0.0771 0.0917 0.0189
-0.205 0.0956 0.0765 0.0909 0.0182
-0.204 0.0945 0.0758 0.0902 0.0175
-0.203 0.0935 0.0752 0.0894 0.0169
-0.202 0.0924 0.0745 0.0887 0.0164
-0.201 0.0914 0.0739 0.0879 0.0158
-0.2 0.0903 0.0732 0.0871 0.0153
-0.199 0.0893 0.0726 0.0863 0.0148
-0.198 0.0882 0.0719 0.0855 0.0143
-0.197 0.0871 0.0712 0.0847 0.0139
-0.196 0.0861 0.0706 0.0839 0.0135
-0.195 0.085 0.0699 0.0831 0.0131
-0.194 0.084 0.0693 0.0823 0.0127
-0.193 0.0829 0.0686 0.0815 0.0124
-0.192 0.0819 0.068 0.0807 0.0121
-0.191 0.0808 0.0673 0.0799 0.0118
-0.19 0.0798 0.0667 0.079 0.0115
-0.189 0.0787 0.066 0.0782 0.0112
-0.188 0.0776 0.0654 0.0773 0.011
-0.187 0.0766 0.0647 0.0765 0.0108
-0.186 0.0755 0.064 0.0756 0.0106
-0.185 0.0745 0.0634 0.0748 0.0104
-0.184 0.0734 0.0627 0.0739 0.0102
-0.183 0.0724 0.0621 0.073 0.01
-0.182 0.0713 0.0614 0.0721 0.0099
-0.181 0.0702 0.0608 0.0712 0.00976
-0.18 0.0692 0.0601 0.0703 0.00964
-0.179 0.0681 0.0594 0.0694 0.00953
-0.178 0.0671 0.0588 0.0685 0.00943
-0.177 0.066 0.0581 0.0676 0.00934
-0.176 0.0649 0.0574 0.0667 0.00926
-0.175 0.0639 0.0568 0.0657 0.00918
-0.174 0.0628 0.0561 0.0648 0.00912
-0.173 0.0618 0.0554 0.0638 0.00906
-0.172 0.0607 0.0548 0.0629 0.00901
-0.171 0.0596 0.0541 0.0619 0.00896
-0.17 0.0586 0.0534 0.061 0.00892
-0.169 0.0575 0.0528 0.06 0.00889
-0.168 0.0564 0.0521 0.059 0.00885
-0.167 0.0554 0.0514 0.058 0.00883
-0.166 0.0543 0.0508 0.057 0.0088
-0.165 0.0532 0.0501 0.056 0.00878
-0.164 0.0522 0.0494 0.055 0.00877
-0.163 0.0511 0.0487 0.054 0.00875
-0.162 0.05 0.0481 0.053 0.00874
-0.161 0.049 0.0474 0.0519 0.00872
-0.16 0.0479 0.0467 0.0509 0.00871
-0.159 0.0468 0.046 0.0499 0.0087
-0.158 0.0458 0.0453 0.0488 0.00869
-0.157 0.0447 0.0446 0.0477 0.00868
-0.156 0.0436 0.044 0.0467 0.00867
-0.155 0.0426 0.0433 0.0456 0.00866
-0.154 0.0415 0.0426 0.0445 0.00864
-0.153 0.0404 0.0419 0.0434 0.00863
-0.152 0.0394 0.0412 0.0423 0.00861
-0.151 0.0383 0.0405 0.0412 0.0086
-0.15 0.0372 0.0398 0.0401 0.00858
-0.149 0.0362 0.0391 0.039 0.00856
-0.148 0.0351 0.0384 0.0379 0.00854
-0.147 0.034 0.0377 0.0368 0.00851
-0.146 0.033 0.037 0.0356 0.00848
-0.145 0.0319 0.0363 0.0345 0.00845
-0.144 0.0308 0.0356 0.0333 0.00842
-0.143 0.0297 0.0349 0.0322 0.00838
-0.142 0.0287 0.0342 0.031 0.00834
-0.141 0.0276 0.0335 0.0299 0.0083
-0.14 0.0265 0.0328 0.0287 0.00825
-0.139 0.0255 0.0321 0.0275 0.0082
-0.138 0.0244 0.0314 0.0263 0.00815
-0.137 0.0233 0.0306 0.0251 0.00809
-0.136 0.0222 0.0299 0.0239 0.00803
-0.135 0.0212 0.0292 0.0227 0.00797
-0.134 0.0201 0.0285 0.0215 0.0079
-0.133 0.019 0.0278 0.0203 0.00783
-0.132 0.0179 0.027 0.019 0.00775
-0.131 0.0169 0.0263 0.0178 0.00767
-0.13 0.0158 0.0256 0.0166 0.00758
-0.129 0.0147 0.0248 0.0153 0.00749
-0.128 0.0136 0.0241 0.0141 0.0074
-0.127 0.0126 0.0234 0.0128 0.0073
-0.126 0.0115 0.0226 0.0115 0.0072
-0.125 0.0104 0.0219 0.0103 0.00709
-0.124 0.00933 0.0211 0.00899 0.00698
-0.123 0.00825 0.0204 0.00771 0.00687
-0.122 0.00718 0.0196 0.00642 0.00675
-0.121 0.0061 0.0189 0.00513 0.00662
-0.12 0.00502 0.0181 0.00384 0.00649
-0.119 0.00394 0.0174 0.00254 0.00636
-0.118 0.00287 0.0166 0.00123 0.00622
-0.117 0.00179 0.0159 -8.27e-05 0.00608
-0.116 0.000708 0.0151 -0.0014 0.00593
-0.115 -0.00037 0.0143 -0.00272 0.00577
-0.114 -0.00145 0.0136 -0.00405 0.00561
-0.113 -0.00253 0.0128 -0.00538 0.00545
-0.112 -0.00361 0.012 -0.00671 0.00528
-0.111 -0.00469 0.0113 -0.00805 0.00511
-0.11 -0.00577 0.0105 -0.00939 0.00493
-0.109 -0.00685 0.00971 -0.0107 0.00474
-0.108 -0.00793 0.00893 -0.0121 0.00455
-0.107 -0.00901 0.00815 -0.0134 0.00436
-0.106 -0.0101 0.00736 -0.0148 0.00416
-0.105 -0.0112 0.00657 -0.0162 0.00395
-0.104 -0.0123 0.00578 -0.0175 0.00373
-0.103 -0.0133 0.00498 -0.0189 0.00352
-0.102 -0.0144 0.00419 -0.0203 0.00329
-0.101 -0.0155 0.00339 -0.0216 0.00306
-0.1 -0.0166 0.00258 -0.023 0.00282
-0.099 -0.0177 0.00178 -0.0244 0.00257
-0.098 -0.0187 0.000969 -0.0258 0.00232
-0.097 -0.0198 0.000158 -0.0272 0.00206
-0.096 -0.0209 -0.000657 -0.0285 0.00179
-0.095 -0.022 -0.00147 -0.0299 0.00151
-0.094 -0.0231 -0.00229 -0.0313 0.00123
-0.093 -0.0242 -0.00312 -0.0327 0.000938
-0.092 -0.0252 -0.00394 -0.0341 0.000638
-0.091 -0.0263 -0.00477 -0.0355 0.000329
-0.09 -0.0274 -0.0056 -0.0369 1.04e-05
-0.089 -0.0285 -0.00644 -0.0383 -0.000317
-0.088 -0.0296 -0.00727 -0.0397 -0.000655
-0.087 -0.0307 -0.00811 -0.0411 -0.001
-0.086 -0.0317 -0.00896 -0.0425 -0.00136
-0.085 -0.0328 -0.0098 -0.0439 -0.00173
-0.084 -0.0339 -0.0107 -0.0453 -0.00211
-0.083 -0.035 -0.0115 -0.0467 -0.0025
-0.082 -0.0361 -0.0124 -0.0481 -0.0029
-0.081 -0.0372 -0.0132 -0.0495 -0.00332
-0.08 -0.0383 -0.0141 -0.0509 -0.00375
-0.079 -0.0393 -0.0149 -0.0523 -0.00419
-0.078 -0.0404 -0.0158 -0.0537 -0.00464
-0.077 -0.0415 -0.0167 -0.0551 -0.00511
-0.076 -0.0426 -0.0176 -0.0565 -0.0056
-0.075 -0.0437 -0.0184 -0.0579 -0.00609
-0.074 -0.0448 -0.0193 -0.0593 -0.00661
-0.073 -0.0459 -0.0202 -0.0607 -0.00714
-0.072 -0.047 -0.0211 -0.0621 -0.00768
-0.071 -0.048 -0.022 -0.0635 -0.00824
-0.07 -0.0491 -0.0229 -0.0649 -0.00882
-0.069 -0.0502 -0.0238 -0.0663 -0.00942
-0.068 -0.0513 -0.0247 -0.0676 -0.01
-0.067 -0.0524 -0.0256 -0.069 -0.0107
-0.066 -0.0535 -0.0265 -0.0704 -0.0113
-0.065 -0.0546 -0.0274 -0.0718 -0.012
-0.064 -0.0557 -0.0283 -0.0732 -0.0127
-0.063 -0.0567 -0.0292 -0.0745 -0.0134
-0.062 -0.0578 -0.0302 -0.0759 -0.0141
-0.061 -0.0589 -0.0311 -0.0773 -0.0149
-0.06 -0.06 -0.032 -0.0786 -0.0157
-0.059 -0.0611 -0.0329 -0.08 -0.0165
-0.058 -0.0622 -0.0339 -0.0813 -0.0173
-0.057 -0.0633 -0.0348 -0.0827 -0.0181
-0.056 -0.0644 -0.0358 -0.084 -0.019
-0.055 -0.0655 -0.0367 -0.0854 -0.0199
-0.054 -0.0665 -0.0377 -0.0867 -0.0208
-0.053 -0.0676 -0.0386 -0.088 -0.0218
-0.052 -0.0687 -0.0396 -0.0894 -0.0227
-0.051 -0.0698 -0.0405 -0.0907 -0.0237
-0.05 -0.0709 -0.0415 -0.092 -0.0248
-0.049 -0.072 -0.0425 -0.0933 -0.0258
-0.048 -0.0731 -0.0434 -0.0946 -0.0269
-0.047 -0.0742 -0.0444 -0.0959 -0.028
-0.046 -0.0753 -0.0454 -0.0972 -0.0291
-0.045 -0.0764 -0.0464 -0.0985 -0.0303
-0.044 -0.0774 -0.0474 -0.0998 -0.0315
-0.043 -0.0785 -0.0484 -0.101 -0.0327
-0.042 -0.0796 -0.0493 -0.102 -0.0339
-0.041 -0.0807 -0.0503 -0.104 -0.0352
-0.04 -0.0818 -0.0513 -0.105 -0.0365
-0.039 -0.0829 -0.0524 -0.106 -0.0378
-0.038 -0.084 -0.0534 -0.107 -0.0392
-0.037 -0.0851 -0.0544 -0.109 -0.0406
-0.036 -0.0862 -0.0554 -0.11 -0.042
-0.035 -0.0873 -0.0564 -0.111 -0.0434
-0.034 -0.0884 -0.0574 -0.112 -0.0449
-0.033 -0.0894 -0.0585 -0.113 -0.0464
-0.032 -0.0905 -0.0595 -0.115 -0.048
-0.031 -0.0916 -0.0605 -0.116 -0.0495
-0.03 -0.0927 -0.0616 -0.117 -0.0511
-0.029 -0.0938 -0.0626 -0.118 -0.0528
-0.028 -0.0949 -0.0637 -0.119 -0.0544
-0.027 -0.096 -0.0647 -0.121 -0.0561
-0.026 -0.0971 -0.0658 -0.122 -0.0578
-0.025 -0.0982 -0.0668 -0.123 -0.0596
-0.024 -0.0993 -0.0679 -0.124 -0.0614
-0.023 -0.1 -0.069 -0.125 -0.0632
-0.022 -0.101 -0.07 -0.126 -0.065
-0.021 -0.103 -0.0711 -0.127 -0.0669
-0.02 -0.104 -0.0722 -0.129 -0.0688
-0.019 -0.105 -0.0733 -0.13 -0.0707
-0.018 -0.106 -0.0744 -0.131 -0.0727
-0.017 -0.107 -0.0754 -0.132 -0.0747
-0.016 -0.108 -0.0765 -0.133 -0.0767
-0.015 -0.109 -0.0776 -0.134 -0.0787
-0.014 -0.11 -0.0787 -0.135 -0.0808
-0.013 -0.111 -0.0798 -0.136 -0.0829
-0.012 -0.112 -0.081 -0.137 -0.085
-0.011 -0.113 -0.0821 -0.138 -0.0872
-0.01 -0.115 -0.0832 -0.139 -0.0894
-0.009 -0.116 -0.0843 -0.14 -0.0916
-0.008 -0.117 -0.0854 -0.141 -0.0938
-0.007 -0.118 -0.0866 -0.142 -0.0961
-0.006 -0.119 -0.0877 -0.143 -0.0984
-0.005 -0.12 -0.0888 -0.144 -0.101
-0.004 -0.121 -0.09 -0.145 -0.103
-0.003 -0.122 -0.0911 -0.146 -0.105
-0.002 -0.123 -0.0923 -0.147 -0.108
-0.001 -0.124 -0.0934 -0.148 -0.11
0 0.125 0.155 0.101 0.137
0.001 0.123 0.154 0.1 0.135
0.002 0.122 0.153 0.0991 0.133
0.003 0.121 0.152 0.0982 0.13
0.004 0.12 0.151 0.0973 0.128
0.005 0.119 0.15 0.0964 0.125
0.006 0.118 0.148 0.0955 0.122
0.007 0.117 0.147 0.0946 0.12
0.008 0.116 0.146 0.0937 0.117
0.009 0.115 0.145 0.0929 0.115
0.01 0.114 0.144 0.092 0.112
0.011 0.113 0.142 0.0912 0.109
0.012 0.111 0.141 0.0903 0.107
0.013 0.11 0.14 0.0895 0.104
0.014 0.109 0.139 0.0886 0.102
0.015 0.108 0.138 0.0878 0.0988
0.016 0.107 0.136 0.087 0.0961
0.017 0.106 0.135 0.0862 0.0934
0.018 0.105 0.134 0.0854 0.0907
0.019 0.104 0.133 0.0846 0.088
0.02 0.103 0.131 0.0838 0.0853
0.021 0.102 0.13 0.0831 0.0825
0.022 0.1 0.129 0.0823 0.0798
0.023 0.0994 0.128 0.0815 0.077
0.024 0.0983 0.126 0.0808 0.0743
0.025 0.0972 0.125 0.08 0.0715
0.026 0.0961 0.124 0.0793 0.0688
0.027 0.095 0.123 0.0785 0.066
0.028 0.094 0.121 0.0778 0.0632
0.029 0.0929 0.12 0.0771 0.0605
0.03 0.0918 0.119 0.0764 0.0577
0.031 0.0907 0.118 0.0757 0.055
0.032 0.0896 0.116 0.075 0.0522
0.033 0.0885 0.115 0.0743 0.0495
0.034 0.0874 0.114 0.0736 0.0467
0.035 0.0863 0.112 0.0729 0.044
0.036 0.0852 0.111 0.0722 0.0413
0.037 0.0841 0.11 0.0715 0.0385
0.038 0.083 0.109 0.0709 0.0358
0.039 0.082 0.107 0.0702 0.0332
0.04 0.0809 0.106 0.0696 0.0305
0.041 0.0798 0.105 0.0689 0.0278
0.042 0.0787 0.103 0.0683 0.0252
0.043 0.0776 0.102 0.0676 0.0225
0.044 0.0765 0.101 0.067 0.0199
0.045 0.0754 0.0993 0.0663 0.0173
0.046 0.0743 0.098 0.0657 0.0147
0.047 0.0732 0.0966 0.0651 0.0122
0.048 0.0721 0.0953 0.0645 0.00967
0.049 0.0711 0.0939 0.0638 0.00717
0.05 0.07 0.0926 0.0632 0.0047
0.051 0.0689 0.0912 0.0626 0.00226
0.052 0.0678 0.0899 0.062 -0.00016
0.053 0.0667 0.0885 0.0614 -0.00254
0.054 0.0656 0.0872 0.0608 -0.0049
0.055 0.0645 0.0858 0.0602 -0.00721
0.056 0.0634 0.0844 0.0596 -0.0095
0.057 0.0623 0.0831 0.059 -0.0117
0.058 0.0613 0.0817 0.0584 -0.0139
0.059 0.0602 0.0803 0.0578 -0.0161
0.06 0.0591 0.0789 0.0572 -0.0182
0.061 0.058 0.0776 0.0566 -0.0203
0.062 0.0569 0.0762 0.056 -0.0224
0.063 0.0558 0.0748 0.0555 -0.0244
0.064 0.0547 0.0734 0.0549 -0.0263
0.065 0.0536 0.072 0.0543 -0.0282
0.066 0.0526 0.0706 0.0537 -0.03
0.067 0.0515 0.0692 0.0531 -0.0318
0.068 0.0504 0.0678 0.0526 -0.0336
0.069 0.0493 0.0664 0.052 -0.0353
0.07 0.0482 0.065 0.0514 -0.0369
0.071 0.0471 0.0636 0.0508 -0.0385
0.072 0.046 0.0622 0.0502 -0.04
0.073 0.0449 0.0608 0.0497 -0.0414
0.074 0.0439 0.0593 0.0491 -0.0428
0.075 0.0428 0.0579 0.0485 -0.0442
0.076 0.0417 0.0565 0.0479 -0.0454
0.077 0.0406 0.0551 0.0473 -0.0466
0.078 0.0395 0.0536 0.0468 -0.0478
0.079 0.0384 0.0522 0.0462 -0.0488
0.08 0.0374 0.0508 0.0456 -0.0499
0.081 0.0363 0.0493 0.045 -0.0508
0.082 0.0352 0.0479 0.0444 -0.0517
0.083 0.0341 0.0465 0.0438 -0.0525
0.084 0.033 0.045 0.0432 -0.0532
0.085 0.0319 0.0436 0.0426 -0.0538
0.086 0.0308 0.0421 0.042 -0.0544
0.087 0.0298 0.0407 0.0414 -0.0549
0.088 0.0287 0.0392 0.0408 -0.0554
0.089 0.0276 0.0378 0.0402 -0.0557
0.09 0.0265 0.0363 0.0396 -0.056
0.091 0.0254 0.0348 0.039 -0.0562
0.092 0.0243 0.0334 0.0384 -0.0564
0.093 0.0233 0.0319 0.0377 -0.0564
0.094 0.0222 0.0305 0.0371 -0.0564
0.095 0.0211 0.029 0.0365 -0.0563
0.096 0.02 0.0275 0.0358 -0.0562
0.097 0.0189 0.0261 0.0352 -0.0559
0.098 0.0179 0.0246 0.0346 -0.0556
0.099 0.0168 0.0231 0.0339 -0.0552
0.1 0.0157 0.0216 0.0333 -0.0548
0.101 0.0146 0.0202 0.0326 -0.0543
0.102 0.0135 0.0187 0.0319 -0.0537
0.103 0.0125 0.0172 0.0313 -0.053
0.104 0.0114 0.0157 0.0306 -0.0523
0.105 0.0103 0.0143 0.0299 -0.0515
0.106 0.00922 0.0128 0.0292 -0.0506
0.107 0.00814 0.0113 0.0285 -0.0497
0.108 0.00706 0.00982 0.0278 -0.0487
0.109 0.00598 0.00833 0.0271 -0.0476
0.11 0.0049 0.00685 0.0264 -0.0465
0.111 0.00382 0.00536 0.0257 -0.0453
0.112 0.00274 0.00388 0.0249 -0.0441
0.113 0.00167 0.00239 0.0242 -0.0428
0.114 0.000588 0.0009 0.0235 -0.0414
0.115 -0.00049 -0.000589 0.0227 -0.04
0.116 -0.00157 -0.00208 0.022 -0.0386
0.117 -0.00264 -0.00357 0.0212 -0.0371
0.118 -0.00372 -0.00506 0.0204 -0.0355
0.119 -0.0048 -0.00655 0.0196 -0.0339
0.12 -0.00587 -0.00804 0.0188 -0.0323
0.121 -0.00695 -0.00953 0.018 -0.0306
0.122 -0.00802 -0.011 0.0172 -0.0289
0.123 -0.0091 -0.0125 0.0164 -0.0272
0.124 -0.0102 -0.014 0.0156 -0.0254
0.125 -0.0112 -0.0155 0.0148 -0.0236
0.126 -0.0123 -0.017 0.0139 -0.0218
0.127 -0.0134 -0.0185 0.0131 -0.0199
0.128 -0.0145 -0.02 0.0122 -0.0181
0.129 -0.0155 -0.0215 0.0114 -0.0162
0.13 -0.0166 -0.023 0.0105 -0.0143
0.131 -0.0177 -0.0245 0.00959 -0.0124
0.132 -0.0188 -0.026 0.0087 -0.0105
0.133 -0.0198 -0.0274 0.00779 -0.00853
0.134 -0.0209 -0.0289 0.00688 -0.0066
0.135 -0.022 -0.0304 0.00595 -0.00467
0.136 -0.0231 -0.0319 0.00502 -0.00275
0.137 -0.0241 -0.0334 0.00408 -0.000825
0.138 -0.0252 -0.0349 0.00312 0.00109
0.139 -0.0263 -0.0364 0.00216 0.00299
0.14 -0.0273 -0.0379 0.00118 0.00488
0.141 -0.0284 -0.0394 0.0002 0.00675
0.142 -0.0295 -0.0408 -0.000795 0.0086
0.143 -0.0305 -0.0423 -0.0018 0.0104
0.144 -0.0316 -0.0438 -0.00282 0.0122
0.145 -0.0327 -0.0453 -0.00384 0.014
0.146 -0.0338 -0.0468 -0.00488 0.0158
0.147 -0.0348 -0.0482 -0.00592 0.0175
0.148 -0.0359 -0.0497 -0.00698 0.0192
0.149 -0.037 -0.0512 -0.00805 0.0208
0.15 -0.038 -0.0527 -0.00913 0.0224
0.151 -0.0391 -0.0541 -0.0102 0.024
0.152 -0.0402 -0.0556 -0.0113 0.0255
0.153 -0.0412 -0.0571 -0.0124 0.027
0.154 -0.0423 -0.0586 -0.0135 0.0284
0.155 -0.0434 -0.06 -0.0147 0.0298
0.156 -0.0444 -0.0615 -0.0158 0.0311
0.157 -0.0455 -0.0629 -0.017 0.0324
0.158 -0.0466 -0.0644 -0.0181 0.0336
0.159 -0.0476 -0.0659 -0.0193 0.0348
0.16 -0.0487 -0.0673 -0.0205 0.0359
0.161 -0.0498 -0.0688 -0.0217 0.0369
0.162 -0.0508 -0.0702 -0.0229 0.0379
0.163 -0.0519 -0.0717 -0.0241 0.0388
0.164 -0.0529 -0.0731 -0.0253 0.0397
0.165 -0.054 -0.0746 -0.0266 0.0404
0.166 -0.0551 -0.076 -0.0278 0.0412
0.167 -0.0561 -0.0774 -0.0291 0.0418
0.168 -0.0572 -0.0789 -0.0303 0.0424
0.169 -0.0583 -0.0803 -0.0316 0.0429
0.17 -0.0593 -0.0817 -0.0329 0.0433
0.171 -0.0604 -0.0832 -0.0342 0.0437
0.172 -0.0614 -0.0846 -0.0355 0.0439
0.173 -0.0625 -0.086 -0.0368 0.0441
0.174 -0.0636 -0.0874 -0.0382 0.0443
0.175 -0.0646 -0.0889 -0.0395 0.0443
0.176 -0.0657 -0.0903 -0.0408 0.0443
0.177 -0.0667 -0.0917 -0.0422 0.0442
0.178 -0.0678 -0.0931 -0.0436 0.044
0.179 -0.0688 -0.0945 -0.0449 0.0437
0.18 -0.0699 -0.0959 -0.0463 0.0434
0.181 -0.071 -0.0973 -0.0477 0.043
0.182 -0.072 -0.0987 -0.0491 0.0425
0.183 -0.0731 -0.1 -0.0505 0.0419
0.184 -0.0741 -0.101 -0.0519 0.0412
0.185 -0.0752 -0.103 -0.0534 0.0405
0.186 -0.0762 -0.104 -0.0548 0.0396
0.187 -0.0773 -0.106 -0.0562 0.0387
0.188 -0.0784 -0.107 -0.0577 0.0377
0.189 -0.0794 -0.108 -0.0591 0.0366
0.19 -0.0805 -0.11 -0.0606 0.0355
0.191 -0.0815 -0.111 -0.0621 0.0342
0.192 -0.0826 -0.112 -0.0635 0.0329
0.193 -0.0836 -0.114 -0.065 0.0315
0.194 -0.0847 -0.115 -0.0665 0.03
0.195 -0.0857 -0.116 -0.068 0.0285
0.196 -0.0868 -0.118 -0.0695 0.0268
0.197 -0.0878 -0.119 -0.071 0.0251
0.198 -0.0889 -0.12 -0.0725 0.0233
0.199 -0.0899 -0.122 -0.074 0.0214
0.2 -0.091 -0.123 -0.0756 0.0195
0.201 -0.092 -0.124 -0.0771 0.0174
0.202 -0.0931 -0.126 -0.0786 0.0153
0.203 -0.0941 -0.127 -0.0801 0.0131
0.204 -0.0952 -0.128 -0.0817 0.0108
0.205 -0.0962 -0.13 -0.0832 0.00847
0.206 -0.0973 -0.131 -0.0848 0.00604
0.207 -0.0983 -0.132 -0.0863 0.00354
0.208 -0.0994 -0.133 -0.0879 0.000963
0.209 -0.1 -0.135 -0.0894 -0.00169
0.21 -0.101 -0.136 -0.091 -0.00441
0.211 -0.103 -0.137 -0.0925 -0.0072
0.212 -0.104 -0.138 -0.0941 -0.0101
0.213 -0.105 -0.14 -0.0956 -0.013
0.214 -0.106 -0.141 -0.0972 -0.016
0.215 -0.107 -0.142 -0.0988 -0.0191
0.216 -0.108 -0.143 -0.1 -0.0222
0.217 -0.109 -0.145 -0.102 -0.0254
0.218 -0.11 -0.146 -0.103 -0.0287
0.219 -0.111 -0.147 -0.105 -0.032
0.22 -0.112 -0.148 -0.107 -0.0354
0.221 -0.113 -0.15 -0.108 -0.0389
0.222 -0.114 -0.151 -0.11 -0.0424
0.223 -0.115 -0.152 -0.111 -0.046
0.224 -0.116 -0.153 -0.113 -0.0496
0.225 -0.117 -0.154 -0.114 -0.0533
0.226 -0.118 -0.155 -0.116 -0.057
0.227 -0.119 -0.157 -0.117 -0.0608
0.228 -0.12 -0.158 -0.119 -0.0647
0.229 -0.121 -0.159 -0.12 -0.0686
0.23 -0.122 -0.16 -0.122 -0.0725
0.231 -0.123 -0.161 -0.124 -0.0765
0.232 -0.124 -0.162 -0.125 -0.0805
0.233 -0.125 -0.164 -0.127 -0.0846
0.234 -0.126 -0.165 -0.128 -0.0887
0.235 -0.127 -0.166 -0.13 -0.0929
0.236 -0.129 -0.167 -0.131 -0.097
0.237 -0.13 -0.168 -0.133 -0.101
0.238 -0.131 -0.169 -0.134 -0.105
0.239 -0.132 -0.17 -0.136 -0.11
0.24 -0.133 -0.171 -0.137 -0.114
0.241 -0.134 -0.172 -0.138 -0.118
0.242 -0.135 -0.173 -0.14 -0.123
0.243 -0.136 -0.175 -0.141 -0.127
0.244 -0.137 -0.176 -0.143 -0.131
0.245 -0.138 -0.177 -0.144 -0.136
0.246 -0.139 -0.178 -0.146 -0.14
0.247 -0.14 -0.179 -0.147 -0.145
0.248 -0.141 -0.18 -0.148 -0.149
0.249 -0.142 -0.181 -0.15 -0.153
0.25 0.107 0.0681 0.0987 0.0921
0.251 0.106 0.0671 0.0974 0.0877
0.252 0.105 0.0661 0.096 0.0833
0.253 0.104 0.0651 0.0947 0.079
0.254 0.103 0.0641 0.0933 0.0746
0.255 0.102 0.0631 0.092 0.0703
0.256 0.101 0.0621 0.0907 0.0659
0.257 0.0999 0.0611 0.0894 0.0617
0.258 0.0988 0.0601 0.0881 0.0574
0.259 0.0978 0.0592 0.0868 0.0532
0.26 0.0968 0.0582 0.0855 0.049
0.261 0.0958 0.0573 0.0843 0.0448
0.262 0.0947 0.0563 0.083 0.0407
0.263 0.0937 0.0554 0.0818 0.0367
0.264 0.0927 0.0544 0.0806 0.0327
0.265 0.0917 0.0535 0.0794 0.0288
0.266 0.0906 0.0526 0.0782 0.0249
0.267 0.0896 0.0517 0.077 0.0211
0.268 0.0886 0.0507 0.0758 0.0173
0.269 0.0876 0.0498 0.0747 0.0137
0.27 0.0866 0.0489 0.0736 0.0101
0.271 0.0855 0.0481 0.0724 0.00654
0.272 0.0845 0.0472 0.0713 0.00311
0.273 0.0835 0.0463 0.0702 -0.000238
0.274 0.0825 0.0454 0.0691 -0.00349
0.275 0.0815 0.0446 0.0681 -0.00666
0.276 0.0805 0.0437 0.067 -0.00973
0.277 0.0794 0.0429 0.066 -0.0127
0.278 0.0784 0.042 0.065 -0.0156
0.279 0.0774 0.0412 0.0639 -0.0183
0.28 0.0764 0.0403 0.063 -0.021
0.281 0.0754 0.0395 0.062 -0.0235
0.282 0.0744 0.0387 0.061 -0.0259
0.283 0.0734 0.0379 0.0601 -0.0282
0.284 0.0723 0.0371 0.0591 -0.0304
0.285 0.0713 0.0363 0.0582 -0.0325
0.286 0.0703 0.0355 0.0573 -0.0345
0.287 0.0693 0.0347 0.0564 -0.0363
0.288 0.0683 0.0339 0.0555 -0.038
0.289 0.0673 0.0332 0.0546 -0.0396
0.29 0.0663 0.0324 0.0538 -0.041
0.291 0.0653 0.0316 0.0529 -0.0424
0.292 0.0643 0.0309 0.0521 -0.0436
0.293 0.0632 0.0301 0.0513 -0.0447
0.294 0.0622 0.0294 0.0505 -0.0456
0.295 0.0612 0.0286 0.0497 -0.0464
0.296 0.0602 0.0279 0.049 -0.0471
0.297 0.0592 0.0272 0.0482 -0.0477
0.298 0.0582 0.0265 0.0475 -0.0482
0.299 0.0572 0.0258 0.0467 -0.0485
0.3 0.0562 0.0251 0.046 -0.0487
0.301 0.0552 0.0244 0.0453 -0.0488
0.302 0.0542 0.0237 0.0446 -0.0488
0.303 0.0532 0.023 0.044 -0.0486
0.304 0.0522 0.0223 0.0433 -0.0484
0.305 0.0512 0.0216 0.0426 -0.048
0.306 0.0502 0.021 0.042 -0.0475
0.307 0.0492 0.0203 0.0414 -0.047
0.308 0.0482 0.0196 0.0408 -0.0463
0.309 0.0472 0.019 0.0402 -0.0455
0.31 0.0462 0.0183 0.0396 -0.0447
0.311 0.0452 0.0177 0.039 -0.0437
0.312 0.0442 0.0171 0.0384 -0.0427
0.313 0.0432 0.0164 0.0379 -0.0415
0.314 0.0422 0.0158 0.0373 -0.0403
0.315 0.0412 0.0152 0.0368 -0.0391
0.316 0.0402 0.0146 0.0363 -0.0377
0.317 0.0392 0.014 0.0357 -0.0363
0.318 0.0382 0.0134 0.0352 -0.0348
0.319 0.0372 0.0128 0.0347 -0.0333
0.32 0.0362 0.0122 0.0343 -0.0317
0.321 0.0352 0.0116 0.0338 -0.0301
0.322 0.0342 0.011 0.0333 -0.0284
0.323 0.0332 0.0104 0.0328 -0.0267
0.324 0.0322 0.00987 0.0324 -0.0249
0.325 0.0312 0.00931 0.032 -0.0231
0.326 0.0302 0.00875 0.0315 -0.0213
0.327 0.0292 0.00819 0.0311 -0.0195
0.328 0.0283 0.00764 0.0307 -0.0176
0.329 0.0273 0.0071 0.0303 -0.0157
0.33 0.0263 0.00656 0.0299 -0.0138
0.331 0.0253 0.00602 0.0295 -0.0119
0.332 0.0243 0.00549 0.0291 -0.01
0.333 0.0233 0.00496 0.0287 -0.00812
0.334 0.0223 0.00444 0.0283 -0.00622
0.335 0.0213 0.00392 0.028 -0.00433
0.336 0.0203 0.00341 0.0276 -0.00244
0.337 0.0194 0.0029 0.0272 -0.000574
0.338 0.0184 0.0024 0.0269 0.00128
0.339 0.0174 0.0019 0.0265 0.00312
0.34 0.0164 0.0014 0.0262 0.00493
0.341 0.0154 0.000909 0.0258 0.00672
0.342 0.0144 0.000422 0.0255 0.00848
0.343 0.0134 -6.17e-05 0.0252 0.0102
0.344 0.0125 -0.000541 0.0248 0.0119
0.345 0.0115 -0.00102 0.0245 0.0136
0.346 0.0105 -0.00149 0.0242 0.0152
0.347 0.00952 -0.00196 0.0239 0.0168
0.348 0.00854 -0.00242 0.0235 0.0183
0.349 0.00755 -0.00288 0.0232 0.0199
0.35 0.00657 -0.00334 0.0229 0.0213
0.351 0.0056 -0.00379 0.0226 0.0227
0.352 0.00462 -0.00424 0.0223 0.0241
0.353 0.00364 -0.00468 0.022 0.0254
0.354 0.00266 -0.00513 0.0217 0.0267
0.355 0.00168 -0.00556 0.0213 0.0279
0.356 0.000705 -0.006 0.021 0.0291
0.357 -0.000271 -0.00643 0.0207 0.0302
0.358 -0.00125 -0.00686 0.0204 0.0313
0.359 -0.00222 -0.00729 0.0201 0.0323
0.36 -0.0032 -0.00771 0.0198 0.0333
0.361 -0.00417 -0.00813 0.0195 0.0342
0.362 -0.00515 -0.00855 0.0192 0.035
0.363 -0.00612 -0.00896 0.0188 0.0358
0.364 -0.00709 -0.00938 0.0185 0.0366
0.365 -0.00806 -0.00978 0.0182 0.0373
0.366 -0.00904 -0.0102 0.0179 0.0379
0.367 -0.01 -0.0106 0.0175 0.0385
0.368 -0.011 -0.011 0.0172 0.039
0.369 -0.0119 -0.0114 0.0169 0.0395
0.37 -0.0129 -0.0118 0.0165 0.0399
0.371 -0.0139 -0.0122 0.0162 0.0402
0.372 -0.0149 -0.0126 0.0159 0.0405
0.373 -0.0158 -0.013 0.0155 0.0407
0.374 -0.0168 -0.0134 0.0152 0.0409
0.375 -0.0178 -0.0137 0.0148 0.0411
0.376 -0.0187 -0.0141 0.0144 0.0412
0.377 -0.0197 -0.0145 0.0141 0.0412
0.378 -0.0207 -0.0149 0.0137 0.0412
0.379 -0.0216 -0.0153 0.0133 0.0411
0.38 -0.0226 -0.0156 0.0129 0.0409
0.381 -0.0236 -0.016 0.0125 0.0408
0.382 -0.0245 -0.0164 0.0121 0.0405
0.383 -0.0255 -0.0168 0.0117 0.0403
0.384 -0.0264 -0.0171 0.0113 0.0399
0.385 -0.0274 -0.0175 0.0109 0.0396
0.386 -0.0284 -0.0179 0.0105 0.0391
0.387 -0.0293 -0.0182 0.0101 0.0387
0.388 -0.0303 -0.0186 0.00962 0.0382
0.389 -0.0312 -0.019 0.00917 0.0376
0.39 -0.0322 -0.0193 0.00871 0.037
0.391 -0.0332 -0.0197 0.00825 0.0364
0.392 -0.0341 -0.02 0.00778 0.0357
0.393 -0.0351 -0.0204 0.0073 0.0349
0.394 -0.036 -0.0208 0.0068 0.0342
0.395 -0.037 -0.0211 0.00631 0.0334
0.396 -0.038 -0.0215 0.0058 0.0325
0.397 -0.0389 -0.0218 0.00528 0.0316
0.398 -0.0399 -0.0222 0.00475 0.0307
0.399 -0.0408 -0.0226 0.00421 0.0298
0.4 -0.0418 -0.0229 0.00366 0.0288
0.401 -0.0427 -0.0233 0.00311 0.0278
0.402 -0.0437 -0.0236 0.00254 0.0267
0.403 -0.0446 -0.024 0.00196 0.0256
0.404 -0.0456 -0.0243 0.00137 0.0245
0.405 -0.0465 -0.0247 0.000767 0.0234
0.406 -0.0475 -0.0251 0.000155 0.0222
0.407 -0.0484 -0.0254 -0.000469 0.021
0.408 -0.0494 -0.0258 -0.0011 0.0198
0.409 -0.0503 -0.0261 -0.00175 0.0185
0.41 -0.0513 -0.0265 -0.00241 0.0172
0.411 -0.0522 -0.0268 -0.00308 0.0159
0.412 -0.0532 -0.0272 -0.00376 0.0146
0.413 -0.0541 -0.0276 -0.00445 0.0133
0.414 -0.0551 -0.0279 -0.00516 0.0119
0.415 -0.056 -0.0283 -0.00588 0.0105
0.416 -0.057 -0.0287 -0.00661 0.00914
0.417 -0.0579 -0.029 -0.00736 0.00772
0.418 -0.0589 -0.0294 -0.00811 0.00629
0.419 -0.0598 -0.0297 -0.00888 0.00484
0.42 -0.0608 -0.0301 -0.00967 0.00338
0.421 -0.0617 -0.0305 -0.0105 0.00191
0.422 -0.0627 -0.0308 -0.0113 0.000421
0.423 -0.0636 -0.0312 -0.0121 -0.00108
0.424 -0.0645 -0.0316 -0.0129 -0.00259
0.425 -0.0655 -0.032 -0.0138 -0.0041
0.426 -0.0664 -0.0323 -0.0146 -0.00563
0.427 -0.0674 -0.0327 -0.0155 -0.00716
0.428 -0.0683 -0.0331 -0.0164 -0.0087
0.429 -0.0692 -0.0335 -0.0173 -0.0102
0.43 -0.0702 -0.0339 -0.0182 -0.0118
0.431 -0.0711 -0.0342 -0.0192 -0.0133
0.432 -0.0721 -0.0346 -0.0201 -0.0149
0.433 -0.073 -0.035 -0.0211 -0.0165
0.434 -0.0739 -0.0354 -0.0221 -0.018
0.435 -0.0749 -0.0358 -0.0231 -0.0196
0.436 -0.0758 -0.0362 -0.0241 -0.0211
0.437 -0.0767 -0.0366 -0.0251 -0.0227
0.438 -0.0777 -0.037 -0.0261 -0.0242
0.439 -0.0786 -0.0374 -0.0272 -0.0258
0.44 -0.0796 -0.0378 -0.0283 -0.0273
0.441 -0.0805 -0.0382 -0.0293 -0.0289
0.442 -0.0814 -0.0386 -0.0304 -0.0304
0.443 -0.0824 -0.039 -0.0315 -0.0319
0.444 -0.0833 -0.0394 -0.0327 -0.0335
0.445 -0.0842 -0.0398 -0.0338 -0.035
0.446 -0.0852 -0.0403 -0.035 -0.0365
0.447 -0.0861 -0.0407 -0.0361 -0.038
0.448 -0.087 -0.0411 -0.0373 -0.0395
0.449 -0.0879 -0.0415 -0.0385 -0.0409
0.45 -0.0889 -0.042 -0.0397 -0.0424
0.451 -0.0898 -0.0424 -0.041 -0.0439
0.452 -0.0907 -0.0428 -0.0422 -0.0453
0.453 -0.0917 -0.0433 -0.0435 -0.0467
0.454 -0.0926 -0.0437 -0.0448 -0.0482
0.455 -0.0935 -0.0442 -0.0461 -0.0496
0.456 -0.0944 -0.0446 -0.0474 -0.051
0.457 -0.0954 -0.0451 -0.0487 -0.0524
0.458 -0.0963 -0.0456 -0.05 -0.0537
0.459 -0.0972 -0.046 -0.0514 -0.0551
0.46 -0.0982 -0.0465 -0.0527 -0.0564
0.461 -0.0991 -0.047 -0.0541 -0.0578
0.462 -0.1 -0.0474 -0.0555 -0.0591
0.463 -0.101 -0.0479 -0.0569 -0.0604
0.464 -0.102 -0.0484 -0.0584 -0.0617
0.465 -0.103 -0.0489 -0.0598 -0.063
0.466 -0.104 -0.0494 -0.0613 -0.0643
0.467 -0.105 -0.0499 -0.0627 -0.0655
0.468 -0.106 -0.0504 -0.0642 -0.0668
0.469 -0.106 -0.0509 -0.0657 -0.068
0.47 -0.107 -0.0514 -0.0672 -0.0692
0.471 -0.108 -0.0519 -0.0688 -0.0705
0.472 -0.109 -0.0524 -0.0703 -0.0717
0.473 -0.11 -0.0529 -0.0719 -0.0729
0.474 -0.111 -0.0535 -0.0734 -0.0741
0.475 -0.112 -0.054 -0.075 -0.0752
0.476 -0.113 -0.0546 -0.0766 -0.0764
0.477 -0.114 -0.0551 -0.0782 -0.0776
0.478 -0.115 -0.0556 -0.0798 -0.0787
0.479 -0.116 -0.0562 -0.0815 -0.0799
0.48 -0.117 -0.0568 -0.0831 -0.0811
0.481 -0.117 -0.0573 -0.0848 -0.0822
0.482 -0.118 -0.0579 -0.0865 -0.0834
0.483 -0.119 -0.0585 -0.0881 -0.0845
0.484 -0.12 -0.059 -0.0898 -0.0857
0.485 -0.121 -0.0596 -0.0915 -0.0868
0.486 -0.122 -0.0602 -0.0933 -0.088
0.487 -0.123 -0.0608 -0.095 -0.0892
0.488 -0.124 -0.0614 -0.0967 -0.0904
0.489 -0.125 -0.062 -0.0985 -0.0915
0.49 -0.126 -0.0626 -0.1 -0.0927
0.491 -0.127 -0.0633 -0.102 -0.0939
0.492 -0.128 -0.0639 -0.104 -0.0951
0.493 -0.128 -0.0645 -0.106 -0.0964
0.494 -0.129 -0.0652 -0.107 -0.0976
0.495 -0.13 -0.0658 -0.109 -0.0989
0.496 -0.131 -0.0664 -0.111 -0.1
0.497 -0.132 -0.0671 -0.113 -0.101
0.498 -0.133 -0.0678 -0.115 -0.103
0.499 -0.134 -0.0684 -0.117 -0.104
0.5 0.115 0.181 0.132 0.145
0.501 0.114 0.18 0.13 0.143
0.502 0.113 0.18 0.128 0.142
0.503 0.112 0.179 0.126 0.14
0.504 0.112 0.178 0.124 0.139
0.505 0.111 0.177 0.122 0.137
0.506 0.11 0.177 0.12 0.136
0.507 0.109 0.176 0.118 0.134
0.508 0.108 0.175 0.116 0.133
0.509 0.107 0.175 0.115 0.131
0.51 0.106 0.174 0.113 0.129
0.511 0.105 0.173 0.111 0.128
0.512 0.104 0.172 0.109 0.126
0.513 0.103 0.172 0.107 0.124
0.514 0.103 0.171 0.105 0.123
0.515 0.102 0.17 0.103 0.121
0.516 0.101 0.169 0.101 0.119
0.517 0.0998 0.168 0.0991 0.117
0.518 0.0989 0.168 0.0972 0.115
0.519 0.098 0.167 0.0953 0.113
0.52 0.0971 0.166 0.0933 0.111
0.521 0.0962 0.165 0.0914 0.109
0.522 0.0953 0.164 0.0894 0.107
0.523 0.0944 0.164 0.0875 0.105
0.524 0.0935 0.163 0.0856 0.102
0.525 0.0926 0.162 0.0836 0.1
0.526 0.0917 0.161 0.0817 0.098
0.527 0.0908 0.16 0.0798 0.0957
0.528 0.0899 0.159 0.0779 0.0933
0.529 0.089 0.158 0.076 0.091
0.53 0.0881 0.157 0.074 0.0886
0.531 0.0872 0.157 0.0721 0.0861
0.532 0.0863 0.156 0.0702 0.0836
0.533 0.0854 0.155 0.0683 0.0811
0.534 0.0845 0.154 0.0665 0.0786
0.535 0.0837 0.153 0.0646 0.076
0.536 0.0828 0.152 0.0627 0.0734
0.537 0.0819 0.151 0.0608 0.0707
0.538 0.081 0.15 0.059 0.0681
0.539 0.0801 0.149 0.0571 0.0654
0.54 0.0792 0.148 0.0553 0.0627
0.541 0.0783 0.147 0.0535 0.0599
0.542 0.0774 0.146 0.0517 0.0571
0.543 0.0765 0.145 0.0499 0.0544
0.544 0.0756 0.144 0.0481 0.0515
0.545 0.0747 0.143 0.0463 0.0487
0.546 0.0738 0.142 0.0445 0.0459
0.547 0.0729 0.141 0.0428 0.043
0.548 0.072 0.14 0.0411 0.0401
0.549 0.0712 0.139 0.0393 0.0373
0.55 0.0703 0.138 0.0376 0.0344
0.551 0.0694 0.137 0.036 0.0315
0.552 0.0685 0.136 0.0343 0.0286
0.553 0.0676 0.135 0.0326 0.0257
0.554 0.0667 0.134 0.031 0.0228
0.555 0.0658 0.133 0.0294 0.0198
0.556 0.0649 0.132 0.0278 0.0169
0.557 0.064 0.13 0.0262 0.014
0.558 0.0632 0.129 0.0247 0.0112
0.559 0.0623 0.128 0.0231 0.00828
0.56 0.0614 0.127 0.0216 0.00542
0.561 0.0605 0.126 0.0201 0.00257
0.562 0.0596 0.125 0.0186 -0.00026
0.563 0.0587 0.124 0.0172 -0.00307
0.564 0.0578 0.122 0.0158 -0.00586
0.565 0.057 0.121 0.0144 -0.00862
0.566 0.0561 0.12 0.013 -0.0114
0.567 0.0552 0.119 0.0116 -0.0141
0.568 0.0543 0.118 0.0103 -0.0167
0.569 0.0534 0.116 0.00898 -0.0194
0.57 0.0525 0.115 0.0077 -0.022
0.571 0.0517 0.114 0.00645 -0.0245
0.572 0.0508 0.113 0.00522 -0.0271
0.573 0.0499 0.111 0.00402 -0.0295
0.574 0.049 0.11 0.00285 -0.032
0.575 0.0481 0.109 0.00171 -0.0343
0.576 0.0472 0.108 0.000591 -0.0367
0.577 0.0464 0.106 -0.000497 -0.0389
0.578 0.0455 0.105 -0.00156 -0.0412
0.579 0.0446 0.104 -0.00259 -0.0433
0.58 0.0437 0.102 -0.00359 -0.0454
0.581 0.0428 0.101 -0.00456 -0.0474
0.582 0.0419 0.0997 -0.0055 -0.0494
0.583 0.0411 0.0983 -0.00641 -0.0512
0.584 0.0402 0.097 -0.00729 -0.0531
0.585 0.0393 0.0956 -0.00814 -0.0548
0.586 0.0384 0.0942 -0.00896 -0.0564
0.587 0.0375 0.0928 -0.00975 -0.058
0.588 0.0367 0.0914 -0.0105 -0.0595
0.589 0.0358 0.09 -0.0112 -0.0609
0.59 0.0349 0.0886 -0.0119 -0.0622
0.591 0.034 0.0872 -0.0126 -0.0634
0.592 0.0332 0.0858 -0.0132 -0.0646
0.593 0.0323 0.0843 -0.0138 -0.0656
0.594 0.0314 0.0829 -0.0144 -0.0665
0.595 0.0305 0.0814 -0.0149 -0.0673
0.596 0.0296 0.08 -0.0154 -0.0681
0.597 0.0288 0.0785 -0.0159 -0.0687
0.598 0.0279 0.077 -0.0163 -0.0692
0.599 0.027 0.0755 -0.0168 -0.0696
0.6 0.0261 0.074 -0.0171 -0.0699
0.601 0.0253 0.0725 -0.0175 -0.0701
0.602 0.0244 0.071 -0.0178 -0.0702
0.603 0.0235 0.0694 -0.0181 -0.0702
0.604 0.0226 0.0679 -0.0183 -0.07
0.605 0.0217 0.0663 -0.0186 -0.0698
0.606 0.0209 0.0648 -0.0188 -0.0694
0.607 0.02 0.0632 -0.0189 -0.0689
0.608 0.0191 0.0616 -0.0191 -0.0682
0.609 0.0182 0.0601 -0.0192 -0.0675
0.61 0.0174 0.0585 -0.0192 -0.0666
0.611 0.0165 0.0569 -0.0193 -0.0656
0.612 0.0156 0.0553 -0.0193 -0.0645
0.613 0.0147 0.0536 -0.0193 -0.0633
0.614 0.0139 0.052 -0.0193 -0.062
0.615 0.013 0.0504 -0.0192 -0.0605
0.616 0.0121 0.0487 -0.0191 -0.0589
0.617 0.0112 0.0471 -0.019 -0.0572
0.618 0.0104 0.0454 -0.0189 -0.0554
0.619 0.0095 0.0438 -0.0187 -0.0535
0.62 0.00862 0.0421 -0.0185 -0.0514
0.621 0.00775 0.0404 -0.0183 -0.0493
0.622 0.00688 0.0387 -0.018 -0.047
0.623 0.006 0.037 -0.0178 -0.0446
0.624 0.00513 0.0353 -0.0175 -0.0422
0.625 0.00426 0.0336 -0.0172 -0.0396
0.626 0.00338 0.0319 -0.0169 -0.0369
0.627 0.00251 0.0301 -0.0165 -0.0342
0.628 0.00164 0.0284 -0.0162 -0.0314
0.629 0.000767 0.0266 -0.0158 -0.0284
0.63 -0.000106 0.0249 -0.0154 -0.0254
0.631 -0.000979 0.0231 -0.015 -0.0224
0.632 -0.00185 0.0213 -0.0146 -0.0192
0.633 -0.00272 0.0196 -0.0141 -0.0161
0.634 -0.0036 0.0178 -0.0137 -0.0128
0.635 -0.00447 0.016 -0.0132 -0.00951
0.636 -0.00534 0.0142 -0.0127 -0.00618
0.637 -0.00621 0.0124 -0.0122 -0.00281
0.638 -0.00708 0.0106 -0.0117 0.000587
0.639 -0.00796 0.00876 -0.0112 0.004
0.64 -0.00883 0.00693 -0.0107 0.00744
0.641 -0.0097 0.0051 -0.0102 0.0109
0.642 -0.0106 0.00326 -0.00962 0.0143
0.643 -0.0114 0.00142 -0.00908 0.0177
0.644 -0.0123 -0.000433 -0.00854 0.0211
0.645 -0.0132 -0.00229 -0.00799 0.0245
0.646 -0.0141 -0.00415 -0.00744 0.0279
0.647 -0.0149 -0.00602 -0.00689 0.0312
0.648 -0.0158 -0.0079 -0.00634 0.0344
0.649 -0.0167 -0.00978 -0.00579 0.0376
0.65 -0.0175 -0.0117 -0.00525 0.0407
0.651 -0.0184 -0.0136 -0.0047 0.0438
0.652 -0.0193 -0.0155 -0.00416 0.0468
0.653 -0.0202 -0.0174 -0.00363 0.0497
0.654 -0.021 -0.0193 -0.0031 0.0525
0.655 -0.0219 -0.0212 -0.00258 0.0551
0.656 -0.0228 -0.0231 -0.00207 0.0577
0.657 -0.0236 -0.025 -0.00157 0.0602
0.658 -0.0245 -0.0269 -0.00108 0.0625
0.659 -0.0254 -0.0289 -0.000602 0.0647
0.66 -0.0263 -0.0308 -0.000137 0.0668
0.661 -0.0271 -0.0328 0.000314 0.0687
0.662 -0.028 -0.0347 0.00075 0.0705
0.663 -0.0289 -0.0366 0.00117 0.0722
0.664 -0.0297 -0.0386 0.00157 0.0737
0.665 -0.0306 -0.0405 0.00195 0.075
0.666 -0.0315 -0.0425 0.00232 0.0762
0.667 -0.0324 -0.0445 0.00266 0.0772
0.668 -0.0332 -0.0464 0.00298 0.078
0.669 -0.0341 -0.0484 0.00328 0.0787
0.67 -0.035 -0.0504 0.00356 0.0792
0.671 -0.0358 -0.0523 0.00381 0.0795
0.672 -0.0367 -0.0543 0.00403 0.0797
0.673 -0.0376 -0.0563 0.00423 0.0797
0.674 -0.0385 -0.0583 0.0044 0.0795
0.675 -0.0393 -0.0602 0.00454 0.0791
0.676 -0.0402 -0.0622 0.00465 0.0786
0.677 -0.0411 -0.0642 0.00474 0.0779
0.678 -0.0419 -0.0662 0.00479 0.0771
0.679 -0.0428 -0.0682 0.0048 0.0761
0.68 -0.0437 -0.0702 0.00479 0.0749
0.681 -0.0446 -0.0721 0.00474 0.0736
0.682 -0.0454 -0.0741 0.00466 0.0721
0.683 -0.0463 -0.0761 0.00454 0.0705
0.684 -0.0472 -0.0781 0.00438 0.0687
0.685 -0.048 -0.0801 0.00419 0.0668
0.686 -0.0489 -0.0821 0.00396 0.0647
0.687 -0.0498 -0.0841 0.0037 0.0625
0.688 -0.0507 -0.086 0.00339 0.0602
0.689 -0.0515 -0.088 0.00304 0.0577
0.69 -0.0524 -0.09 0.00266 0.0552
0.691 -0.0533 -0.092 0.00223 0.0525
0.692 -0.0542 -0.094 0.00176 0.0497
0.693 -0.055 -0.096 0.00125 0.0468
0.694 -0.0559 -0.0979 0.0007 0.0438
0.695 -0.0568 -0.0999 0.000105 0.0407
0.696 -0.0577 -0.102 -0.000533 0.0376
0.697 -0.0585 -0.104 -0.00121 0.0343
0.698 -0.0594 -0.106 -0.00194 0.031
0.699 -0.0603 -0.108 -0.00271 0.0276
0.7 -0.0611 -0.11 -0.00352 0.0241
0.701 -0.062 -0.112 -0.00438 0.0206
0.702 -0.0629 -0.114 -0.00528 0.017
0.703 -0.0638 -0.116 -0.00623 0.0134
0.704 -0.0646 -0.118 -0.00722 0.00976
0.705 -0.0655 -0.119 -0.00826 0.00606
0.706 -0.0664 -0.121 -0.00935 0.00233
0.707 -0.0673 -0.123 -0.0105 -0.00143
0.708 -0.0682 -0.125 -0.0116 -0.00521
0.709 -0.069 -0.127 -0.0129 -0.009
0.71 -0.0699 -0.129 -0.0141 -0.0128
0.711 -0.0708 -0.131 -0.0154 -0.0166
0.712 -0.0717 -0.133 -0.0168 -0.0204
0.713 -0.0725 -0.135 -0.0182 -0.0243
0.714 -0.0734 -0.137 -0.0196 -0.0281
0.715 -0.0743 -0.139 -0.0211 -0.0319
0.716 -0.0752 -0.14 -0.0227 -0.0357
0.717 -0.076 -0.142 -0.0242 -0.0394
0.718 -0.0769 -0.144 -0.0259 -0.0432
0.719 -0.0778 -0.146 -0.0275 -0.0469
0.72 -0.0787 -0.148 -0.0292 -0.0506
0.721 -0.0796 -0.15 -0.031 -0.0542
0.722 -0.0804 -0.151 -0.0328 -0.0579
0.723 -0.0813 -0.153 -0.0346 -0.0614
0.724 -0.0822 -0.155 -0.0365 -0.065
0.725 -0.0831 -0.157 -0.0384 -0.0685
0.726 -0.084 -0.159 -0.0403 -0.0719
0.727 -0.0848 -0.16 -0.0423 -0.0753
0.728 -0.0857 -0.162 -0.0443 -0.0787
0.729 -0.0866 -0.164 -0.0464 -0.082
0.73 -0.0875 -0.166 -0.0485 -0.0852
0.731 -0.0884 -0.167 -0.0506 -0.0884
0.732 -0.0893 -0.169 -0.0528 -0.0915
0.733 -0.0901 -0.171 -0.055 -0.0946
0.734 -0.091 -0.173 -0.0572 -0.0976
0.735 -0.0919 -0.174 -0.0595 -0.101
0.736 -0.0928 -0.176 -0.0618 -0.103
0.737 -0.0937 -0.178 -0.0641 -0.106
0.738 -0.0946 -0.179 -0.0665 -0.109
0.739 -0.0954 -0.181 -0.0689 -0.112
0.74 -0.0963 -0.182 -0.0713 -0.114
0.741 -0.0972 -0.184 -0.0737 -0.117
0.742 -0.0981 -0.186 -0.0762 -0.119
0.743 -0.099 -0.187 -0.0787 -0.122
0.744 -0.0999 -0.189 -0.0812 -0.124
0.745 -0.101 -0.19 -0.0838 -0.126
0.746 -0.102 -0.192 -0.0863 -0.129
0.747 -0.103 -0.193 -0.0889 -0.131
0.748 -0.103 -0.195 -0.0915 -0.133
0.749 -0.104 -0.196 -0.0941 -0.135
0.75 0.145 0.0521 0.153 0.113
0.751 0.144 0.0506 0.151 0.111
0.752 0.143 0.0491 0.148 0.109
0.753 0.142 0.0477 0.145 0.107
0.754 0.141 0.0463 0.143 0.106
0.755 0.14 0.0449 0.14 0.104
0.756 0.139 0.0435 0.137 0.102
0.757 0.139 0.0422 0.134 0.101
0.758 0.138 0.0408 0.132 0.099
0.759 0.137 0.0395 0.129 0.0974
0.76 0.136 0.0382 0.126 0.0959
0.761 0.135 0.0369 0.123 0.0945
0.762 0.134 0.0356 0.121 0.0931
0.763 0.133 0.0343 0.118 0.0917
0.764 0.132 0.0331 0.115 0.0903
0.765 0.131 0.0319 0.112 0.0889
0.766 0.131 0.0307 0.11 0.0876
0.767 0.13 0.0295 0.107 0.0863
0.768 0.129 0.0283 0.104 0.085
0.769 0.128 0.0272 0.101 0.0837
0.77 0.127 0.0261 0.0986 0.0824
0.771 0.126 0.0249 0.0958 0.0811
0.772 0.125 0.0239 0.0931 0.0798
0.773 0.124 0.0228 0.0904 0.0785
0.774 0.123 0.0217 0.0877 0.0771
0.775 0.122 0.0207 0.085 0.0758
0.776 0.122 0.0197 0.0823 0.0744
0.777 0.121 0.0187 0.0796 0.073
0.778 0.12 0.0177 0.077 0.0716
0.779 0.119 0.0168 0.0743 0.0702
0.78 0.118 0.0159 0.0717 0.0687
0.781 0.117 0.015 0.0691 0.0672
0.782 0.116 0.0141 0.0665 0.0656
0.783 0.115 0.0132 0.0639 0.064
0.784 0.114 0.0124 0.0614 0.0623
0.785 0.113 0.0115 0.0588 0.0606
0.786 0.112 0.0107 0.0563 0.0589
0.787 0.112 0.00996 0.0538 0.057
0.788 0.111 0.0092 0.0514 0.0552
0.789 0.11 0.00846 0.0489 0.0532
0.79 0.109 0.00774 0.0465 0.0512
0.791 0.108 0.00705 0.0441 0.0492
0.792 0.107 0.00637 0.0418 0.0471
0.793 0.106 0.00572 0.0394 0.0449
0.794 0.105 0.00509 0.0371 0.0427
0.795 0.104 0.00448 0.0348 0.0404
0.796 0.103 0.00389 0.0326 0.038
0.797 0.102 0.00332 0.0304 0.0356
0.798 0.101 0.00278 0.0282 0.0332
0.799 0.101 0.00226 0.026 0.0307
0.8 0.0997 0.00175 0.0239 0.0281
0.801 0.0987 0.00127 0.0218 0.0255
0.802 0.0978 0.000815 0.0198 0.0229
0.803 0.0969 0.000379 0.0178 0.0202
0.804 0.096 -3.64e-05 0.0158 0.0176
0.805 0.095 -0.00043 0.0138 0.0149
0.806 0.0941 -0.000802 0.0119 0.0121
0.807 0.0932 -0.00115 0.01 0.00939
0.808 0.0923 -0.00148 0.00819 0.00664
0.809 0.0914 -0.00179 0.00638 0.00391
0.81 0.0904 -0.00207 0.00462 0.00118
0.811 0.0895 -0.00234 0.00289 -0.00154
0.812 0.0886 -0.00258 0.0012 -0.00423
0.813 0.0876 -0.0028 -0.000447 -0.00689
0.814 0.0867 -0.003 -0.00206 -0.00951
0.815 0.0858 -0.00318 -0.00363 -0.0121
0.816 0.0848 -0.00334 -0.00516 -0.0146
0.817 0.0839 -0.00348 -0.00664 -0.0171
0.818 0.083 -0.0036 -0.00809 -0.0195
0.819 0.082 -0.00369 -0.0095 -0.0218
0.82 0.0811 -0.00377 -0.0109 -0.0241
0.821 0.0802 -0.00382 -0.0122 -0.0262
0.822 0.0792 -0.00386 -0.0135 -0.0283
0.823 0.0783 -0.00387 -0.0147 -0.0302
0.824 0.0774 -0.00387 -0.0159 -0.0321
0.825 0.0764 -0.00384 -0.0171 -0.0339
0.826 0.0755 -0.00379 -0.0182 -0.0355
0.827 0.0745 -0.00373 -0.0192 -0.037
0.828 0.0736 -0.00364 -0.0203 -0.0384
0.829 0.0727 -0.00354 -0.0213 -0.0397
0.83 0.0717 -0.00342 -0.0222 -0.0408
0.831 0.0708 -0.00327 -0.0231 -0.0419
0.832 0.0698 -0.00311 -0.0239 -0.0427
0.833 0.0689 -0.00293 -0.0247 -0.0435
0.834 0.0679 -0.00273 -0.0255 -0.0441
0.835 0.067 -0.00252 -0.0262 -0.0445
0.836 0.066 -0.00228 -0.0269 -0.0448
0.837 0.0651 -0.00203 -0.0275 -0.045
0.838 0.0641 -0.00176 -0.0281 -0.045
0.839 0.0632 -0.00147 -0.0287 -0.0449
0.84 0.0622 -0.00116 -0.0292 -0.0446
0.841 0.0613 -0.000837 -0.0296 -0.0442
0.842 0.0603 -0.000497 -0.03 -0.0437
0.843 0.0593 -0.00014 -0.0304 -0.043
0.844 0.0584 0.000233 -0.0307 -0.0422
0.845 0.0574 0.000622 -0.031 -0.0412
0.846 0.0565 0.00103 -0.0313 -0.0401
0.847 0.0555 0.00145 -0.0315 -0.0389
0.848 0.0545 0.00188 -0.0316 -0.0376
0.849 0.0536 0.00234 -0.0317 -0.0361
0.85 0.0526 0.0028 -0.0318 -0.0345
0.851 0.0516 0.00328 -0.0318 -0.0328
0.852 0.0507 0.00378 -0.0318 -0.031
0.853 0.0497 0.00429 -0.0317 -0.0291
0.854 0.0487 0.00481 -0.0316 -0.0271
0.855 0.0478 0.00535 -0.0314 -0.0249
0.856 0.0468 0.0059 -0.0312 -0.0227
0.857 0.0458 0.00646 -0.031 -0.0204
0.858 0.0448 0.00704 -0.0307 -0.0181
0.859 0.0438 0.00763 -0.0304 -0.0156
0.86 0.0429 0.00823 -0.0301 -0.0131
0.861 0.0419 0.00884 -0.0296 -0.0105
0.862 0.0409 0.00946 -0.0292 -0.00786
0.863 0.0399 0.0101 -0.0287 -0.00516
0.864 0.0389 0.0107 -0.0282 -0.00242
0.865 0.038 0.0114 -0.0276 0.000354
0.866 0.037 0.0121 -0.027 0.00316
0.867 0.036 0.0127 -0.0264 0.00599
0.868 0.035 0.0134 -0.0257 0.00883
0.869 0.034 0.0141 -0.025 0.0117
0.87 0.033 0.0148 -0.0242 0.0145
0.871 0.032 0.0155 -0.0234 0.0174
0.872 0.031 0.0162 -0.0226 0.0202
0.873 0.03 0.017 -0.0218 0.023
0.874 0.029 0.0177 -0.0209 0.0257
0.875 0.028 0.0184 -0.0199 0.0284
0.876 0.027 0.0192 -0.019 0.0311
0.877 0.026 0.0199 -0.018 0.0337
0.878 0.025 0.0207 -0.0169 0.0362
0.879 0.024 0.0214 -0.0159 0.0386
0.88 0.023 0.0222 -0.0148 0.0409
0.881 0.022 0.023 -0.0137 0.0431
0.882 0.021 0.0237 -0.0125 0.0451
0.883 0.02 0.0245 -0.0114 0.047
0.884 0.019 0.0253 -0.0102 0.0488
0.885 0.018 0.0261 -0.00894 0.0503
0.886 0.017 0.0269 -0.0077 0.0517
0.887 0.0159 0.0276 -0.00644 0.0529
0.888 0.0149 0.0284 -0.00516 0.0538
0.889 0.0139 0.0292 -0.00386 0.0546
0.89 0.0129 0.03 -0.00255 0.055
0.891 0.0119 0.0308 -0.00123 0.0552
0.892 0.0108 0.0315 0.0001 0.055
0.893 0.00982 0.0323 0.00144 0.0546
0.894 0.00879 0.0331 0.00279 0.0538
0.895 0.00776 0.0339 0.00414 0.0527
0.896 0.00673 0.0347 0.00549 0.0512
0.897 0.0057 0.0354 0.00684 0.0492
0.898 0.00466 0.0362 0.00819 0.0469
0.899 0.00363 0.0369 0.00953 0.0441
0.9 0.00259 0.0377 0.0109 0.0409
0.901 0.00155 0.0384 0.0122 0.0372
0.902 0.000512 0.0392 0.0135 0.033
0.903 -0.00053 0.0399 0.0147 0.0283
0.904 -0.00157 0.0406 0.016 0.0232
0.905 -0.00262 0.0413 0.0172 0.0175
0.906 -0.00367 0.042 0.0184 0.0114
0.907 -0.00472 0.0427 0.0196 0.00474
0.908 -0.00577 0.0434 0.0207 -0.00234
0.909 -0.00682 0.0441 0.0218 -0.00983
0.91 -0.00788 0.0447 0.0228 -0.0177
0.911 -0.00893 0.0454 0.0238 -0.0259
0.912 -0.00999 0.046 0.0247 -0.0343
0.913 -0.0111 0.0466 0.0256 -0.0429
0.914 -0.0121 0.0472 0.0264 -0.0516
0.915 -0.0132 0.0478 0.0271 -0.0602
0.916 -0.0142 0.0484 0.0278 -0.0687
0.917 -0.0153 0.0489 0.0284 -0.0769
0.918 -0.0164 0.0495 0.0289 -0.0847
0.919 -0.0175 0.05 0.0294 -0.0919
0.92 -0.0185 0.0504 0.0297 -0.0984
0.921 -0.0196 0.0509 0.03 -0.104
0.922 -0.0207 0.0513 0.0302 -0.109
0.923 -0.0218 0.0518 0.0303 -0.112
0.924 -0.0228 0.0521 0.0302 -0.115
0.925 -0.0239 0.0525 0.0302 -0.116
0.926 -0.025 0.0528 0.03 -0.116
0.927 -0.0261 0.0531 0.0297 -0.115
0.928 -0.0272 0.0534 0.0293 -0.113
0.929 -0.0283 0.0537 0.0288 -0.109
0.93 -0.0294 0.0539 0.0283 -0.104
0.931 -0.0305 0.054 0.0276 -0.0986
0.932 -0.0316 0.0542 0.0269 -0.0919
0.933 -0.0327 0.0543 0.026 -0.0844
0.934 -0.0338 0.0543 0.0251 -0.0763
0.935 -0.0349 0.0544 0.0241 -0.0677
0.936 -0.036 0.0543 0.023 -0.0586
0.937 -0.0371 0.0543 0.0219 -0.0493
0.938 -0.0382 0.0542 0.0207 -0.0399
0.939 -0.0393 0.054 0.0194 -0.0305
0.94 -0.0404 0.0538 0.0181 -0.0211
0.941 -0.0416 0.0535 0.0167 -0.012
0.942 -0.0427 0.0532 0.0152 -0.00307
0.943 -0.0438 0.0528 0.0138 0.00546
0.944 -0.0449 0.0524 0.0123 0.0136
0.945 -0.0461 0.0519 0.0107 0.0212
0.946 -0.0472 0.0513 0.00919 0.0283
0.947 -0.0483 0.0507 0.00763 0.0348
0.948 -0.0495 0.05 0.00606 0.0407
0.949 -0.0506 0.0492 0.00449 0.046
0.95 -0.0517 0.0483 0.00293 0.0506
0.951 -0.0529 0.0474 0.00139 0.0545
0.952 -0.054 0.0464 -0.000142 0.0577
0.953 -0.0552 0.0453 -0.00165 0.0602
0.954 -0.0563 0.0441 -0.00312 0.0619
0.955 -0.0575 0.0428 -0.00456 0.0629
0.956 -0.0586 0.0414 -0.00596 0.0632
0.957 -0.0598 0.0398 -0.00731 0.0626
0.958 -0.0609 0.0382 -0.00862 0.0613
0.959 -0.0621 0.0365 -0.00987 0.0593
0.96 -0.0633 0.0346 -0.0111 0.0564
0.961 -0.0644 0.0326 -0.0122 0.0528
0.962 -0.0656 0.0305 -0.0133 0.0485
0.963 -0.0668 0.0282 -0.0143 0.0433
0.964 -0.0679 0.0258 -0.0152 0.0375
0.965 -0.0691 0.0232 -0.016 0.0309
0.966 -0.0703 0.0205 -0.0168 0.0236
0.967 -0.0715 0.0176 -0.0175 0.0156
0.968 -0.0727 0.0144 -0.0181 0.00701
0.969 -0.0739 0.0111 -0.0187 -0.00217
0.97 -0.0751 0.00761 -0.0191 -0.0119
0.971 -0.0762 0.00387 -0.0195 -0.022
0.972 -0.0774 -0.000111 -0.0197 -0.0324
0.973 -0.0786 -0.00434 -0.0199 -0.043
0.974 -0.0798 -0.00883 -0.02 -0.0536
0.975 -0.0811 -0.0136 -0.0199 -0.064
0.976 -0.0823 -0.0187 -0.0198 -0.0739
0.977 -0.0835 -0.0241 -0.0196 -0.083
0.978 -0.0847 -0.0298 -0.0192 -0.091
0.979 -0.0859 -0.036 -0.0187 -0.0973
0.98 -0.0871 -0.0425 -0.0181 -0.101
0.981 -0.0883 -0.0494 -0.0174 -0.103
0.982 -0.0896 -0.0568 -0.0165 -0.101
0.983 -0.0908 -0.0647 -0.0154 -0.0946
0.984 -0.092 -0.0731 -0.0141 -0.0833
0.985 -0.0933 -0.0821 -0.0127 -0.0663
0.986 -0.0945 -0.0918 -0.0109 -0.0429
0.987 -0.0958 -0.102 -0.00895 -0.013
0.988 -0.097 -0.113 -0.00662 0.0234
0.989 -0.0982 -0.125 -0.00389 0.0651
0.99 -0.0995 -0.138 -0.000645 0.11
0.991 -0.101 -0.151 0.00324 0.155
0.992 -0.102 -0.166 0.00798 0.196
0.993 -0.103 -0.182 0.0139 0.225
0.994 -0.105 -0.2 0.0214 0.237
0.995 -0.106 -0.218 0.0314 0.222
0.996 -0.107 -0.239 0.0453 0.173
0.997 -0.108 -0.261 0.0662 0.0821
0.998 -0.11 -0.285 0.101 -0.0572
0.999 -0.111 -0.312 0.173 -0.252
1 0.138 -0.0916 0.659 -0.261
