    
-1 -0.144 -0.103 -0.172 -0.102
-0.999 -0.148 -0.115 -0.189 -0.133
-0.998 -0.152 -0.126 -0.206 -0.165
-0.997 -0.156 -0.138 -0.223 -0.197
-0.996 -0.16 -0.149 -0.239 -0.23
-0.995 -0.164 -0.161 -0.256 -0.263
-0.994 -0.168 -0.173 -0.273 -0.297
-0.993 -0.172 -0.184 -0.29 -0.331
-0.992 -0.176 -0.196 -0.306 -0.366
-0.991 -0.18 -0.207 -0.323 -0.401
-0.99 -0.185 -0.219 -0.339 -0.436
-0.989 -0.189 -0.231 -0.356 -0.471
-0.988 -0.193 -0.242 -0.372 -0.507
-0.987 -0.197 -0.254 -0.388 -0.543
-0.986 -0.201 -0.265 -0.404 -0.578
-0.985 -0.205 -0.277 -0.42 -0.614
-0.984 -0.209 -0.289 -0.436 -0.649
-0.983 -0.213 -0.3 -0.452 -0.684
-0.982 -0.217 -0.312 -0.467 -0.719
-0.981 -0.221 -0.323 -0.483 -0.754
-0.98 -0.225 -0.335 -0.498 -0.788
-0.979 -0.229 -0.347 -0.513 -0.821
-0.978 -0.233 -0.358 -0.528 -0.854
-0.977 -0.237 -0.37 -0.543 -0.886
-0.976 -0.241 -0.381 -0.558 -0.918
-0.975 -0.246 -0.393 -0.572 -0.948
-0.974 -0.25 -0.404 -0.587 -0.977
-0.973 -0.254 -0.416 -0.601 -1.01
-0.972 -0.258 -0.427 -0.615 -1.03
-0.971 -0.262 -0.438 -0.629 -1.06
-0.97 -0.266 -0.45 -0.642 -1.08
-0.969 -0.27 -0.461 -0.656 -1.11
-0.968 -0.274 -0.472 -0.669 -1.13
-0.967 -0.278 -0.484 -0.682 -1.15
-0.966 -0.282 -0.495 -0.695 -1.17
-0.965 -0.286 -0.506 -0.707 -1.19
-0.964 -0.29 -0.517 -0.72 -1.21
-0.963 -0.294 -0.528 -0.732 -1.22
-0.962 -0.298 -0.54 -0.744 -1.23
-0.961 -0.302 -0.551 -0.756 -1.25
-0.96 -0.306 -0.562 -0.767 -1.26
-0.959 -0.31 -0.573 -0.779 -1.27
-0.958 -0.314 -0.583 -0.79 -1.27
-0.957 -0.318 -0.594 -0.801 -1.28
-0.956 -0.322 -0.605 -0.812 -1.29
-0.955 -0.326 -0.616 -0.822 -1.29
-0.954 -0.33 -0.626 -0.833 -1.29
-0.953 -0.334 -0.637 -0.843 -1.29
-0.952 -0.338 -0.648 -0.853 -1.29
-0.951 -0.342 -0.658 -0.862 -1.29
-0.95 -0.346 -0.669 -0.872 -1.29
-0.949 -0.35 -0.679 -0.881 -1.29
-0.948 -0.354 -0.689 -0.89 -1.28
-0.947 -0.358 -0.699 -0.898 -1.28
-0.946 -0.362 -0.71 -0.907 -1.27
-0.945 -0.366 -0.72 -0.915 -1.27
-0.944 -0.37 -0.73 -0.923 -1.26
-0.943 -0.374 -0.74 -0.931 -1.25
-0.942 -0.378 -0.75 -0.939 -1.24
-0.941 -0.382 -0.759 -0.946 -1.23
-0.94 -0.386 -0.769 -0.954 -1.22
-0.939 -0.39 -0.779 -0.961 -1.21
-0.938 -0.393 -0.788 -0.968 -1.2
-0.937 -0.397 -0.798 -0.974 -1.19
-0.936 -0.401 -0.807 -0.98 -1.18
-0.935 -0.405 -0.816 -0.987 -1.17
-0.934 -0.409 -0.825 -0.993 -1.16
-0.933 -0.413 -0.835 -0.998 -1.14
-0.932 -0.417 -0.844 -1 -1.13
-0.931 -0.421 -0.853 -1.01 -1.12
-0.93 -0.425 -0.861 -1.01 -1.11
-0.929 -0.428 -0.87 -1.02 -1.1
-0.928 -0.432 -0.879 -1.02 -1.08
-0.927 -0.436 -0.887 -1.03 -1.07
-0.926 -0.44 -0.896 -1.03 -1.06
-0.925 -0.444 -0.904 -1.04 -1.05
-0.924 -0.448 -0.912 -1.04 -1.03
-0.923 -0.452 -0.92 -1.05 -1.02
-0.922 -0.455 -0.929 -1.05 -1.01
-0.921 -0.459 -0.936 -1.05 -1
-0.92 -0.463 -0.944 -1.06 -0.989
-0.919 -0.467 -0.952 -1.06 -0.978
-0.918 -0.471 -0.96 -1.06 -0.967
-0.917 -0.474 -0.967 -1.07 -0.957
-0.916 -0.478 -0.975 -1.07 -0.947
-0.915 -0.482 -0.982 -1.07 -0.937
-0.914 -0.486 -0.989 -1.07 -0.928
-0.913 -0.489 -0.996 -1.08 -0.919
-0.912 -0.493 -1 -1.08 -0.911
-0.911 -0.497 -1.01 -1.08 -0.903
-0.91 -0.501 -1.02 -1.08 -0.895
-0.909 -0.504 -1.02 -1.08 -0.888
-0.908 -0.508 -1.03 -1.08 -0.882
-0.907 -0.512 -1.04 -1.09 -0.875
-0.906 -0.515 -1.04 -1.09 -0.87
-0.905 -0.519 -1.05 -1.09 -0.864
-0.904 -0.523 -1.05 -1.09 -0.86
-0.903 -0.527 -1.06 -1.09 -0.855
-0.902 -0.53 -1.07 -1.09 -0.852
-0.901 -0.534 -1.07 -1.09 -0.849
-0.9 -0.538 -1.08 -1.09 -0.846
-0.899 -0.541 -1.08 -1.09 -0.844
-0.898 -0.545 -1.09 -1.09 -0.842
-0.897 -0.548 -1.09 -1.09 -0.841
-0.896 -0.552 -1.1 -1.09 -0.841
-0.895 -0.556 -1.1 -1.09 -0.841
-0.894 -0.559 -1.11 -1.09 -0.841
-0.893 -0.563 -1.11 -1.09 -0.842
-0.892 -0.566 -1.12 -1.09 -0.844
-0.891 -0.57 -1.12 -1.09 -0.846
-0.89 -0.574 -1.13 -1.09 -0.848
-0.889 -0.577 -1.13 -1.09 -0.852
-0.888 -0.581 -1.14 -1.09 -0.855
-0.887 -0.584 -1.14 -1.09 -0.859
-0.886 -0.588 -1.14 -1.09 -0.864
-0.885 -0.591 -1.15 -1.09 -0.868
-0.884 -0.595 -1.15 -1.09 -0.874
-0.883 -0.598 -1.16 -1.09 -0.879
-0.882 -0.602 -1.16 -1.09 -0.885
-0.881 -0.605 -1.16 -1.09 -0.891
-0.88 -0.609 -1.17 -1.09 -0.898
-0.879 -0.612 -1.17 -1.09 -0.905
-0.878 -0.615 -1.17 -1.08 -0.912
-0.877 -0.619 -1.17 -1.08 -0.919
-0.876 -0.622 -1.18 -1.08 -0.926
-0.875 -0.626 -1.18 -1.08 -0.934
-0.874 -0.629 -1.18 -1.08 -0.942
-0.873 -0.632 -1.19 -1.08 -0.949
-0.872 -0.636 -1.19 -1.08 -0.957
-0.871 -0.639 -1.19 -1.08 -0.965
-0.87 -0.643 -1.19 -1.07 -0.972
-0.869 -0.646 -1.19 -1.07 -0.98
-0.868 -0.649 -1.2 -1.07 -0.987
-0.867 -0.652 -1.2 -1.07 -0.995
-0.866 -0.656 -1.2 -1.07 -1
-0.865 -0.659 -1.2 -1.07 -1.01
-0.864 -0.662 -1.2 -1.07 -1.02
-0.863 -0.666 -1.2 -1.06 -1.02
-0.862 -0.669 -1.21 -1.06 -1.03
-0.861 -0.672 -1.21 -1.06 -1.03
-0.86 -0.675 -1.21 -1.06 -1.04
-0.859 -0.679 -1.21 -1.06 -1.05
-0.858 -0.682 -1.21 -1.06 -1.05
-0.857 -0.685 -1.21 -1.06 -1.06
-0.856 -0.688 -1.21 -1.05 -1.06
-0.855 -0.691 -1.21 -1.05 -1.06
-0.854 -0.694 -1.21 -1.05 -1.07
-0.853 -0.698 -1.21 -1.05 -1.07
-0.852 -0.701 -1.21 -1.05 -1.07
-0.851 -0.704 -1.21 -1.05 -1.08
-0.85 -0.707 -1.21 -1.04 -1.08
-0.849 -0.71 -1.21 -1.04 -1.08
-0.848 -0.713 -1.21 -1.04 -1.08
-0.847 -0.716 -1.21 -1.04 -1.08
-0.846 -0.719 -1.21 -1.04 -1.09
-0.845 -0.722 -1.21 -1.04 -1.09
-0.844 -0.725 -1.21 -1.03 -1.09
-0.843 -0.728 -1.21 -1.03 -1.09
-0.842 -0.731 -1.21 -1.03 -1.09
-0.841 -0.734 -1.21 -1.03 -1.09
-0.84 -0.737 -1.21 -1.03 -1.09
-0.839 -0.74 -1.21 -1.03 -1.08
-0.838 -0.743 -1.21 -1.02 -1.08
-0.837 -0.746 -1.21 -1.02 -1.08
-0.836 -0.749 -1.21 -1.02 -1.08
-0.835 -0.752 -1.2 -1.02 -1.08
-0.834 -0.755 -1.2 -1.02 -1.08
-0.833 -0.758 -1.2 -1.02 -1.07
-0.832 -0.761 -1.2 -1.01 -1.07
-0.831 -0.763 -1.2 -1.01 -1.07
-0.83 -0.766 -1.2 -1.01 -1.07
-0.829 -0.769 -1.2 -1.01 -1.06
-0.828 -0.772 -1.19 -1.01 -1.06
-0.827 -0.775 -1.19 -1.01 -1.06
-0.826 -0.777 -1.19 -1.01 -1.05
-0.825 -0.78 -1.19 -1 -1.05
-0.824 -0.783 -1.19 -1 -1.05
-0.823 -0.786 -1.18 -1 -1.05
-0.822 -0.788 -1.18 -0.999 -1.04
-0.821 -0.791 -1.18 -0.997 -1.04
-0.82 -0.794 -1.18 -0.996 -1.04
-0.819 -0.796 -1.18 -0.994 -1.03
-0.818 -0.799 -1.17 -0.993 -1.03
-0.817 -0.802 -1.17 -0.991 -1.02
-0.816 -0.804 -1.17 -0.99 -1.02
-0.815 -0.807 -1.17 -0.988 -1.02
-0.814 -0.81 -1.16 -0.987 -1.01
-0.813 -0.812 -1.16 -0.986 -1.01
-0.812 -0.815 -1.16 -0.984 -1.01
-0.811 -0.817 -1.16 -0.983 -1
-0.81 -0.82 -1.15 -0.981 -1
-0.809 -0.822 -1.15 -0.98 -0.998
-0.808 -0.825 -1.15 -0.978 -0.994
-0.807 -0.827 -1.14 -0.977 -0.991
-0.806 -0.83 -1.14 -0.975 -0.988
-0.805 -0.832 -1.14 -0.974 -0.985
-0.804 -0.835 -1.14 -0.973 -0.982
-0.803 -0.837 -1.13 -0.971 -0.979
-0.802 -0.84 -1.13 -0.97 -0.976
-0.801 -0.842 -1.13 -0.968 -0.973
-0.8 -0.844 -1.12 -0.967 -0.971
-0.799 -0.847 -1.12 -0.965 -0.968
-0.798 -0.849 -1.12 -0.964 -0.966
-0.797 -0.851 -1.11 -0.963 -0.963
-0.796 -0.854 -1.11 -0.961 -0.961
-0.795 -0.856 -1.11 -0.96 -0.959
-0.794 -0.858 -1.1 -0.958 -0.956
-0.793 -0.86 -1.1 -0.957 -0.954
-0.792 -0.863 -1.1 -0.955 -0.952
-0.791 -0.865 -1.09 -0.954 -0.951
-0.79 -0.867 -1.09 -0.952 -0.949
-0.789 -0.869 -1.09 -0.951 -0.947
-0.788 -0.871 -1.08 -0.949 -0.946
-0.787 -0.874 -1.08 -0.948 -0.944
-0.786 -0.876 -1.07 -0.947 -0.943
-0.785 -0.878 -1.07 -0.945 -0.942
-0.784 -0.88 -1.07 -0.944 -0.941
-0.783 -0.882 -1.06 -0.942 -0.94
-0.782 -0.884 -1.06 -0.941 -0.939
-0.781 -0.886 -1.06 -0.939 -0.938
-0.78 -0.888 -1.05 -0.937 -0.937
-0.779 -0.89 -1.05 -0.936 -0.937
-0.778 -0.892 -1.04 -0.934 -0.936
-0.777 -0.894 -1.04 -0.933 -0.936
-0.776 -0.896 -1.04 -0.931 -0.935
-0.775 -0.898 -1.03 -0.93 -0.935
-0.774 -0.9 -1.03 -0.928 -0.935
-0.773 -0.902 -1.03 -0.926 -0.935
-0.772 -0.904 -1.02 -0.925 -0.935
-0.771 -0.906 -1.02 -0.923 -0.935
-0.77 -0.908 -1.01 -0.922 -0.935
-0.769 -0.91 -1.01 -0.92 -0.935
-0.768 -0.911 -1.01 -0.918 -0.935
-0.767 -0.913 -1 -0.917 -0.936
-0.766 -0.915 -0.999 -0.915 -0.936
-0.765 -0.917 -0.995 -0.913 -0.936
-0.764 -0.918 -0.991 -0.911 -0.936
-0.763 -0.92 -0.987 -0.91 -0.937
-0.762 -0.922 -0.983 -0.908 -0.937
-0.761 -0.924 -0.979 -0.906 -0.937
-0.76 -0.925 -0.975 -0.904 -0.937
-0.759 -0.927 -0.971 -0.902 -0.937
-0.758 -0.929 -0.967 -0.901 -0.937
-0.757 -0.93 -0.963 -0.899 -0.937
-0.756 -0.932 -0.959 -0.897 -0.937
-0.755 -0.933 -0.956 -0.895 -0.936
-0.754 -0.935 -0.952 -0.893 -0.936
-0.753 -0.937 -0.948 -0.891 -0.935
-0.752 -0.938 -0.944 -0.889 -0.934
-0.751 -0.94 -0.94 -0.887 -0.933
-0.75 -0.941 -0.936 -0.885 -0.932
-0.749 -0.943 -0.932 -0.883 -0.931
-0.748 -0.944 -0.928 -0.882 -0.929
-0.747 -0.946 -0.924 -0.879 -0.927
-0.746 -0.947 -0.92 -0.877 -0.925
-0.745 -0.948 -0.916 -0.875 -0.922
-0.744 -0.95 -0.913 -0.873 -0.92
-0.743 -0.951 -0.909 -0.871 -0.917
-0.742 -0.953 -0.905 -0.869 -0.914
-0.741 -0.954 -0.901 -0.867 -0.91
-0.74 -0.955 -0.897 -0.865 -0.907
-0.739 -0.957 -0.893 -0.863 -0.903
-0.738 -0.958 -0.89 -0.861 -0.899
-0.737 -0.959 -0.886 -0.859 -0.895
-0.736 -0.96 -0.882 -0.856 -0.89
-0.735 -0.962 -0.878 -0.854 -0.886
-0.734 -0.963 -0.874 -0.852 -0.881
-0.733 -0.964 -0.871 -0.85 -0.876
-0.732 -0.965 -0.867 -0.848 -0.871
-0.731 -0.966 -0.863 -0.845 -0.866
-0.73 -0.967 -0.86 -0.843 -0.86
-0.729 -0.968 -0.856 -0.841 -0.855
-0.728 -0.97 -0.852 -0.839 -0.849
-0.727 -0.971 -0.849 -0.836 -0.844
-0.726 -0.972 -0.845 -0.834 -0.839
-0.725 -0.973 -0.841 -0.832 -0.833
-0.724 -0.974 -0.838 -0.83 -0.828
-0.723 -0.975 -0.834 -0.827 -0.822
-0.722 -0.976 -0.831 -0.825 -0.817
-0.721 -0.977 -0.827 -0.823 -0.811
-0.72 -0.978 -0.824 -0.82 -0.806
-0.719 -0.979 -0.82 -0.818 -0.801
-0.718 -0.979 -0.817 -0.816 -0.796
-0.717 -0.98 -0.813 -0.813 -0.791
-0.716 -0.981 -0.81 -0.811 -0.786
-0.715 -0.982 -0.807 -0.809 -0.781
-0.714 -0.983 -0.803 -0.807 -0.777
-0.713 -0.984 -0.8 -0.804 -0.772
-0.712 -0.984 -0.796 -0.802 -0.768
-0.711 -0.985 -0.793 -0.8 -0.763
-0.71 -0.986 -0.79 -0.797 -0.759
-0.709 -0.987 -0.787 -0.795 -0.755
-0.708 -0.987 -0.783 -0.793 -0.751
-0.707 -0.988 -0.78 -0.79 -0.748
-0.706 -0.989 -0.777 -0.788 -0.744
-0.705 -0.989 -0.774 -0.786 -0.741
-0.704 -0.99 -0.771 -0.784 -0.738
-0.703 -0.991 -0.768 -0.781 -0.735
-0.702 -0.991 -0.765 -0.779 -0.732
-0.701 -0.992 -0.762 -0.777 -0.729
-0.7 -0.992 -0.758 -0.775 -0.726
-0.699 -0.993 -0.756 -0.773 -0.724
-0.698 -0.994 -0.753 -0.77 -0.721
-0.697 -0.994 -0.75 -0.768 -0.719
-0.696 -0.995 -0.747 -0.766 -0.717
-0.695 -0.995 -0.744 -0.764 -0.715
-0.694 -0.995 -0.741 -0.762 -0.713
-0.693 -0.996 -0.738 -0.76 -0.712
-0.692 -0.996 -0.735 -0.758 -0.71
-0.691 -0.997 -0.733 -0.756 -0.709
-0.69 -0.997 -0.73 -0.754 -0.708
-0.689 -0.997 -0.727 -0.752 -0.707
-0.688 -0.998 -0.724 -0.75 -0.706
-0.687 -0.998 -0.722 -0.748 -0.705
-0.686 -0.998 -0.719 -0.746 -0.704
-0.685 -0.999 -0.717 -0.744 -0.703
-0.684 -0.999 -0.714 -0.743 -0.703
-0.683 -0.999 -0.712 -0.741 -0.703
-0.682 -0.999 -0.709 -0.739 -0.702
-0.681 -1 -0.707 -0.738 -0.702
-0.68 -1 -0.704 -0.736 -0.702
-0.679 -1 -0.702 -0.734 -0.702
-0.678 -1 -0.699 -0.733 -0.703
-0.677 -1 -0.697 -0.731 -0.703
-0.676 -1 -0.695 -0.73 -0.703
-0.675 -1 -0.693 -0.728 -0.704
-0.674 -1 -0.69 -0.727 -0.704
-0.673 -1 -0.688 -0.725 -0.705
-0.672 -1 -0.686 -0.724 -0.706
-0.671 -1 -0.684 -0.723 -0.707
-0.67 -1 -0.682 -0.722 -0.708
-0.669 -1 -0.68 -0.72 -0.709
-0.668 -1 -0.678 -0.719 -0.711
-0.667 -1 -0.676 -0.718 -0.712
-0.666 -1 -0.674 -0.717 -0.714
-0.665 -1 -0.672 -0.716 -0.715
-0.664 -1 -0.67 -0.715 -0.717
-0.663 -1 -0.668 -0.714 -0.719
-0.662 -1 -0.666 -0.714 -0.72
-0.661 -1 -0.664 -0.713 -0.722
-0.66 -1 -0.663 -0.712 -0.724
-0.659 -0.999 -0.661 -0.712 -0.727
-0.658 -0.999 -0.659 -0.711 -0.729
-0.657 -0.999 -0.658 -0.71 -0.731
-0.656 -0.999 -0.656 -0.71 -0.734
-0.655 -0.998 -0.654 -0.709 -0.736
-0.654 -0.998 -0.653 -0.709 -0.739
-0.653 -0.998 -0.651 -0.709 -0.741
-0.652 -0.997 -0.65 -0.708 -0.744
-0.651 -0.997 -0.648 -0.708 -0.747
-0.65 -0.997 -0.647 -0.708 -0.749
-0.649 -0.996 -0.646 -0.708 -0.752
-0.648 -0.996 -0.644 -0.708 -0.755
-0.647 -0.995 -0.643 -0.708 -0.758
-0.646 -0.995 -0.642 -0.708 -0.761
-0.645 -0.995 -0.64 -0.708 -0.764
-0.644 -0.994 -0.639 -0.708 -0.768
-0.643 -0.994 -0.638 -0.708 -0.771
-0.642 -0.993 -0.637 -0.709 -0.774
-0.641 -0.993 -0.636 -0.709 -0.777
-0.64 -0.992 -0.635 -0.709 -0.78
-0.639 -0.991 -0.634 -0.71 -0.783
-0.638 -0.991 -0.633 -0.71 -0.787
-0.637 -0.99 -0.632 -0.711 -0.79
-0.636 -0.99 -0.631 -0.711 -0.793
-0.635 -0.989 -0.63 -0.712 -0.796
-0.634 -0.988 -0.629 -0.713 -0.799
-0.633 -0.988 -0.628 -0.713 -0.801
-0.632 -0.987 -0.627 -0.714 -0.804
-0.631 -0.986 -0.627 -0.715 -0.807
-0.63 -0.986 -0.626 -0.716 -0.809
-0.629 -0.985 -0.625 -0.717 -0.812
-0.628 -0.984 -0.624 -0.717 -0.814
-0.627 -0.983 -0.624 -0.718 -0.816
-0.626 -0.983 -0.623 -0.719 -0.818
-0.625 -0.982 -0.623 -0.72 -0.819
-0.624 -0.981 -0.622 -0.721 -0.821
-0.623 -0.98 -0.622 -0.723 -0.822
-0.622 -0.979 -0.621 -0.724 -0.822
-0.621 -0.978 -0.621 -0.725 -0.823
-0.62 -0.978 -0.62 -0.726 -0.823
-0.619 -0.977 -0.62 -0.727 -0.823
-0.618 -0.976 -0.62 -0.728 -0.823
-0.617 -0.975 -0.619 -0.73 -0.823
-0.616 -0.974 -0.619 -0.731 -0.822
-0.615 -0.973 -0.619 -0.732 -0.821
-0.614 -0.972 -0.619 -0.733 -0.819
-0.613 -0.971 -0.618 -0.735 -0.817
-0.612 -0.97 -0.618 -0.736 -0.815
-0.611 -0.969 -0.618 -0.737 -0.813
-0.61 -0.968 -0.618 -0.739 -0.811
-0.609 -0.967 -0.618 -0.74 -0.808
-0.608 -0.966 -0.618 -0.742 -0.805
-0.607 -0.965 -0.618 -0.743 -0.801
-0.606 -0.963 -0.618 -0.744 -0.798
-0.605 -0.962 -0.618 -0.746 -0.794
-0.604 -0.961 -0.618 -0.747 -0.791
-0.603 -0.96 -0.618 -0.748 -0.787
-0.602 -0.959 -0.619 -0.75 -0.783
-0.601 -0.958 -0.619 -0.751 -0.779
-0.6 -0.956 -0.619 -0.752 -0.775
-0.599 -0.955 -0.619 -0.754 -0.771
-0.598 -0.954 -0.619 -0.755 -0.767
-0.597 -0.953 -0.62 -0.756 -0.763
-0.596 -0.952 -0.62 -0.758 -0.759
-0.595 -0.95 -0.62 -0.759 -0.755
-0.594 -0.949 -0.621 -0.76 -0.751
-0.593 -0.948 -0.621 -0.761 -0.747
-0.592 -0.946 -0.622 -0.762 -0.743
-0.591 -0.945 -0.622 -0.764 -0.74
-0.59 -0.944 -0.623 -0.765 -0.737
-0.589 -0.942 -0.623 -0.766 -0.734
-0.588 -0.941 -0.624 -0.767 -0.731
-0.587 -0.94 -0.624 -0.768 -0.728
-0.586 -0.938 -0.625 -0.769 -0.725
-0.585 -0.937 -0.625 -0.77 -0.723
-0.584 -0.935 -0.626 -0.771 -0.72
-0.583 -0.934 -0.627 -0.772 -0.718
-0.582 -0.932 -0.627 -0.773 -0.716
-0.581 -0.931 -0.628 -0.773 -0.715
-0.58 -0.929 -0.629 -0.774 -0.713
-0.579 -0.928 -0.63 -0.775 -0.712
-0.578 -0.926 -0.63 -0.775 -0.711
-0.577 -0.925 -0.631 -0.776 -0.71
-0.576 -0.923 -0.632 -0.777 -0.709
-0.575 -0.922 -0.633 -0.777 -0.708
-0.574 -0.92 -0.634 -0.778 -0.708
-0.573 -0.919 -0.635 -0.778 -0.708
-0.572 -0.917 -0.636 -0.778 -0.707
-0.571 -0.915 -0.636 -0.779 -0.707
-0.57 -0.914 -0.637 -0.779 -0.708
-0.569 -0.912 -0.638 -0.779 -0.708
-0.568 -0.91 -0.639 -0.779 -0.708
-0.567 -0.909 -0.64 -0.779 -0.709
-0.566 -0.907 -0.641 -0.779 -0.71
-0.565 -0.905 -0.642 -0.779 -0.71
-0.564 -0.904 -0.643 -0.779 -0.711
-0.563 -0.902 -0.644 -0.779 -0.712
-0.562 -0.9 -0.645 -0.779 -0.713
-0.561 -0.899 -0.647 -0.778 -0.714
-0.56 -0.897 -0.648 -0.778 -0.716
-0.559 -0.895 -0.649 -0.778 -0.717
-0.558 -0.893 -0.65 -0.777 -0.718
-0.557 -0.892 -0.651 -0.777 -0.72
-0.556 -0.89 -0.652 -0.776 -0.721
-0.555 -0.888 -0.653 -0.775 -0.723
-0.554 -0.886 -0.654 -0.775 -0.725
-0.553 -0.884 -0.656 -0.774 -0.726
-0.552 -0.882 -0.657 -0.773 -0.728
-0.551 -0.881 -0.658 -0.772 -0.729
-0.55 -0.879 -0.659 -0.771 -0.731
-0.549 -0.877 -0.66 -0.77 -0.733
-0.548 -0.875 -0.662 -0.769 -0.735
-0.547 -0.873 -0.663 -0.768 -0.736
-0.546 -0.871 -0.664 -0.766 -0.738
-0.545 -0.869 -0.665 -0.765 -0.74
-0.544 -0.867 -0.666 -0.764 -0.741
-0.543 -0.865 -0.668 -0.762 -0.743
-0.542 -0.863 -0.669 -0.761 -0.745
-0.541 -0.861 -0.67 -0.759 -0.746
-0.54 -0.859 -0.671 -0.757 -0.748
-0.539 -0.858 -0.673 -0.756 -0.749
-0.538 -0.856 -0.674 -0.754 -0.75
-0.537 -0.854 -0.675 -0.752 -0.752
-0.536 -0.852 -0.676 -0.75 -0.753
-0.535 -0.849 -0.678 -0.748 -0.754
-0.534 -0.847 -0.679 -0.746 -0.755
-0.533 -0.845 -0.68 -0.744 -0.756
-0.532 -0.843 -0.681 -0.742 -0.757
-0.531 -0.841 -0.682 -0.74 -0.758
-0.53 -0.839 -0.684 -0.738 -0.758
-0.529 -0.837 -0.685 -0.735 -0.759
-0.528 -0.835 -0.686 -0.733 -0.759
-0.527 -0.833 -0.687 -0.731 -0.76
-0.526 -0.831 -0.689 -0.728 -0.76
-0.525 -0.829 -0.69 -0.726 -0.759
-0.524 -0.827 -0.691 -0.723 -0.759
-0.523 -0.825 -0.692 -0.72 -0.759
-0.522 -0.822 -0.693 -0.718 -0.758
-0.521 -0.82 -0.694 -0.715 -0.757
-0.52 -0.818 -0.695 -0.712 -0.756
-0.519 -0.816 -0.697 -0.71 -0.755
-0.518 -0.814 -0.698 -0.707 -0.754
-0.517 -0.812 -0.699 -0.704 -0.752
-0.516 -0.809 -0.7 -0.701 -0.75
-0.515 -0.807 -0.701 -0.698 -0.748
-0.514 -0.805 -0.702 -0.695 -0.746
-0.513 -0.803 -0.703 -0.692 -0.743
-0.512 -0.801 -0.704 -0.689 -0.741
-0.511 -0.798 -0.705 -0.686 -0.738
-0.51 -0.796 -0.706 -0.682 -0.734
-0.509 -0.794 -0.707 -0.679 -0.731
-0.508 -0.792 -0.708 -0.676 -0.727
-0.507 -0.789 -0.709 -0.673 -0.723
-0.506 -0.787 -0.71 -0.669 -0.719
-0.505 -0.785 -0.711 -0.666 -0.714
-0.504 -0.783 -0.711 -0.663 -0.709
-0.503 -0.78 -0.712 -0.659 -0.704
-0.502 -0.778 -0.713 -0.656 -0.699
-0.501 -0.776 -0.714 -0.653 -0.693
-0.5 -0.773 -0.715 -0.649 -0.688
-0.499 -0.771 -0.715 -0.646 -0.682
-0.498 -0.769 -0.716 -0.642 -0.675
-0.497 -0.766 -0.717 -0.639 -0.669
-0.496 -0.764 -0.717 -0.635 -0.662
-0.495 -0.762 -0.718 -0.632 -0.655
-0.494 -0.759 -0.719 -0.628 -0.648
-0.493 -0.757 -0.719 -0.625 -0.641
-0.492 -0.755 -0.72 -0.621 -0.633
-0.491 -0.752 -0.72 -0.618 -0.626
-0.49 -0.75 -0.721 -0.614 -0.618
-0.489 -0.748 -0.721 -0.61 -0.61
-0.488 -0.745 -0.721 -0.607 -0.602
-0.487 -0.743 -0.722 -0.603 -0.594
-0.486 -0.741 -0.722 -0.6 -0.586
-0.485 -0.738 -0.722 -0.596 -0.578
-0.484 -0.736 -0.723 -0.593 -0.57
-0.483 -0.733 -0.723 -0.589 -0.561
-0.482 -0.731 -0.723 -0.585 -0.553
-0.481 -0.729 -0.723 -0.582 -0.545
-0.48 -0.726 -0.723 -0.578 -0.537
-0.479 -0.724 -0.724 -0.575 -0.529
-0.478 -0.721 -0.724 -0.571 -0.521
-0.477 -0.719 -0.724 -0.568 -0.513
-0.476 -0.717 -0.724 -0.564 -0.505
-0.475 -0.714 -0.724 -0.561 -0.498
-0.474 -0.712 -0.723 -0.558 -0.49
-0.473 -0.709 -0.723 -0.554 -0.483
-0.472 -0.707 -0.723 -0.551 -0.476
-0.471 -0.704 -0.723 -0.547 -0.469
-0.47 -0.702 -0.723 -0.544 -0.463
-0.469 -0.7 -0.722 -0.541 -0.456
-0.468 -0.697 -0.722 -0.538 -0.451
-0.467 -0.695 -0.722 -0.534 -0.445
-0.466 -0.692 -0.721 -0.531 -0.439
-0.465 -0.69 -0.721 -0.528 -0.434
-0.464 -0.687 -0.72 -0.525 -0.43
-0.463 -0.685 -0.72 -0.522 -0.425
-0.462 -0.682 -0.719 -0.519 -0.421
-0.461 -0.68 -0.719 -0.516 -0.417
-0.46 -0.677 -0.718 -0.513 -0.414
-0.459 -0.675 -0.717 -0.51 -0.411
-0.458 -0.672 -0.717 -0.507 -0.409
-0.457 -0.67 -0.716 -0.504 -0.406
-0.456 -0.667 -0.715 -0.502 -0.404
-0.455 -0.665 -0.714 -0.499 -0.403
-0.454 -0.663 -0.713 -0.496 -0.402
-0.453 -0.66 -0.713 -0.494 -0.401
-0.452 -0.658 -0.712 -0.491 -0.401
-0.451 -0.655 -0.711 -0.489 -0.401
-0.45 -0.653 -0.709 -0.486 -0.401
-0.449 -0.65 -0.708 -0.484 -0.402
-0.448 -0.648 -0.707 -0.482 -0.403
-0.447 -0.645 -0.706 -0.479 -0.404
-0.446 -0.643 -0.705 -0.477 -0.406
-0.445 -0.64 -0.704 -0.475 -0.408
-0.444 -0.638 -0.702 -0.473 -0.41
-0.443 -0.635 -0.701 -0.471 -0.413
-0.442 -0.633 -0.7 -0.469 -0.415
-0.441 -0.63 -0.698 -0.468 -0.419
-0.44 -0.628 -0.697 -0.466 -0.422
-0.439 -0.625 -0.695 -0.464 -0.425
-0.438 -0.623 -0.694 -0.463 -0.429
-0.437 -0.62 -0.692 -0.461 -0.433
-0.436 -0.618 -0.691 -0.46 -0.437
-0.435 -0.615 -0.689 -0.458 -0.442
-0.434 -0.613 -0.687 -0.457 -0.446
-0.433 -0.61 -0.686 -0.456 -0.451
-0.432 -0.608 -0.684 -0.455 -0.456
-0.431 -0.605 -0.682 -0.454 -0.46
-0.43 -0.603 -0.68 -0.453 -0.465
-0.429 -0.6 -0.678 -0.452 -0.47
-0.428 -0.598 -0.676 -0.451 -0.476
-0.427 -0.595 -0.675 -0.451 -0.481
-0.426 -0.593 -0.673 -0.45 -0.486
-0.425 -0.59 -0.671 -0.45 -0.491
-0.424 -0.588 -0.669 -0.449 -0.496
-0.423 -0.585 -0.667 -0.449 -0.501
-0.422 -0.583 -0.664 -0.449 -0.506
-0.421 -0.58 -0.662 -0.448 -0.511
-0.42 -0.578 -0.66 -0.448 -0.516
-0.419 -0.575 -0.658 -0.448 -0.521
-0.418 -0.573 -0.656 -0.448 -0.525
-0.417 -0.57 -0.654 -0.449 -0.53
-0.416 -0.568 -0.651 -0.449 -0.535
-0.415 -0.565 -0.649 -0.449 -0.539
-0.414 -0.563 -0.647 -0.449 -0.543
-0.413 -0.56 -0.644 -0.45 -0.547
-0.412 -0.558 -0.642 -0.45 -0.551
-0.411 -0.555 -0.64 -0.451 -0.554
-0.41 -0.553 -0.637 -0.452 -0.558
-0.409 -0.55 -0.635 -0.453 -0.561
-0.408 -0.548 -0.632 -0.453 -0.564
-0.407 -0.545 -0.63 -0.454 -0.566
-0.406 -0.543 -0.627 -0.455 -0.569
-0.405 -0.541 -0.625 -0.456 -0.571
-0.404 -0.538 -0.622 -0.458 -0.573
-0.403 -0.536 -0.62 -0.459 -0.575
-0.402 -0.533 -0.617 -0.46 -0.576
-0.401 -0.531 -0.615 -0.461 -0.577
-0.4 -0.528 -0.612 -0.463 -0.578
-0.399 -0.526 -0.609 -0.464 -0.579
-0.398 -0.523 -0.607 -0.466 -0.58
-0.397 -0.521 -0.604 -0.467 -0.58
-0.396 -0.519 -0.601 -0.469 -0.58
-0.395 -0.516 -0.599 -0.47 -0.579
-0.394 -0.514 -0.596 -0.472 -0.578
-0.393 -0.511 -0.593 -0.474 -0.578
-0.392 -0.509 -0.591 -0.475 -0.576
-0.391 -0.506 -0.588 -0.477 -0.575
-0.39 -0.504 -0.585 -0.479 -0.573
-0.389 -0.502 -0.582 -0.481 -0.572
-0.388 -0.499 -0.58 -0.483 -0.569
-0.387 -0.497 -0.577 -0.485 -0.567
-0.386 -0.494 -0.574 -0.487 -0.565
-0.385 -0.492 -0.571 -0.489 -0.562
-0.384 -0.49 -0.568 -0.491 -0.559
-0.383 -0.487 -0.566 -0.493 -0.556
-0.382 -0.485 -0.563 -0.495 -0.553
-0.381 -0.482 -0.56 -0.497 -0.549
-0.38 -0.48 -0.557 -0.499 -0.546
-0.379 -0.478 -0.554 -0.501 -0.542
-0.378 -0.475 -0.552 -0.503 -0.538
-0.377 -0.473 -0.549 -0.505 -0.534
-0.376 -0.471 -0.546 -0.507 -0.531
-0.375 -0.468 -0.543 -0.509 -0.526
-0.374 -0.466 -0.54 -0.511 -0.522
-0.373 -0.464 -0.537 -0.513 -0.518
-0.372 -0.461 -0.535 -0.515 -0.514
-0.371 -0.459 -0.532 -0.517 -0.51
-0.37 -0.457 -0.529 -0.519 -0.505
-0.369 -0.454 -0.526 -0.521 -0.501
-0.368 -0.452 -0.523 -0.522 -0.497
-0.367 -0.45 -0.52 -0.524 -0.493
-0.366 -0.447 -0.518 -0.526 -0.488
-0.365 -0.445 -0.515 -0.528 -0.484
-0.364 -0.443 -0.512 -0.53 -0.48
-0.363 -0.441 -0.509 -0.531 -0.476
-0.362 -0.438 -0.507 -0.533 -0.472
-0.361 -0.436 -0.504 -0.534 -0.468
-0.36 -0.434 -0.501 -0.536 -0.465
-0.359 -0.431 -0.498 -0.538 -0.461
-0.358 -0.429 -0.496 -0.539 -0.457
-0.357 -0.427 -0.493 -0.54 -0.454
-0.356 -0.425 -0.49 -0.542 -0.451
-0.355 -0.422 -0.487 -0.543 -0.448
-0.354 -0.42 -0.485 -0.544 -0.445
-0.353 -0.418 -0.482 -0.545 -0.442
-0.352 -0.416 -0.479 -0.546 -0.44
-0.351 -0.414 -0.477 -0.547 -0.438
-0.35 -0.411 -0.474 -0.548 -0.436
-0.349 -0.409 -0.471 -0.549 -0.434
-0.348 -0.407 -0.469 -0.55 -0.432
-0.347 -0.405 -0.466 -0.551 -0.431
-0.346 -0.403 -0.464 -0.552 -0.43
-0.345 -0.4 -0.461 -0.552 -0.429
-0.344 -0.398 -0.458 -0.553 -0.428
-0.343 -0.396 -0.456 -0.553 -0.428
-0.342 -0.394 -0.453 -0.554 -0.427
-0.341 -0.392 -0.451 -0.554 -0.427
-0.34 -0.39 -0.448 -0.554 -0.428
-0.339 -0.388 -0.446 -0.554 -0.428
-0.338 -0.385 -0.443 -0.554 -0.429
-0.337 -0.383 -0.441 -0.554 -0.43
-0.336 -0.381 -0.438 -0.554 -0.431
-0.335 -0.379 -0.436 -0.554 -0.433
-0.334 -0.377 -0.434 -0.554 -0.435
-0.333 -0.375 -0.431 -0.554 -0.437
-0.332 -0.373 -0.429 -0.553 -0.439
-0.331 -0.371 -0.427 -0.553 -0.442
-0.33 -0.369 -0.424 -0.552 -0.444
-0.329 -0.367 -0.422 -0.552 -0.447
-0.328 -0.365 -0.42 -0.551 -0.451
-0.327 -0.363 -0.417 -0.55 -0.454
-0.326 -0.361 -0.415 -0.549 -0.458
-0.325 -0.359 -0.413 -0.548 -0.461
-0.324 -0.357 -0.411 -0.547 -0.465
-0.323 -0.355 -0.409 -0.546 -0.469
-0.322 -0.353 -0.406 -0.545 -0.474
-0.321 -0.351 -0.404 -0.544 -0.478
-0.32 -0.349 -0.402 -0.543 -0.482
-0.319 -0.347 -0.4 -0.541 -0.487
-0.318 -0.345 -0.398 -0.54 -0.491
-0.317 -0.343 -0.396 -0.539 -0.496
-0.316 -0.341 -0.394 -0.537 -0.501
-0.315 -0.339 -0.392 -0.535 -0.505
-0.314 -0.337 -0.39 -0.534 -0.51
-0.313 -0.335 -0.388 -0.532 -0.515
-0.312 -0.333 -0.386 -0.53 -0.519
-0.311 -0.331 -0.384 -0.528 -0.524
-0.31 -0.329 -0.382 -0.527 -0.528
-0.309 -0.327 -0.381 -0.525 -0.533
-0.308 -0.325 -0.379 -0.523 -0.537
-0.307 -0.323 -0.377 -0.52 -0.541
-0.306 -0.322 -0.375 -0.518 -0.545
-0.305 -0.32 -0.373 -0.516 -0.549
-0.304 -0.318 -0.372 -0.514 -0.552
-0.303 -0.316 -0.37 -0.512 -0.556
-0.302 -0.314 -0.368 -0.509 -0.559
-0.301 -0.312 -0.366 -0.507 -0.562
-0.3 -0.31 -0.365 -0.505 -0.564
-0.299 -0.309 -0.363 -0.502 -0.567
-0.298 -0.307 -0.362 -0.5 -0.569
-0.297 -0.305 -0.36 -0.497 -0.57
-0.296 -0.303 -0.358 -0.495 -0.572
-0.295 -0.302 -0.357 -0.492 -0.573
-0.294 -0.3 -0.355 -0.489 -0.574
-0.293 -0.298 -0.354 -0.487 -0.574
-0.292 -0.296 -0.352 -0.484 -0.574
-0.291 -0.294 -0.351 -0.481 -0.574
-0.29 -0.293 -0.349 -0.478 -0.573
-0.289 -0.291 -0.348 -0.476 -0.573
-0.288 -0.289 -0.347 -0.473 -0.571
-0.287 -0.288 -0.345 -0.47 -0.57
-0.286 -0.286 -0.344 -0.467 -0.568
-0.285 -0.284 -0.343 -0.464 -0.566
-0.284 -0.283 -0.341 -0.461 -0.563
-0.283 -0.281 -0.34 -0.458 -0.56
-0.282 -0.279 -0.339 -0.455 -0.557
-0.281 -0.278 -0.337 -0.452 -0.554
-0.28 -0.276 -0.336 -0.449 -0.55
-0.279 -0.274 -0.335 -0.446 -0.546
-0.278 -0.273 -0.334 -0.443 -0.542
-0.277 -0.271 -0.333 -0.44 -0.538
-0.276 -0.269 -0.332 -0.437 -0.533
-0.275 -0.268 -0.331 -0.434 -0.528
-0.274 -0.266 -0.329 -0.431 -0.523
-0.273 -0.265 -0.328 -0.428 -0.518
-0.272 -0.263 -0.327 -0.425 -0.513
-0.271 -0.262 -0.326 -0.422 -0.507
-0.27 -0.26 -0.325 -0.419 -0.502
-0.269 -0.258 -0.324 -0.416 -0.496
-0.268 -0.257 -0.323 -0.413 -0.49
-0.267 -0.255 -0.322 -0.41 -0.484
-0.266 -0.254 -0.321 -0.407 -0.478
-0.265 -0.252 -0.321 -0.404 -0.471
-0.264 -0.251 -0.32 -0.401 -0.465
-0.263 -0.249 -0.319 -0.398 -0.459
-0.262 -0.248 -0.318 -0.395 -0.452
-0.261 -0.246 -0.317 -0.392 -0.446
-0.26 -0.245 -0.316 -0.389 -0.439
-0.259 -0.243 -0.316 -0.386 -0.433
-0.258 -0.242 -0.315 -0.383 -0.426
-0.257 -0.241 -0.314 -0.38 -0.42
-0.256 -0.239 -0.313 -0.377 -0.413
-0.255 -0.238 -0.313 -0.374 -0.407
-0.254 -0.236 -0.312 -0.371 -0.401
-0.253 -0.235 -0.311 -0.368 -0.394
-0.252 -0.234 -0.31 -0.365 -0.388
-0.251 -0.232 -0.31 -0.362 -0.382
-0.25 -0.231 -0.309 -0.359 -0.375
-0.249 -0.23 -0.309 -0.357 -0.369
-0.248 -0.228 -0.308 -0.354 -0.363
-0.247 -0.227 -0.307 -0.351 -0.357
-0.246 -0.226 -0.307 -0.348 -0.351
-0.245 -0.224 -0.306 -0.346 -0.345
-0.244 -0.223 -0.306 -0.343 -0.34
-0.243 -0.222 -0.305 -0.34 -0.334
-0.242 -0.22 -0.305 -0.338 -0.329
-0.241 -0.219 -0.304 -0.335 -0.323
-0.24 -0.218 -0.304 -0.332 -0.318
-0.239 -0.216 -0.303 -0.33 -0.313
-0.238 -0.215 -0.303 -0.327 -0.307
-0.237 -0.214 -0.302 -0.325 -0.303
-0.236 -0.213 -0.302 -0.322 -0.298
-0.235 -0.212 -0.301 -0.32 -0.293
-0.234 -0.21 -0.301 -0.318 -0.288
-0.233 -0.209 -0.301 -0.315 -0.284
-0.232 -0.208 -0.3 -0.313 -0.28
-0.231 -0.207 -0.3 -0.311 -0.275
-0.23 -0.206 -0.3 -0.308 -0.271
-0.229 -0.204 -0.299 -0.306 -0.267
-0.228 -0.203 -0.299 -0.304 -0.264
-0.227 -0.202 -0.299 -0.302 -0.26
-0.226 -0.201 -0.298 -0.3 -0.257
-0.225 -0.2 -0.298 -0.298 -0.253
-0.224 -0.199 -0.298 -0.296 -0.25
-0.223 -0.198 -0.297 -0.294 -0.247
-0.222 -0.197 -0.297 -0.292 -0.244
-0.221 -0.195 -0.297 -0.29 -0.242
-0.22 -0.194 -0.297 -0.288 -0.239
-0.219 -0.193 -0.296 -0.286 -0.237
-0.218 -0.192 -0.296 -0.284 -0.234
-0.217 -0.191 -0.296 -0.282 -0.232
-0.216 -0.19 -0.296 -0.281 -0.23
-0.215 -0.189 -0.296 -0.279 -0.229
-0.214 -0.188 -0.295 -0.277 -0.227
-0.213 -0.187 -0.295 -0.276 -0.226
-0.212 -0.186 -0.295 -0.274 -0.225
-0.211 -0.185 -0.295 -0.273 -0.223
-0.21 -0.184 -0.295 -0.271 -0.223
-0.209 -0.183 -0.294 -0.27 -0.222
-0.208 -0.182 -0.294 -0.268 -0.221
-0.207 -0.181 -0.294 -0.267 -0.221
-0.206 -0.18 -0.294 -0.266 -0.221
-0.205 -0.179 -0.294 -0.264 -0.221
-0.204 -0.178 -0.294 -0.263 -0.221
-0.203 -0.177 -0.294 -0.262 -0.221
-0.202 -0.177 -0.294 -0.261 -0.222
-0.201 -0.176 -0.293 -0.26 -0.222
-0.2 -0.175 -0.293 -0.259 -0.223
-0.199 -0.174 -0.293 -0.258 -0.224
-0.198 -0.173 -0.293 -0.257 -0.225
-0.197 -0.172 -0.293 -0.256 -0.226
-0.196 -0.171 -0.293 -0.255 -0.227
-0.195 -0.17 -0.293 -0.254 -0.229
-0.194 -0.17 -0.293 -0.253 -0.23
-0.193 -0.169 -0.293 -0.252 -0.232
-0.192 -0.168 -0.293 -0.252 -0.234
-0.191 -0.167 -0.293 -0.251 -0.236
-0.19 -0.166 -0.292 -0.25 -0.238
-0.189 -0.165 -0.292 -0.25 -0.24
-0.188 -0.165 -0.292 -0.249 -0.242
-0.187 -0.164 -0.292 -0.248 -0.245
-0.186 -0.163 -0.292 -0.248 -0.247
-0.185 -0.162 -0.292 -0.247 -0.249
-0.184 -0.162 -0.292 -0.247 -0.252
-0.183 -0.161 -0.292 -0.247 -0.254
-0.182 -0.16 -0.292 -0.246 -0.256
-0.181 -0.159 -0.292 -0.246 -0.259
-0.18 -0.159 -0.292 -0.246 -0.261
-0.179 -0.158 -0.292 -0.245 -0.264
-0.178 -0.157 -0.292 -0.245 -0.266
-0.177 -0.157 -0.292 -0.245 -0.268
-0.176 -0.156 -0.292 -0.245 -0.27
-0.175 -0.155 -0.292 -0.245 -0.273
-0.174 -0.155 -0.292 -0.244 -0.275
-0.173 -0.154 -0.291 -0.244 -0.277
-0.172 -0.153 -0.291 -0.244 -0.278
-0.171 -0.153 -0.291 -0.244 -0.28
-0.17 -0.152 -0.291 -0.244 -0.282
-0.169 -0.151 -0.291 -0.244 -0.283
-0.168 -0.151 -0.291 -0.244 -0.284
-0.167 -0.15 -0.291 -0.244 -0.286
-0.166 -0.15 -0.291 -0.244 -0.287
-0.165 -0.149 -0.291 -0.245 -0.287
-0.164 -0.148 -0.291 -0.245 -0.288
-0.163 -0.148 -0.291 -0.245 -0.289
-0.162 -0.147 -0.291 -0.245 -0.289
-0.161 -0.147 -0.29 -0.245 -0.289
-0.16 -0.146 -0.29 -0.246 -0.289
-0.159 -0.146 -0.29 -0.246 -0.289
-0.158 -0.145 -0.29 -0.246 -0.289
-0.157 -0.145 -0.29 -0.246 -0.288
-0.156 -0.144 -0.29 -0.247 -0.288
-0.155 -0.144 -0.29 -0.247 -0.287
-0.154 -0.143 -0.29 -0.247 -0.286
-0.153 -0.143 -0.289 -0.248 -0.285
-0.152 -0.142 -0.289 -0.248 -0.284
-0.151 -0.142 -0.289 -0.248 -0.282
-0.15 -0.141 -0.289 -0.249 -0.281
-0.149 -0.141 -0.289 -0.249 -0.279
-0.148 -0.14 -0.289 -0.25 -0.278
-0.147 -0.14 -0.288 -0.25 -0.276
-0.146 -0.139 -0.288 -0.25 -0.274
-0.145 -0.139 -0.288 -0.251 -0.273
-0.144 -0.139 -0.288 -0.251 -0.271
-0.143 -0.138 -0.288 -0.252 -0.269
-0.142 -0.138 -0.287 -0.252 -0.267
-0.141 -0.137 -0.287 -0.253 -0.265
-0.14 -0.137 -0.287 -0.253 -0.263
-0.139 -0.137 -0.287 -0.254 -0.26
-0.138 -0.136 -0.286 -0.254 -0.258
-0.137 -0.136 -0.286 -0.255 -0.256
-0.136 -0.135 -0.286 -0.255 -0.254
-0.135 -0.135 -0.286 -0.256 -0.252
-0.134 -0.135 -0.285 -0.256 -0.25
-0.133 -0.134 -0.285 -0.257 -0.248
-0.132 -0.134 -0.285 -0.257 -0.246
-0.131 -0.134 -0.284 -0.257 -0.244
-0.13 -0.133 -0.284 -0.258 -0.242
-0.129 -0.133 -0.284 -0.258 -0.24
-0.128 -0.133 -0.283 -0.259 -0.238
-0.127 -0.133 -0.283 -0.259 -0.236
-0.126 -0.132 -0.283 -0.26 -0.234
-0.125 -0.132 -0.282 -0.26 -0.232
-0.124 -0.132 -0.282 -0.261 -0.231
-0.123 -0.131 -0.281 -0.261 -0.229
-0.122 -0.131 -0.281 -0.261 -0.228
-0.121 -0.131 -0.281 -0.262 -0.226
-0.12 -0.131 -0.28 -0.262 -0.225
-0.119 -0.13 -0.28 -0.262 -0.223
-0.118 -0.13 -0.279 -0.263 -0.222
-0.117 -0.13 -0.279 -0.263 -0.221
-0.116 -0.13 -0.278 -0.263 -0.22
-0.115 -0.129 -0.278 -0.264 -0.219
-0.114 -0.129 -0.277 -0.264 -0.218
-0.113 -0.129 -0.277 -0.264 -0.217
-0.112 -0.129 -0.276 -0.264 -0.217
-0.111 -0.129 -0.276 -0.265 -0.216
-0.11 -0.128 -0.275 -0.265 -0.216
-0.109 -0.128 -0.274 -0.265 -0.215
-0.108 -0.128 -0.274 -0.265 -0.215
-0.107 -0.128 -0.273 -0.265 -0.215
-0.106 -0.128 -0.273 -0.265 -0.215
-0.105 -0.128 -0.272 -0.266 -0.215
-0.104 -0.127 -0.271 -0.266 -0.215
-0.103 -0.127 -0.271 -0.266 -0.215
-0.102 -0.127 -0.27 -0.266 -0.216
-0.101 -0.127 -0.269 -0.266 -0.216
-0.1 -0.127 -0.269 -0.266 -0.217
-0.099 -0.127 -0.268 -0.266 -0.217
-0.098 -0.127 -0.267 -0.266 -0.218
-0.097 -0.126 -0.266 -0.265 -0.219
-0.096 -0.126 -0.266 -0.265 -0.22
-0.095 -0.126 -0.265 -0.265 -0.222
-0.094 -0.126 -0.264 -0.265 -0.223
-0.093 -0.126 -0.263 -0.265 -0.224
-0.092 -0.126 -0.263 -0.265 -0.226
-0.091 -0.126 -0.262 -0.264 -0.227
-0.09 -0.126 -0.261 -0.264 -0.229
-0.089 -0.126 -0.26 -0.264 -0.231
-0.088 -0.126 -0.259 -0.263 -0.233
-0.087 -0.126 -0.258 -0.263 -0.235
-0.086 -0.126 -0.257 -0.262 -0.238
-0.085 -0.126 -0.256 -0.262 -0.24
-0.084 -0.125 -0.256 -0.262 -0.242
-0.083 -0.125 -0.255 -0.261 -0.245
-0.082 -0.125 -0.254 -0.26 -0.248
-0.081 -0.125 -0.253 -0.26 -0.25
-0.08 -0.125 -0.252 -0.259 -0.253
-0.079 -0.125 -0.251 -0.259 -0.256
-0.078 -0.125 -0.25 -0.258 -0.259
-0.077 -0.125 -0.249 -0.257 -0.262
-0.076 -0.125 -0.248 -0.257 -0.265
-0.075 -0.125 -0.246 -0.256 -0.268
-0.074 -0.125 -0.245 -0.255 -0.272
-0.073 -0.125 -0.244 -0.254 -0.275
-0.072 -0.125 -0.243 -0.253 -0.278
-0.071 -0.125 -0.242 -0.252 -0.282
-0.07 -0.125 -0.241 -0.252 -0.285
-0.069 -0.125 -0.24 -0.251 -0.288
-0.068 -0.125 -0.239 -0.25 -0.292
-0.067 -0.125 -0.237 -0.249 -0.295
-0.066 -0.125 -0.236 -0.247 -0.298
-0.065 -0.125 -0.235 -0.246 -0.302
-0.064 -0.125 -0.234 -0.245 -0.305
-0.063 -0.125 -0.233 -0.244 -0.308
-0.062 -0.126 -0.231 -0.243 -0.311
-0.061 -0.126 -0.23 -0.242 -0.313
-0.06 -0.126 -0.229 -0.24 -0.316
-0.059 -0.126 -0.227 -0.239 -0.318
-0.058 -0.126 -0.226 -0.238 -0.321
-0.057 -0.126 -0.225 -0.236 -0.323
-0.056 -0.126 -0.223 -0.235 -0.324
-0.055 -0.126 -0.222 -0.234 -0.326
-0.054 -0.126 -0.221 -0.232 -0.327
-0.053 -0.126 -0.219 -0.231 -0.328
-0.052 -0.126 -0.218 -0.229 -0.329
-0.051 -0.126 -0.217 -0.228 -0.329
-0.05 -0.126 -0.215 -0.226 -0.329
-0.049 -0.126 -0.214 -0.225 -0.329
-0.048 -0.126 -0.212 -0.223 -0.328
-0.047 -0.127 -0.211 -0.221 -0.327
-0.046 -0.127 -0.209 -0.22 -0.326
-0.045 -0.127 -0.208 -0.218 -0.324
-0.044 -0.127 -0.206 -0.216 -0.322
-0.043 -0.127 -0.205 -0.214 -0.32
-0.042 -0.127 -0.203 -0.212 -0.317
-0.041 -0.127 -0.202 -0.211 -0.314
-0.04 -0.127 -0.2 -0.209 -0.31
-0.039 -0.127 -0.199 -0.207 -0.306
-0.038 -0.127 -0.197 -0.205 -0.302
-0.037 -0.128 -0.195 -0.203 -0.297
-0.036 -0.128 -0.194 -0.201 -0.293
-0.035 -0.128 -0.192 -0.199 -0.287
-0.034 -0.128 -0.191 -0.197 -0.282
-0.033 -0.128 -0.189 -0.195 -0.276
-0.032 -0.128 -0.187 -0.193 -0.271
-0.031 -0.128 -0.186 -0.191 -0.265
-0.03 -0.128 -0.184 -0.189 -0.258
-0.029 -0.129 -0.182 -0.187 -0.252
-0.028 -0.129 -0.18 -0.184 -0.246
-0.027 -0.129 -0.179 -0.182 -0.239
-0.026 -0.129 -0.177 -0.18 -0.232
-0.025 -0.129 -0.175 -0.178 -0.226
-0.024 -0.129 -0.174 -0.175 -0.219
-0.023 -0.129 -0.172 -0.173 -0.212
-0.022 -0.129 -0.17 -0.171 -0.205
-0.021 -0.13 -0.168 -0.169 -0.198
-0.02 -0.13 -0.167 -0.166 -0.191
-0.019 -0.13 -0.165 -0.164 -0.185
-0.018 -0.13 -0.163 -0.162 -0.178
-0.017 -0.13 -0.161 -0.159 -0.171
-0.016 -0.13 -0.159 -0.157 -0.165
-0.015 -0.13 -0.158 -0.154 -0.158
-0.014 -0.131 -0.156 -0.152 -0.152
-0.013 -0.131 -0.154 -0.15 -0.146
-0.012 -0.131 -0.152 -0.147 -0.139
-0.011 -0.131 -0.15 -0.145 -0.133
-0.01 -0.131 -0.148 -0.142 -0.127
-0.009 -0.131 -0.146 -0.14 -0.122
-0.008 -0.131 -0.145 -0.137 -0.116
-0.007 -0.132 -0.143 -0.135 -0.11
-0.006 -0.132 -0.141 -0.132 -0.105
-0.005 -0.132 -0.139 -0.13 -0.0998
-0.004 -0.132 -0.137 -0.127 -0.0948
-0.003 -0.132 -0.135 -0.125 -0.0898
-0.002 -0.132 -0.133 -0.122 -0.085
-0.001 -0.132 -0.131 -0.12 -0.0804
0 -0.133 -0.129 -0.117 -0.0759
0.001 -0.133 -0.127 -0.115 -0.0716
0.002 -0.133 -0.126 -0.112 -0.0674
0.003 -0.133 -0.124 -0.109 -0.0633
0.004 -0.133 -0.122 -0.107 -0.0594
0.005 -0.133 -0.12 -0.104 -0.0557
0.006 -0.133 -0.118 -0.102 -0.0521
0.007 -0.134 -0.116 -0.0993 -0.0486
0.008 -0.134 -0.114 -0.0967 -0.0453
0.009 -0.134 -0.112 -0.0942 -0.0421
0.01 -0.134 -0.11 -0.0917 -0.039
0.011 -0.134 -0.108 -0.0892 -0.036
0.012 -0.134 -0.106 -0.0867 -0.0332
0.013 -0.134 -0.104 -0.0842 -0.0306
0.014 -0.135 -0.102 -0.0817 -0.028
0.015 -0.135 -0.1 -0.0792 -0.0256
0.016 -0.135 -0.0984 -0.0767 -0.0233
0.017 -0.135 -0.0964 -0.0743 -0.0211
0.018 -0.135 -0.0945 -0.0718 -0.019
0.019 -0.135 -0.0925 -0.0694 -0.017
0.02 -0.135 -0.0906 -0.067 -0.0152
0.021 -0.135 -0.0886 -0.0646 -0.0135
0.022 -0.136 -0.0867 -0.0622 -0.0118
0.023 -0.136 -0.0847 -0.0598 -0.0103
0.024 -0.136 -0.0828 -0.0575 -0.00891
0.025 -0.136 -0.0809 -0.0552 -0.0076
0.026 -0.136 -0.0789 -0.0528 -0.00639
0.027 -0.136 -0.077 -0.0506 -0.00528
0.028 -0.136 -0.0751 -0.0483 -0.00426
0.029 -0.136 -0.0732 -0.046 -0.00334
0.03 -0.136 -0.0712 -0.0438 -0.00252
0.031 -0.137 -0.0693 -0.0416 -0.00178
0.032 -0.137 -0.0674 -0.0395 -0.00113
0.033 -0.137 -0.0655 -0.0373 -0.000575
0.034 -0.137 -0.0636 -0.0352 -0.0001
0.035 -0.137 -0.0617 -0.0331 0.000291
0.036 -0.137 -0.0598 -0.031 0.000602
0.037 -0.137 -0.0579 -0.029 0.000834
0.038 -0.137 -0.0561 -0.027 0.000991
0.039 -0.137 -0.0542 -0.025 0.00107
0.04 -0.137 -0.0523 -0.023 0.00108
0.041 -0.138 -0.0505 -0.0211 0.00103
0.042 -0.138 -0.0486 -0.0192 0.000903
0.043 -0.138 -0.0468 -0.0174 0.000716
0.044 -0.138 -0.045 -0.0156 0.000468
0.045 -0.138 -0.0431 -0.0138 0.000164
0.046 -0.138 -0.0413 -0.012 -0.000195
0.047 -0.138 -0.0395 -0.0103 -0.000604
0.048 -0.138 -0.0377 -0.00861 -0.00106
0.049 -0.138 -0.036 -0.00697 -0.00156
0.05 -0.138 -0.0342 -0.00535 -0.0021
0.051 -0.138 -0.0324 -0.00378 -0.00267
0.052 -0.138 -0.0307 -0.00224 -0.00327
0.053 -0.138 -0.0289 -0.000735 -0.00391
0.054 -0.138 -0.0272 0.000729 -0.00456
0.055 -0.138 -0.0255 0.00216 -0.00523
0.056 -0.138 -0.0238 0.00354 -0.00591
0.057 -0.138 -0.0221 0.00489 -0.0066
0.058 -0.138 -0.0204 0.0062 -0.00729
0.059 -0.138 -0.0187 0.00747 -0.00797
0.06 -0.138 -0.017 0.00871 -0.00865
0.061 -0.138 -0.0154 0.0099 -0.00931
0.062 -0.138 -0.0138 0.0111 -0.00995
0.063 -0.138 -0.0121 0.0122 -0.0106
0.064 -0.138 -0.0105 0.0132 -0.0111
0.065 -0.138 -0.00894 0.0143 -0.0117
0.066 -0.138 -0.00736 0.0153 -0.0122
0.067 -0.138 -0.0058 0.0162 -0.0127
0.068 -0.138 -0.00425 0.0171 -0.0131
0.069 -0.138 -0.00271 0.018 -0.0134
0.07 -0.138 -0.00119 0.0188 -0.0137
0.071 -0.138 0.000318 0.0196 -0.0139
0.072 -0.138 0.00181 0.0204 -0.0141
0.073 -0.138 0.00328 0.0211 -0.0142
0.074 -0.138 0.00474 0.0218 -0.0142
0.075 -0.138 0.00619 0.0224 -0.0141
0.076 -0.138 0.00762 0.023 -0.014
0.077 -0.138 0.00903 0.0236 -0.0137
0.078 -0.138 0.0104 0.0241 -0.0134
0.079 -0.138 0.0118 0.0245 -0.013
0.08 -0.138 0.0132 0.025 -0.0126
0.081 -0.138 0.0145 0.0254 -0.0121
0.082 -0.138 0.0158 0.0258 -0.0114
0.083 -0.138 0.0171 0.0261 -0.0108
0.084 -0.137 0.0184 0.0264 -0.01
0.085 -0.137 0.0197 0.0266 -0.0092
0.086 -0.137 0.021 0.0268 -0.00832
0.087 -0.137 0.0222 0.027 -0.00738
0.088 -0.137 0.0234 0.0272 -0.00639
0.089 -0.137 0.0246 0.0273 -0.00535
0.09 -0.137 0.0258 0.0273 -0.00426
0.091 -0.137 0.027 0.0274 -0.00314
0.092 -0.137 0.0282 0.0274 -0.00199
0.093 -0.136 0.0293 0.0274 -0.000803
0.094 -0.136 0.0304 0.0273 0.000402
0.095 -0.136 0.0315 0.0272 0.00162
0.096 -0.136 0.0326 0.0271 0.00286
0.097 -0.136 0.0336 0.027 0.00409
0.098 -0.136 0.0347 0.0268 0.00533
0.099 -0.135 0.0357 0.0266 0.00656
0.1 -0.135 0.0367 0.0263 0.00778
0.101 -0.135 0.0377 0.0261 0.00899
0.102 -0.135 0.0387 0.0258 0.0102
0.103 -0.135 0.0396 0.0255 0.0113
0.104 -0.134 0.0405 0.0251 0.0125
0.105 -0.134 0.0414 0.0247 0.0136
0.106 -0.134 0.0423 0.0243 0.0146
0.107 -0.134 0.0432 0.0239 0.0156
0.108 -0.133 0.0441 0.0235 0.0166
0.109 -0.133 0.0449 0.023 0.0176
0.11 -0.133 0.0457 0.0225 0.0184
0.111 -0.133 0.0465 0.022 0.0193
0.112 -0.132 0.0473 0.0215 0.02
0.113 -0.132 0.048 0.021 0.0208
0.114 -0.132 0.0488 0.0204 0.0214
0.115 -0.132 0.0495 0.0198 0.022
0.116 -0.131 0.0502 0.0192 0.0226
0.117 -0.131 0.0509 0.0186 0.023
0.118 -0.131 0.0516 0.018 0.0234
0.119 -0.13 0.0522 0.0173 0.0238
0.12 -0.13 0.0529 0.0167 0.024
0.121 -0.13 0.0535 0.016 0.0242
0.122 -0.129 0.0541 0.0153 0.0244
0.123 -0.129 0.0547 0.0146 0.0244
0.124 -0.129 0.0552 0.0139 0.0244
0.125 -0.128 0.0558 0.0132 0.0243
0.126 -0.128 0.0563 0.0125 0.0242
0.127 -0.128 0.0568 0.0118 0.024
0.128 -0.127 0.0573 0.011 0.0237
0.129 -0.127 0.0578 0.0103 0.0233
0.13 -0.126 0.0582 0.00954 0.0229
0.131 -0.126 0.0587 0.00879 0.0224
0.132 -0.126 0.0591 0.00804 0.0218
0.133 -0.125 0.0595 0.00728 0.0211
0.134 -0.125 0.0599 0.00653 0.0204
0.135 -0.124 0.0603 0.00578 0.0196
0.136 -0.124 0.0607 0.00502 0.0187
0.137 -0.123 0.061 0.00427 0.0178
0.138 -0.123 0.0613 0.00352 0.0168
0.139 -0.122 0.0617 0.00277 0.0157
0.14 -0.122 0.062 0.00203 0.0146
0.141 -0.121 0.0623 0.0013 0.0134
0.142 -0.121 0.0625 0.000567 0.0121
0.143 -0.12 0.0628 -0.000156 0.0108
0.144 -0.12 0.063 -0.000871 0.00942
0.145 -0.119 0.0633 -0.00158 0.00797
0.146 -0.119 0.0635 -0.00227 0.00647
0.147 -0.118 0.0637 -0.00296 0.00491
0.148 -0.118 0.0639 -0.00363 0.0033
0.149 -0.117 0.0641 -0.00429 0.00163
0.15 -0.117 0.0643 -0.00493 -7.56e-05
0.151 -0.116 0.0644 -0.00557 -0.00183
0.152 -0.116 0.0646 -0.00618 -0.00363
0.153 -0.115 0.0647 -0.00678 -0.00546
0.154 -0.114 0.0648 -0.00736 -0.00733
0.155 -0.114 0.065 -0.00793 -0.00923
0.156 -0.113 0.0651 -0.00847 -0.0111
0.157 -0.113 0.0652 -0.00899 -0.0131
0.158 -0.112 0.0652 -0.00949 -0.0151
0.159 -0.111 0.0653 -0.00997 -0.017
0.16 -0.111 0.0654 -0.0104 -0.019
0.161 -0.11 0.0654 -0.0109 -0.021
0.162 -0.109 0.0655 -0.0113 -0.0229
0.163 -0.109 0.0655 -0.0117 -0.0249
0.164 -0.108 0.0656 -0.012 -0.0268
0.165 -0.107 0.0656 -0.0123 -0.0287
0.166 -0.107 0.0656 -0.0126 -0.0306
0.167 -0.106 0.0656 -0.0129 -0.0324
0.168 -0.105 0.0656 -0.0131 -0.0342
0.169 -0.104 0.0656 -0.0133 -0.0359
0.17 -0.104 0.0656 -0.0135 -0.0375
0.171 -0.103 0.0656 -0.0137 -0.0391
0.172 -0.102 0.0656 -0.0138 -0.0406
0.173 -0.101 0.0656 -0.0138 -0.0419
0.174 -0.101 0.0656 -0.0139 -0.0432
0.175 -0.0999 0.0655 -0.0139 -0.0444
0.176 -0.0991 0.0655 -0.0138 -0.0454
0.177 -0.0983 0.0655 -0.0137 -0.0463
0.178 -0.0975 0.0654 -0.0136 -0.047
0.179 -0.0967 0.0654 -0.0135 -0.0476
0.18 -0.0958 0.0654 -0.0133 -0.0481
0.181 -0.095 0.0653 -0.013 -0.0484
0.182 -0.0942 0.0653 -0.0127 -0.0485
0.183 -0.0933 0.0652 -0.0124 -0.0484
0.184 -0.0924 0.0652 -0.012 -0.0481
0.185 -0.0916 0.0651 -0.0116 -0.0477
0.186 -0.0907 0.0651 -0.0112 -0.0471
0.187 -0.0898 0.065 -0.0107 -0.0462
0.188 -0.0889 0.065 -0.0101 -0.0452
0.189 -0.088 0.0649 -0.0095 -0.0439
0.19 -0.0871 0.0649 -0.00885 -0.0425
0.191 -0.0861 0.0648 -0.00814 -0.0409
0.192 -0.0852 0.0648 -0.00739 -0.039
0.193 -0.0842 0.0648 -0.00659 -0.037
0.194 -0.0833 0.0647 -0.00573 -0.0348
0.195 -0.0823 0.0647 -0.00483 -0.0324
0.196 -0.0813 0.0647 -0.00387 -0.0298
0.197 -0.0803 0.0646 -0.00286 -0.027
0.198 -0.0793 0.0646 -0.00179 -0.0241
0.199 -0.0783 0.0646 -0.000675 -0.021
0.2 -0.0773 0.0646 0.000497 -0.0178
0.201 -0.0763 0.0646 0.00172 -0.0144
0.202 -0.0752 0.0646 0.00301 -0.0109
0.203 -0.0742 0.0646 0.00434 -0.00722
0.204 -0.0731 0.0646 0.00574 -0.00346
0.205 -0.0721 0.0646 0.00718 0.000395
0.206 -0.071 0.0646 0.00869 0.00434
0.207 -0.0699 0.0646 0.0102 0.00838
0.208 -0.0688 0.0647 0.0119 0.0125
0.209 -0.0677 0.0647 0.0135 0.0166
0.21 -0.0666 0.0648 0.0153 0.0209
0.211 -0.0655 0.0648 0.0171 0.0251
0.212 -0.0643 0.0649 0.0189 0.0294
0.213 -0.0632 0.065 0.0208 0.0337
0.214 -0.062 0.0651 0.0228 0.038
0.215 -0.0609 0.0652 0.0248 0.0423
0.216 -0.0597 0.0653 0.0268 0.0467
0.217 -0.0585 0.0654 0.029 0.051
0.218 -0.0573 0.0655 0.0311 0.0553
0.219 -0.0561 0.0657 0.0334 0.0595
0.22 -0.0549 0.0658 0.0357 0.0638
0.221 -0.0537 0.066 0.038 0.068
0.222 -0.0524 0.0661 0.0404 0.0721
0.223 -0.0512 0.0663 0.0429 0.0762
0.224 -0.0499 0.0665 0.0454 0.0803
0.225 -0.0487 0.0667 0.0479 0.0843
0.226 -0.0474 0.067 0.0505 0.0882
0.227 -0.0461 0.0672 0.0532 0.0921
0.228 -0.0448 0.0674 0.0559 0.096
0.229 -0.0435 0.0677 0.0586 0.0997
0.23 -0.0422 0.068 0.0614 0.103
0.231 -0.0409 0.0682 0.0643 0.107
0.232 -0.0395 0.0685 0.0672 0.111
0.233 -0.0382 0.0689 0.0701 0.114
0.234 -0.0368 0.0692 0.0731 0.118
0.235 -0.0355 0.0695 0.0761 0.121
0.236 -0.0341 0.0699 0.0792 0.124
0.237 -0.0327 0.0703 0.0823 0.127
0.238 -0.0313 0.0707 0.0854 0.131
0.239 -0.0299 0.0711 0.0886 0.134
0.24 -0.0285 0.0715 0.0918 0.137
0.241 -0.0271 0.0719 0.095 0.14
0.242 -0.0256 0.0724 0.0983 0.142
0.243 -0.0242 0.0728 0.102 0.145
0.244 -0.0228 0.0733 0.105 0.148
0.245 -0.0213 0.0738 0.108 0.151
0.246 -0.0198 0.0743 0.112 0.153
0.247 -0.0183 0.0748 0.115 0.156
0.248 -0.0168 0.0754 0.118 0.158
0.249 -0.0153 0.076 0.122 0.161
0.25 -0.0138 0.0765 0.125 0.163
0.251 -0.0123 0.0771 0.129 0.165
0.252 -0.0108 0.0778 0.132 0.168
0.253 -0.00925 0.0784 0.136 0.17
0.254 -0.0077 0.079 0.139 0.172
0.255 -0.00614 0.0797 0.143 0.174
0.256 -0.00457 0.0804 0.146 0.176
0.257 -0.00299 0.0811 0.15 0.178
0.258 -0.00141 0.0818 0.153 0.18
0.259 0.000191 0.0825 0.157 0.182
0.26 0.0018 0.0833 0.16 0.184
0.261 0.00341 0.0841 0.164 0.186
0.262 0.00504 0.0848 0.167 0.188
0.263 0.00668 0.0857 0.171 0.19
0.264 0.00832 0.0865 0.174 0.192
0.265 0.00997 0.0873 0.177 0.193
0.266 0.0116 0.0882 0.181 0.195
0.267 0.0133 0.0891 0.184 0.197
0.268 0.015 0.09 0.187 0.199
0.269 0.0167 0.0909 0.191 0.2
0.27 0.0184 0.0918 0.194 0.202
0.271 0.0201 0.0928 0.197 0.203
0.272 0.0218 0.0937 0.201 0.205
0.273 0.0235 0.0947 0.204 0.207
0.274 0.0253 0.0957 0.207 0.208
0.275 0.027 0.0967 0.21 0.21
0.276 0.0288 0.0978 0.213 0.211
0.277 0.0306 0.0988 0.216 0.213
0.278 0.0323 0.0999 0.219 0.214
0.279 0.0341 0.101 0.222 0.216
0.28 0.0359 0.102 0.225 0.217
0.281 0.0377 0.103 0.228 0.219
0.282 0.0395 0.104 0.23 0.22
0.283 0.0413 0.106 0.233 0.222
0.284 0.0432 0.107 0.236 0.223
0.285 0.045 0.108 0.238 0.225
0.286 0.0469 0.109 0.241 0.226
0.287 0.0487 0.11 0.243 0.227
0.288 0.0506 0.112 0.246 0.229
0.289 0.0524 0.113 0.248 0.23
0.29 0.0543 0.114 0.251 0.232
0.291 0.0562 0.115 0.253 0.233
0.292 0.0581 0.117 0.255 0.234
0.293 0.06 0.118 0.257 0.236
0.294 0.0619 0.119 0.259 0.237
0.295 0.0639 0.121 0.261 0.238
0.296 0.0658 0.122 0.263 0.24
0.297 0.0677 0.124 0.265 0.241
0.298 0.0697 0.125 0.266 0.242
0.299 0.0716 0.126 0.268 0.244
0.3 0.0736 0.128 0.27 0.245
0.301 0.0756 0.129 0.271 0.246
0.302 0.0776 0.131 0.273 0.247
0.303 0.0796 0.132 0.274 0.248
0.304 0.0816 0.134 0.275 0.249
0.305 0.0836 0.135 0.277 0.251
0.306 0.0856 0.137 0.278 0.252
0.307 0.0876 0.138 0.279 0.253
0.308 0.0896 0.14 0.28 0.254
0.309 0.0917 0.142 0.281 0.255
0.31 0.0937 0.143 0.282 0.255
0.311 0.0958 0.145 0.283 0.256
0.312 0.0978 0.146 0.283 0.257
0.313 0.0999 0.148 0.284 0.258
0.314 0.102 0.15 0.285 0.259
0.315 0.104 0.151 0.285 0.259
0.316 0.106 0.153 0.286 0.26
0.317 0.108 0.155 0.286 0.261
0.318 0.11 0.156 0.286 0.261
0.319 0.112 0.158 0.287 0.262
0.32 0.115 0.16 0.287 0.262
0.321 0.117 0.162 0.287 0.262
0.322 0.119 0.163 0.287 0.263
0.323 0.121 0.165 0.287 0.263
0.324 0.123 0.167 0.287 0.263
0.325 0.125 0.169 0.287 0.264
0.326 0.128 0.17 0.287 0.264
0.327 0.13 0.172 0.287 0.264
0.328 0.132 0.174 0.286 0.264
0.329 0.134 0.176 0.286 0.264
0.33 0.136 0.178 0.286 0.265
0.331 0.138 0.179 0.285 0.265
0.332 0.141 0.181 0.285 0.265
0.333 0.143 0.183 0.284 0.265
0.334 0.145 0.185 0.284 0.265
0.335 0.147 0.187 0.283 0.265
0.336 0.15 0.189 0.283 0.265
0.337 0.152 0.191 0.282 0.265
0.338 0.154 0.192 0.281 0.264
0.339 0.156 0.194 0.28 0.264
0.34 0.159 0.196 0.28 0.264
0.341 0.161 0.198 0.279 0.264
0.342 0.163 0.2 0.278 0.264
0.343 0.165 0.202 0.277 0.264
0.344 0.168 0.204 0.276 0.264
0.345 0.17 0.206 0.275 0.263
0.346 0.172 0.208 0.274 0.263
0.347 0.174 0.21 0.273 0.263
0.348 0.177 0.212 0.272 0.263
0.349 0.179 0.214 0.271 0.262
0.35 0.181 0.216 0.27 0.262
0.351 0.184 0.218 0.269 0.262
0.352 0.186 0.219 0.267 0.261
0.353 0.188 0.221 0.266 0.261
0.354 0.191 0.223 0.265 0.261
0.355 0.193 0.225 0.264 0.26
0.356 0.195 0.227 0.263 0.26
0.357 0.198 0.229 0.261 0.26
0.358 0.2 0.231 0.26 0.259
0.359 0.202 0.233 0.259 0.259
0.36 0.205 0.235 0.258 0.259
0.361 0.207 0.237 0.257 0.258
0.362 0.21 0.239 0.255 0.258
0.363 0.212 0.241 0.254 0.257
0.364 0.214 0.243 0.253 0.257
0.365 0.217 0.245 0.251 0.257
0.366 0.219 0.247 0.25 0.256
0.367 0.222 0.249 0.249 0.256
0.368 0.224 0.251 0.248 0.255
0.369 0.226 0.253 0.246 0.255
0.37 0.229 0.255 0.245 0.254
0.371 0.231 0.257 0.244 0.254
0.372 0.234 0.259 0.243 0.253
0.373 0.236 0.261 0.242 0.253
0.374 0.238 0.263 0.24 0.252
0.375 0.241 0.265 0.239 0.252
0.376 0.243 0.267 0.238 0.251
0.377 0.246 0.269 0.237 0.25
0.378 0.248 0.271 0.236 0.25
0.379 0.251 0.273 0.235 0.249
0.38 0.253 0.275 0.234 0.249
0.381 0.255 0.277 0.232 0.248
0.382 0.258 0.279 0.231 0.247
0.383 0.26 0.281 0.23 0.247
0.384 0.263 0.282 0.229 0.246
0.385 0.265 0.284 0.228 0.246
0.386 0.268 0.286 0.227 0.245
0.387 0.27 0.288 0.226 0.244
0.388 0.273 0.29 0.226 0.244
0.389 0.275 0.292 0.225 0.243
0.39 0.278 0.294 0.224 0.242
0.391 0.28 0.296 0.223 0.242
0.392 0.283 0.298 0.222 0.241
0.393 0.285 0.299 0.221 0.24
0.394 0.288 0.301 0.221 0.24
0.395 0.29 0.303 0.22 0.239
0.396 0.293 0.305 0.219 0.238
0.397 0.295 0.307 0.219 0.238
0.398 0.297 0.309 0.218 0.237
0.399 0.3 0.31 0.218 0.236
0.4 0.302 0.312 0.217 0.236
0.401 0.305 0.314 0.217 0.235
0.402 0.307 0.316 0.216 0.234
0.403 0.31 0.318 0.216 0.234
0.404 0.312 0.319 0.216 0.233
0.405 0.315 0.321 0.215 0.233
0.406 0.317 0.323 0.215 0.232
0.407 0.32 0.325 0.215 0.232
0.408 0.322 0.326 0.215 0.231
0.409 0.325 0.328 0.214 0.231
0.41 0.327 0.33 0.214 0.23
0.411 0.33 0.331 0.214 0.23
0.412 0.332 0.333 0.214 0.229
0.413 0.335 0.335 0.214 0.229
0.414 0.337 0.336 0.214 0.229
0.415 0.34 0.338 0.215 0.228
0.416 0.342 0.339 0.215 0.228
0.417 0.345 0.341 0.215 0.228
0.418 0.347 0.343 0.215 0.228
0.419 0.35 0.344 0.216 0.228
0.42 0.352 0.346 0.216 0.228
0.421 0.355 0.347 0.216 0.228
0.422 0.357 0.349 0.217 0.228
0.423 0.36 0.35 0.217 0.228
0.424 0.362 0.352 0.218 0.228
0.425 0.365 0.353 0.219 0.229
0.426 0.367 0.355 0.219 0.229
0.427 0.37 0.356 0.22 0.229
0.428 0.372 0.358 0.221 0.23
0.429 0.375 0.359 0.221 0.23
0.43 0.377 0.36 0.222 0.231
0.431 0.38 0.362 0.223 0.231
0.432 0.382 0.363 0.224 0.232
0.433 0.385 0.365 0.225 0.233
0.434 0.387 0.366 0.226 0.234
0.435 0.39 0.367 0.227 0.234
0.436 0.392 0.368 0.229 0.235
0.437 0.395 0.37 0.23 0.236
0.438 0.397 0.371 0.231 0.237
0.439 0.4 0.372 0.232 0.238
0.44 0.402 0.373 0.234 0.239
0.441 0.405 0.375 0.235 0.241
0.442 0.407 0.376 0.237 0.242
0.443 0.41 0.377 0.238 0.243
0.444 0.412 0.378 0.24 0.244
0.445 0.415 0.379 0.241 0.246
0.446 0.417 0.38 0.243 0.247
0.447 0.419 0.382 0.245 0.248
0.448 0.422 0.383 0.246 0.25
0.449 0.424 0.384 0.248 0.251
0.45 0.427 0.385 0.25 0.253
0.451 0.429 0.386 0.252 0.254
0.452 0.432 0.387 0.254 0.256
0.453 0.434 0.388 0.256 0.257
0.454 0.437 0.389 0.258 0.259
0.455 0.439 0.39 0.26 0.26
0.456 0.441 0.391 0.262 0.262
0.457 0.444 0.391 0.264 0.263
0.458 0.446 0.392 0.267 0.265
0.459 0.449 0.393 0.269 0.267
0.46 0.451 0.394 0.271 0.268
0.461 0.453 0.395 0.273 0.27
0.462 0.456 0.396 0.276 0.272
0.463 0.458 0.397 0.278 0.274
0.464 0.461 0.397 0.281 0.275
0.465 0.463 0.398 0.283 0.277
0.466 0.465 0.399 0.286 0.279
0.467 0.468 0.399 0.288 0.281
0.468 0.47 0.4 0.291 0.282
0.469 0.473 0.401 0.293 0.284
0.47 0.475 0.402 0.296 0.286
0.471 0.477 0.402 0.299 0.288
0.472 0.48 0.403 0.301 0.29
0.473 0.482 0.403 0.304 0.292
0.474 0.484 0.404 0.307 0.294
0.475 0.487 0.404 0.31 0.296
0.476 0.489 0.405 0.313 0.297
0.477 0.491 0.406 0.315 0.299
0.478 0.494 0.406 0.318 0.302
0.479 0.496 0.406 0.321 0.304
0.48 0.498 0.407 0.324 0.306
0.481 0.5 0.407 0.327 0.308
0.482 0.503 0.408 0.33 0.31
0.483 0.505 0.408 0.333 0.312
0.484 0.507 0.409 0.336 0.314
0.485 0.51 0.409 0.339 0.317
0.486 0.512 0.409 0.342 0.319
0.487 0.514 0.41 0.345 0.321
0.488 0.516 0.41 0.348 0.324
0.489 0.519 0.41 0.351 0.326
0.49 0.521 0.41 0.354 0.329
0.491 0.523 0.411 0.358 0.331
0.492 0.525 0.411 0.361 0.334
0.493 0.528 0.411 0.364 0.336
0.494 0.53 0.411 0.367 0.339
0.495 0.532 0.412 0.37 0.342
0.496 0.534 0.412 0.373 0.345
0.497 0.536 0.412 0.376 0.348
0.498 0.538 0.412 0.379 0.351
0.499 0.541 0.412 0.382 0.354
0.5 0.543 0.412 0.386 0.357
0.501 0.545 0.412 0.389 0.36
0.502 0.547 0.412 0.392 0.364
0.503 0.549 0.412 0.395 0.367
0.504 0.551 0.412 0.398 0.37
0.505 0.554 0.412 0.401 0.374
0.506 0.556 0.412 0.404 0.378
0.507 0.558 0.412 0.407 0.381
0.508 0.56 0.412 0.41 0.385
0.509 0.562 0.412 0.413 0.389
0.51 0.564 0.412 0.416 0.393
0.511 0.566 0.412 0.419 0.397
0.512 0.568 0.412 0.422 0.401
0.513 0.57 0.412 0.425 0.406
0.514 0.572 0.412 0.428 0.41
0.515 0.574 0.412 0.431 0.415
0.516 0.576 0.411 0.434 0.419
0.517 0.578 0.411 0.437 0.424
0.518 0.58 0.411 0.439 0.429
0.519 0.582 0.411 0.442 0.433
0.52 0.584 0.411 0.445 0.438
0.521 0.586 0.41 0.448 0.443
0.522 0.588 0.41 0.45 0.448
0.523 0.59 0.41 0.453 0.453
0.524 0.592 0.41 0.455 0.459
0.525 0.594 0.409 0.458 0.464
0.526 0.596 0.409 0.461 0.469
0.527 0.598 0.409 0.463 0.474
0.528 0.6 0.409 0.465 0.479
0.529 0.602 0.408 0.468 0.484
0.53 0.604 0.408 0.47 0.49
0.531 0.605 0.408 0.472 0.495
0.532 0.607 0.407 0.475 0.5
0.533 0.609 0.407 0.477 0.505
0.534 0.611 0.407 0.479 0.51
0.535 0.613 0.406 0.481 0.515
0.536 0.615 0.406 0.483 0.519
0.537 0.616 0.406 0.485 0.524
0.538 0.618 0.405 0.487 0.528
0.539 0.62 0.405 0.489 0.532
0.54 0.622 0.404 0.491 0.536
0.541 0.624 0.404 0.493 0.54
0.542 0.625 0.404 0.494 0.544
0.543 0.627 0.403 0.496 0.547
0.544 0.629 0.403 0.498 0.55
0.545 0.63 0.402 0.499 0.553
0.546 0.632 0.402 0.501 0.555
0.547 0.634 0.402 0.502 0.558
0.548 0.636 0.401 0.504 0.56
0.549 0.637 0.401 0.505 0.561
0.55 0.639 0.4 0.506 0.563
0.551 0.64 0.4 0.508 0.564
0.552 0.642 0.399 0.509 0.565
0.553 0.644 0.399 0.51 0.565
0.554 0.645 0.399 0.511 0.566
0.555 0.647 0.398 0.512 0.566
0.556 0.649 0.398 0.513 0.566
0.557 0.65 0.397 0.514 0.565
0.558 0.652 0.397 0.515 0.565
0.559 0.653 0.396 0.515 0.564
0.56 0.655 0.396 0.516 0.563
0.561 0.656 0.396 0.517 0.561
0.562 0.658 0.395 0.517 0.56
0.563 0.659 0.395 0.518 0.558
0.564 0.661 0.394 0.518 0.557
0.565 0.662 0.394 0.519 0.555
0.566 0.664 0.394 0.519 0.553
0.567 0.665 0.393 0.519 0.551
0.568 0.666 0.393 0.52 0.548
0.569 0.668 0.393 0.52 0.546
0.57 0.669 0.392 0.52 0.544
0.571 0.671 0.392 0.52 0.541
0.572 0.672 0.391 0.52 0.539
0.573 0.673 0.391 0.52 0.536
0.574 0.675 0.391 0.52 0.534
0.575 0.676 0.39 0.52 0.531
0.576 0.677 0.39 0.52 0.529
0.577 0.679 0.39 0.52 0.526
0.578 0.68 0.39 0.519 0.523
0.579 0.681 0.389 0.519 0.521
0.58 0.682 0.389 0.519 0.518
0.581 0.684 0.389 0.518 0.516
0.582 0.685 0.389 0.518 0.513
0.583 0.686 0.388 0.517 0.511
0.584 0.687 0.388 0.517 0.509
0.585 0.689 0.388 0.516 0.506
0.586 0.69 0.388 0.516 0.504
0.587 0.691 0.388 0.515 0.502
0.588 0.692 0.387 0.515 0.5
0.589 0.693 0.387 0.514 0.498
0.59 0.694 0.387 0.513 0.495
0.591 0.695 0.387 0.512 0.493
0.592 0.696 0.387 0.512 0.492
0.593 0.697 0.387 0.511 0.49
0.594 0.698 0.387 0.51 0.488
0.595 0.7 0.387 0.509 0.486
0.596 0.701 0.387 0.508 0.484
0.597 0.702 0.387 0.508 0.483
0.598 0.703 0.387 0.507 0.481
0.599 0.704 0.387 0.506 0.48
0.6 0.704 0.387 0.505 0.479
0.601 0.705 0.387 0.504 0.477
0.602 0.706 0.387 0.503 0.476
0.603 0.707 0.387 0.502 0.475
0.604 0.708 0.387 0.501 0.474
0.605 0.709 0.388 0.5 0.473
0.606 0.71 0.388 0.499 0.472
0.607 0.711 0.388 0.498 0.471
0.608 0.712 0.388 0.497 0.47
0.609 0.712 0.389 0.496 0.47
0.61 0.713 0.389 0.495 0.469
0.611 0.714 0.389 0.494 0.468
0.612 0.715 0.39 0.493 0.468
0.613 0.716 0.39 0.492 0.468
0.614 0.716 0.39 0.491 0.467
0.615 0.717 0.391 0.49 0.467
0.616 0.718 0.391 0.49 0.467
0.617 0.718 0.392 0.489 0.467
0.618 0.719 0.392 0.488 0.467
0.619 0.72 0.393 0.487 0.467
0.62 0.72 0.393 0.486 0.467
0.621 0.721 0.394 0.485 0.468
0.622 0.722 0.394 0.484 0.468
0.623 0.722 0.395 0.483 0.468
0.624 0.723 0.396 0.483 0.469
0.625 0.723 0.396 0.482 0.47
0.626 0.724 0.397 0.481 0.47
0.627 0.724 0.398 0.48 0.471
0.628 0.725 0.399 0.48 0.472
0.629 0.725 0.4 0.479 0.473
0.63 0.726 0.4 0.478 0.474
0.631 0.726 0.401 0.478 0.475
0.632 0.727 0.402 0.477 0.476
0.633 0.727 0.403 0.477 0.478
0.634 0.728 0.404 0.476 0.479
0.635 0.728 0.405 0.476 0.481
0.636 0.728 0.406 0.475 0.482
0.637 0.729 0.407 0.475 0.484
0.638 0.729 0.408 0.474 0.486
0.639 0.729 0.409 0.474 0.488
0.64 0.73 0.411 0.474 0.49
0.641 0.73 0.412 0.474 0.492
0.642 0.73 0.413 0.473 0.494
0.643 0.731 0.414 0.473 0.496
0.644 0.731 0.415 0.473 0.498
0.645 0.731 0.417 0.473 0.5
0.646 0.731 0.418 0.473 0.502
0.647 0.731 0.42 0.473 0.504
0.648 0.732 0.421 0.473 0.507
0.649 0.732 0.422 0.473 0.509
0.65 0.732 0.424 0.473 0.511
0.651 0.732 0.425 0.473 0.513
0.652 0.732 0.427 0.473 0.516
0.653 0.732 0.428 0.474 0.518
0.654 0.732 0.43 0.474 0.52
0.655 0.732 0.432 0.474 0.522
0.656 0.732 0.433 0.475 0.524
0.657 0.732 0.435 0.475 0.526
0.658 0.732 0.437 0.475 0.527
0.659 0.732 0.439 0.476 0.529
0.66 0.732 0.44 0.476 0.531
0.661 0.732 0.442 0.477 0.532
0.662 0.732 0.444 0.478 0.533
0.663 0.732 0.446 0.478 0.534
0.664 0.732 0.448 0.479 0.535
0.665 0.732 0.45 0.48 0.536
0.666 0.732 0.452 0.48 0.536
0.667 0.732 0.454 0.481 0.537
0.668 0.731 0.456 0.482 0.537
0.669 0.731 0.458 0.483 0.537
0.67 0.731 0.46 0.484 0.537
0.671 0.731 0.462 0.485 0.536
0.672 0.731 0.464 0.486 0.536
0.673 0.73 0.466 0.487 0.535
0.674 0.73 0.469 0.488 0.534
0.675 0.73 0.471 0.489 0.534
0.676 0.729 0.473 0.49 0.533
0.677 0.729 0.476 0.491 0.531
0.678 0.729 0.478 0.492 0.53
0.679 0.728 0.48 0.494 0.529
0.68 0.728 0.483 0.495 0.528
0.681 0.728 0.485 0.496 0.526
0.682 0.727 0.487 0.497 0.525
0.683 0.727 0.49 0.499 0.523
0.684 0.726 0.492 0.5 0.521
0.685 0.726 0.495 0.502 0.52
0.686 0.725 0.498 0.503 0.518
0.687 0.725 0.5 0.504 0.517
0.688 0.724 0.503 0.506 0.515
0.689 0.724 0.505 0.507 0.513
0.69 0.723 0.508 0.509 0.512
0.691 0.723 0.511 0.51 0.51
0.692 0.722 0.513 0.512 0.509
0.693 0.721 0.516 0.513 0.507
0.694 0.721 0.519 0.515 0.506
0.695 0.72 0.522 0.517 0.504
0.696 0.719 0.524 0.518 0.503
0.697 0.719 0.527 0.52 0.502
0.698 0.718 0.53 0.521 0.501
0.699 0.717 0.533 0.523 0.5
0.7 0.717 0.536 0.525 0.498
0.701 0.716 0.539 0.526 0.497
0.702 0.715 0.542 0.528 0.497
0.703 0.714 0.545 0.53 0.496
0.704 0.713 0.548 0.531 0.495
0.705 0.713 0.551 0.533 0.494
0.706 0.712 0.554 0.535 0.494
0.707 0.711 0.557 0.537 0.493
0.708 0.71 0.56 0.538 0.493
0.709 0.709 0.563 0.54 0.492
0.71 0.708 0.566 0.542 0.492
0.711 0.707 0.569 0.543 0.492
0.712 0.706 0.572 0.545 0.492
0.713 0.705 0.575 0.547 0.492
0.714 0.704 0.578 0.549 0.492
0.715 0.703 0.581 0.55 0.492
0.716 0.702 0.584 0.552 0.492
0.717 0.701 0.588 0.554 0.493
0.718 0.7 0.591 0.556 0.493
0.719 0.699 0.594 0.558 0.494
0.72 0.698 0.597 0.559 0.494
0.721 0.697 0.6 0.561 0.495
0.722 0.696 0.604 0.563 0.496
0.723 0.695 0.607 0.565 0.497
0.724 0.694 0.61 0.566 0.498
0.725 0.692 0.613 0.568 0.499
0.726 0.691 0.616 0.57 0.501
0.727 0.69 0.62 0.572 0.502
0.728 0.689 0.623 0.573 0.504
0.729 0.687 0.626 0.575 0.505
0.73 0.686 0.629 0.577 0.507
0.731 0.685 0.633 0.578 0.509
0.732 0.684 0.636 0.58 0.511
0.733 0.682 0.639 0.582 0.513
0.734 0.681 0.643 0.584 0.516
0.735 0.68 0.646 0.585 0.518
0.736 0.678 0.649 0.587 0.521
0.737 0.677 0.652 0.589 0.523
0.738 0.675 0.656 0.59 0.526
0.739 0.674 0.659 0.592 0.529
0.74 0.673 0.662 0.594 0.533
0.741 0.671 0.666 0.595 0.536
0.742 0.67 0.669 0.597 0.539
0.743 0.668 0.672 0.599 0.543
0.744 0.667 0.675 0.6 0.547
0.745 0.665 0.679 0.602 0.551
0.746 0.664 0.682 0.604 0.555
0.747 0.662 0.685 0.605 0.559
0.748 0.66 0.688 0.607 0.564
0.749 0.659 0.692 0.609 0.568
0.75 0.657 0.695 0.61 0.573
0.751 0.656 0.698 0.612 0.578
0.752 0.654 0.701 0.613 0.583
0.753 0.652 0.705 0.615 0.589
0.754 0.651 0.708 0.617 0.594
0.755 0.649 0.711 0.618 0.6
0.756 0.647 0.714 0.62 0.606
0.757 0.646 0.717 0.621 0.612
0.758 0.644 0.72 0.623 0.618
0.759 0.642 0.724 0.625 0.624
0.76 0.64 0.727 0.626 0.631
0.761 0.638 0.73 0.628 0.638
0.762 0.637 0.733 0.629 0.644
0.763 0.635 0.736 0.631 0.651
0.764 0.633 0.739 0.633 0.658
0.765 0.631 0.742 0.634 0.665
0.766 0.629 0.745 0.636 0.672
0.767 0.627 0.748 0.637 0.68
0.768 0.625 0.751 0.639 0.687
0.769 0.623 0.754 0.641 0.694
0.77 0.622 0.757 0.642 0.702
0.771 0.62 0.76 0.644 0.709
0.772 0.618 0.763 0.645 0.716
0.773 0.616 0.766 0.647 0.724
0.774 0.614 0.769 0.649 0.731
0.775 0.612 0.772 0.65 0.738
0.776 0.61 0.774 0.652 0.745
0.777 0.607 0.777 0.653 0.752
0.778 0.605 0.78 0.655 0.758
0.779 0.603 0.783 0.657 0.765
0.78 0.601 0.785 0.658 0.771
0.781 0.599 0.788 0.66 0.777
0.782 0.597 0.791 0.662 0.783
0.783 0.595 0.793 0.663 0.788
0.784 0.593 0.796 0.665 0.793
0.785 0.59 0.799 0.667 0.798
0.786 0.588 0.801 0.668 0.803
0.787 0.586 0.804 0.67 0.807
0.788 0.584 0.806 0.672 0.811
0.789 0.582 0.809 0.673 0.814
0.79 0.579 0.811 0.675 0.817
0.791 0.577 0.813 0.677 0.82
0.792 0.575 0.816 0.679 0.823
0.793 0.572 0.818 0.68 0.825
0.794 0.57 0.82 0.682 0.826
0.795 0.568 0.822 0.684 0.827
0.796 0.565 0.825 0.686 0.828
0.797 0.563 0.827 0.687 0.829
0.798 0.561 0.829 0.689 0.829
0.799 0.558 0.831 0.691 0.829
0.8 0.556 0.833 0.693 0.829
0.801 0.553 0.835 0.695 0.828
0.802 0.551 0.837 0.696 0.827
0.803 0.549 0.839 0.698 0.826
0.804 0.546 0.841 0.7 0.824
0.805 0.544 0.843 0.702 0.822
0.806 0.541 0.845 0.704 0.82
0.807 0.539 0.846 0.706 0.818
0.808 0.536 0.848 0.708 0.816
0.809 0.534 0.85 0.71 0.813
0.81 0.531 0.851 0.712 0.811
0.811 0.528 0.853 0.714 0.808
0.812 0.526 0.854 0.715 0.805
0.813 0.523 0.856 0.717 0.802
0.814 0.521 0.857 0.719 0.799
0.815 0.518 0.859 0.721 0.795
0.816 0.515 0.86 0.723 0.792
0.817 0.513 0.861 0.725 0.789
0.818 0.51 0.863 0.728 0.786
0.819 0.507 0.864 0.73 0.782
0.82 0.505 0.865 0.732 0.779
0.821 0.502 0.866 0.734 0.776
0.822 0.499 0.867 0.736 0.772
0.823 0.496 0.868 0.738 0.769
0.824 0.494 0.869 0.74 0.766
0.825 0.491 0.87 0.742 0.762
0.826 0.488 0.871 0.744 0.759
0.827 0.485 0.872 0.746 0.756
0.828 0.482 0.872 0.748 0.753
0.829 0.48 0.873 0.751 0.75
0.83 0.477 0.873 0.753 0.747
0.831 0.474 0.874 0.755 0.744
0.832 0.471 0.875 0.757 0.741
0.833 0.468 0.875 0.759 0.738
0.834 0.465 0.875 0.761 0.735
0.835 0.462 0.876 0.764 0.732
0.836 0.46 0.876 0.766 0.73
0.837 0.457 0.876 0.768 0.727
0.838 0.454 0.876 0.77 0.725
0.839 0.451 0.876 0.772 0.723
0.84 0.448 0.876 0.775 0.72
0.841 0.445 0.876 0.777 0.718
0.842 0.442 0.876 0.779 0.716
0.843 0.439 0.876 0.781 0.714
0.844 0.436 0.876 0.783 0.712
0.845 0.433 0.875 0.785 0.71
0.846 0.43 0.875 0.788 0.709
0.847 0.427 0.875 0.79 0.707
0.848 0.423 0.874 0.792 0.705
0.849 0.42 0.873 0.794 0.704
0.85 0.417 0.873 0.796 0.703
0.851 0.414 0.872 0.798 0.702
0.852 0.411 0.871 0.8 0.7
0.853 0.408 0.871 0.802 0.699
0.854 0.405 0.87 0.804 0.699
0.855 0.402 0.869 0.806 0.698
0.856 0.398 0.868 0.808 0.697
0.857 0.395 0.866 0.81 0.697
0.858 0.392 0.865 0.812 0.696
0.859 0.389 0.864 0.814 0.696
0.86 0.386 0.863 0.816 0.696
0.861 0.382 0.861 0.818 0.696
0.862 0.379 0.86 0.82 0.696
0.863 0.376 0.858 0.822 0.696
0.864 0.373 0.857 0.824 0.696
0.865 0.369 0.855 0.825 0.697
0.866 0.366 0.853 0.827 0.698
0.867 0.363 0.851 0.829 0.698
0.868 0.36 0.849 0.831 0.699
0.869 0.356 0.847 0.832 0.7
0.87 0.353 0.845 0.834 0.701
0.871 0.35 0.843 0.835 0.703
0.872 0.346 0.841 0.837 0.704
0.873 0.343 0.839 0.838 0.706
0.874 0.34 0.836 0.839 0.708
0.875 0.336 0.834 0.841 0.71
0.876 0.333 0.831 0.842 0.712
0.877 0.329 0.829 0.843 0.714
0.878 0.326 0.826 0.844 0.717
0.879 0.323 0.823 0.845 0.719
0.88 0.319 0.82 0.846 0.722
0.881 0.316 0.818 0.847 0.725
0.882 0.312 0.815 0.848 0.728
0.883 0.309 0.811 0.849 0.732
0.884 0.305 0.808 0.849 0.735
0.885 0.302 0.805 0.85 0.739
0.886 0.298 0.802 0.85 0.743
0.887 0.295 0.798 0.851 0.747
0.888 0.291 0.795 0.851 0.751
0.889 0.288 0.791 0.851 0.756
0.89 0.284 0.788 0.851 0.76
0.891 0.281 0.784 0.851 0.765
0.892 0.277 0.78 0.851 0.77
0.893 0.274 0.776 0.851 0.775
0.894 0.27 0.772 0.851 0.78
0.895 0.266 0.768 0.85 0.785
0.896 0.263 0.764 0.85 0.791
0.897 0.259 0.76 0.849 0.796
0.898 0.256 0.755 0.848 0.802
0.899 0.252 0.751 0.847 0.807
0.9 0.248 0.746 0.846 0.813
0.901 0.245 0.742 0.845 0.819
0.902 0.241 0.737 0.844 0.824
0.903 0.238 0.732 0.842 0.83
0.904 0.234 0.728 0.841 0.835
0.905 0.23 0.723 0.839 0.841
0.906 0.227 0.718 0.837 0.846
0.907 0.223 0.713 0.835 0.851
0.908 0.219 0.707 0.833 0.856
0.909 0.215 0.702 0.831 0.861
0.91 0.212 0.697 0.828 0.866
0.911 0.208 0.691 0.826 0.87
0.912 0.204 0.686 0.823 0.874
0.913 0.201 0.68 0.82 0.878
0.914 0.197 0.675 0.817 0.881
0.915 0.193 0.669 0.814 0.884
0.916 0.189 0.663 0.81 0.887
0.917 0.186 0.657 0.807 0.889
0.918 0.182 0.651 0.803 0.891
0.919 0.178 0.645 0.799 0.893
0.92 0.174 0.639 0.795 0.894
0.921 0.171 0.632 0.79 0.895
0.922 0.167 0.626 0.786 0.895
0.923 0.163 0.619 0.781 0.895
0.924 0.159 0.613 0.776 0.895
0.925 0.155 0.606 0.771 0.894
0.926 0.152 0.599 0.765 0.892
0.927 0.148 0.593 0.76 0.891
0.928 0.144 0.586 0.754 0.889
0.929 0.14 0.579 0.748 0.886
0.93 0.136 0.572 0.742 0.883
0.931 0.132 0.565 0.735 0.88
0.932 0.128 0.557 0.729 0.876
0.933 0.125 0.55 0.722 0.872
0.934 0.121 0.543 0.715 0.868
0.935 0.117 0.535 0.708 0.864
0.936 0.113 0.528 0.7 0.859
0.937 0.109 0.52 0.693 0.854
0.938 0.105 0.512 0.685 0.848
0.939 0.101 0.504 0.676 0.842
0.94 0.0974 0.496 0.668 0.836
0.941 0.0935 0.488 0.66 0.83
0.942 0.0896 0.48 0.651 0.824
0.943 0.0857 0.472 0.642 0.817
0.944 0.0817 0.464 0.633 0.81
0.945 0.0778 0.456 0.623 0.803
0.946 0.0739 0.447 0.613 0.795
0.947 0.0699 0.439 0.603 0.788
0.948 0.066 0.43 0.593 0.78
0.949 0.062 0.422 0.583 0.772
0.95 0.0581 0.413 0.572 0.764
0.951 0.0541 0.404 0.562 0.755
0.952 0.0502 0.395 0.551 0.747
0.953 0.0462 0.386 0.539 0.738
0.954 0.0422 0.377 0.528 0.729
0.955 0.0382 0.368 0.516 0.719
0.956 0.0343 0.359 0.504 0.71
0.957 0.0303 0.35 0.492 0.7
0.958 0.0263 0.341 0.48 0.69
0.959 0.0223 0.331 0.467 0.68
0.96 0.0183 0.322 0.455 0.669
0.961 0.0143 0.312 0.442 0.658
0.962 0.0103 0.303 0.429 0.647
0.963 0.00628 0.293 0.415 0.636
0.964 0.00227 0.283 0.402 0.624
0.965 -0.00174 0.273 0.388 0.612
0.966 -0.00576 0.264 0.374 0.6
0.967 -0.00978 0.254 0.36 0.587
0.968 -0.0138 0.244 0.346 0.574
0.969 -0.0178 0.234 0.332 0.561
0.97 -0.0219 0.223 0.317 0.547
0.971 -0.0259 0.213 0.302 0.533
0.972 -0.0299 0.203 0.287 0.519
0.973 -0.034 0.193 0.272 0.504
0.974 -0.038 0.182 0.257 0.489
0.975 -0.0421 0.172 0.242 0.473
0.976 -0.0461 0.162 0.226 0.457
0.977 -0.0502 0.151 0.211 0.44
0.978 -0.0542 0.14 0.195 0.423
0.979 -0.0583 0.13 0.179 0.406
0.98 -0.0623 0.119 0.163 0.387
0.981 -0.0664 0.108 0.147 0.369
0.982 -0.0704 0.0976 0.131 0.35
0.983 -0.0745 0.0868 0.115 0.33
0.984 -0.0786 0.0759 0.0981 0.309
0.985 -0.0826 0.065 0.0816 0.289
0.986 -0.0867 0.054 0.065 0.267
0.987 -0.0908 0.043 0.0484 0.245
0.988 -0.0948 0.0319 0.0317 0.222
0.989 -0.0989 0.0208 0.0149 0.199
0.99 -0.103 0.00968 -0.00196 0.175
0.991 -0.107 -0.00149 -0.0188 0.15
0.992 -0.111 -0.0127 -0.0358 0.125
0.993 -0.115 -0.0239 -0.0527 0.0986
0.994 -0.119 -0.0352 -0.0697 0.0719
0.995 -0.123 -0.0465 -0.0867 0.0446
0.996 -0.127 -0.0579 -0.104 0.0166
0.997 -0.132 -0.0692 -0.121 -0.0121
0.998 -0.136 -0.0806 -0.138 -0.0414
0.999 -0.14 -0.0921 -0.155 -0.0713
1 -0.144 -0.103 -0.172 -0.102
