    
-1 -0.856 -0.897 -0.828 -0.898
-0.999 -0.852 -0.885 -0.811 -0.867
-0.998 -0.848 -0.874 -0.794 -0.835
-0.997 -0.844 -0.862 -0.777 -0.803
-0.996 -0.84 -0.851 -0.761 -0.77
-0.995 -0.836 -0.839 -0.744 -0.737
-0.994 -0.832 -0.827 -0.727 -0.703
-0.993 -0.828 -0.816 -0.71 -0.669
-0.992 -0.824 -0.804 -0.694 -0.634
-0.991 -0.82 -0.793 -0.677 -0.599
-0.99 -0.815 -0.781 -0.661 -0.564
-0.989 -0.811 -0.769 -0.644 -0.529
-0.988 -0.807 -0.758 -0.628 -0.493
-0.987 -0.803 -0.746 -0.612 -0.457
-0.986 -0.799 -0.735 -0.596 -0.422
-0.985 -0.795 -0.723 -0.58 -0.386
-0.984 -0.791 -0.711 -0.564 -0.351
-0.983 -0.787 -0.7 -0.548 -0.316
-0.982 -0.783 -0.688 -0.533 -0.281
-0.981 -0.779 -0.677 -0.517 -0.246
-0.98 -0.775 -0.665 -0.502 -0.212
-0.979 -0.771 -0.653 -0.487 -0.179
-0.978 -0.767 -0.642 -0.472 -0.146
-0.977 -0.763 -0.63 -0.457 -0.114
-0.976 -0.759 -0.619 -0.442 -0.0824
-0.975 -0.754 -0.607 -0.428 -0.052
-0.974 -0.75 -0.596 -0.413 -0.0225
-0.973 -0.746 -0.584 -0.399 0.00589
-0.972 -0.742 -0.573 -0.385 0.0332
-0.971 -0.738 -0.562 -0.371 0.0593
-0.97 -0.734 -0.55 -0.358 0.0843
-0.969 -0.73 -0.539 -0.344 0.108
-0.968 -0.726 -0.528 -0.331 0.13
-0.967 -0.722 -0.516 -0.318 0.151
-0.966 -0.718 -0.505 -0.305 0.171
-0.965 -0.714 -0.494 -0.293 0.189
-0.964 -0.71 -0.483 -0.28 0.205
-0.963 -0.706 -0.472 -0.268 0.221
-0.962 -0.702 -0.46 -0.256 0.234
-0.961 -0.698 -0.449 -0.244 0.247
-0.96 -0.694 -0.438 -0.233 0.258
-0.959 -0.69 -0.427 -0.221 0.267
-0.958 -0.686 -0.417 -0.21 0.275
-0.957 -0.682 -0.406 -0.199 0.281
-0.956 -0.678 -0.395 -0.188 0.287
-0.955 -0.674 -0.384 -0.178 0.291
-0.954 -0.67 -0.374 -0.167 0.293
-0.953 -0.666 -0.363 -0.157 0.295
-0.952 -0.662 -0.352 -0.147 0.295
-0.951 -0.658 -0.342 -0.138 0.294
-0.95 -0.654 -0.331 -0.128 0.292
-0.949 -0.65 -0.321 -0.119 0.289
-0.948 -0.646 -0.311 -0.11 0.285
-0.947 -0.642 -0.301 -0.102 0.28
-0.946 -0.638 -0.29 -0.093 0.274
-0.945 -0.634 -0.28 -0.0846 0.267
-0.944 -0.63 -0.27 -0.0766 0.26
-0.943 -0.626 -0.26 -0.0687 0.252
-0.942 -0.622 -0.25 -0.061 0.243
-0.941 -0.618 -0.241 -0.0536 0.234
-0.94 -0.614 -0.231 -0.0463 0.224
-0.939 -0.61 -0.221 -0.0393 0.213
-0.938 -0.607 -0.212 -0.0325 0.203
-0.937 -0.603 -0.202 -0.0259 0.192
-0.936 -0.599 -0.193 -0.0195 0.18
-0.935 -0.595 -0.184 -0.0133 0.169
-0.934 -0.591 -0.175 -0.00734 0.157
-0.933 -0.587 -0.165 -0.00156 0.145
-0.932 -0.583 -0.156 0.00401 0.133
-0.931 -0.579 -0.147 0.00939 0.12
-0.93 -0.575 -0.139 0.0146 0.108
-0.929 -0.572 -0.13 0.0196 0.0955
-0.928 -0.568 -0.121 0.0244 0.0832
-0.927 -0.564 -0.113 0.029 0.0709
-0.926 -0.56 -0.104 0.0334 0.0587
-0.925 -0.556 -0.0959 0.0376 0.0466
-0.924 -0.552 -0.0877 0.0417 0.0346
-0.923 -0.548 -0.0795 0.0456 0.0228
-0.922 -0.545 -0.0715 0.0493 0.0112
-0.921 -0.541 -0.0636 0.0528 -0.000214
-0.92 -0.537 -0.0557 0.0562 -0.0114
-0.919 -0.533 -0.048 0.0594 -0.0222
-0.918 -0.529 -0.0404 0.0624 -0.0328
-0.917 -0.526 -0.0329 0.0653 -0.0431
-0.916 -0.522 -0.0255 0.068 -0.053
-0.915 -0.518 -0.0182 0.0705 -0.0626
-0.914 -0.514 -0.011 0.073 -0.0718
-0.913 -0.511 -0.00389 0.0752 -0.0807
-0.912 -0.507 0.00308 0.0773 -0.0891
-0.911 -0.503 0.00994 0.0793 -0.0971
-0.91 -0.499 0.0167 0.0811 -0.105
-0.909 -0.496 0.0233 0.0828 -0.112
-0.908 -0.492 0.0298 0.0844 -0.118
-0.907 -0.488 0.0362 0.0858 -0.125
-0.906 -0.485 0.0425 0.0871 -0.13
-0.905 -0.481 0.0487 0.0883 -0.136
-0.904 -0.477 0.0548 0.0894 -0.14
-0.903 -0.473 0.0607 0.0903 -0.145
-0.902 -0.47 0.0666 0.0912 -0.148
-0.901 -0.466 0.0723 0.0919 -0.151
-0.9 -0.462 0.0779 0.0925 -0.154
-0.899 -0.459 0.0834 0.093 -0.156
-0.898 -0.455 0.0887 0.0934 -0.158
-0.897 -0.452 0.094 0.0937 -0.159
-0.896 -0.448 0.0991 0.0939 -0.159
-0.895 -0.444 0.104 0.094 -0.159
-0.894 -0.441 0.109 0.0941 -0.159
-0.893 -0.437 0.114 0.094 -0.158
-0.892 -0.434 0.118 0.0939 -0.156
-0.891 -0.43 0.123 0.0936 -0.154
-0.89 -0.426 0.127 0.0933 -0.152
-0.889 -0.423 0.132 0.093 -0.148
-0.888 -0.419 0.136 0.0925 -0.145
-0.887 -0.416 0.14 0.092 -0.141
-0.886 -0.412 0.144 0.0914 -0.136
-0.885 -0.409 0.148 0.0907 -0.132
-0.884 -0.405 0.152 0.09 -0.126
-0.883 -0.402 0.155 0.0892 -0.121
-0.882 -0.398 0.159 0.0884 -0.115
-0.881 -0.395 0.162 0.0875 -0.109
-0.88 -0.391 0.165 0.0866 -0.102
-0.879 -0.388 0.169 0.0856 -0.0952
-0.878 -0.385 0.172 0.0845 -0.0882
-0.877 -0.381 0.174 0.0835 -0.0809
-0.876 -0.378 0.177 0.0823 -0.0735
-0.875 -0.374 0.18 0.0812 -0.066
-0.874 -0.371 0.183 0.0799 -0.0584
-0.873 -0.368 0.185 0.0787 -0.0507
-0.872 -0.364 0.187 0.0774 -0.043
-0.871 -0.361 0.19 0.0761 -0.0353
-0.87 -0.357 0.192 0.0748 -0.0276
-0.869 -0.354 0.194 0.0734 -0.02
-0.868 -0.351 0.196 0.072 -0.0125
-0.867 -0.348 0.198 0.0705 -0.00513
-0.866 -0.344 0.199 0.0691 0.00208
-0.865 -0.341 0.201 0.0676 0.0091
-0.864 -0.338 0.202 0.0661 0.0159
-0.863 -0.334 0.204 0.0646 0.0225
-0.862 -0.331 0.205 0.0631 0.0288
-0.861 -0.328 0.206 0.0615 0.0349
-0.86 -0.325 0.207 0.06 0.0406
-0.859 -0.321 0.208 0.0584 0.0461
-0.858 -0.318 0.209 0.0568 0.0512
-0.857 -0.315 0.21 0.0552 0.056
-0.856 -0.312 0.211 0.0536 0.0605
-0.855 -0.309 0.211 0.052 0.0646
-0.854 -0.306 0.212 0.0503 0.0683
-0.853 -0.302 0.212 0.0487 0.0717
-0.852 -0.299 0.212 0.0471 0.0748
-0.851 -0.296 0.213 0.0454 0.0775
-0.85 -0.293 0.213 0.0438 0.0799
-0.849 -0.29 0.213 0.0421 0.0819
-0.848 -0.287 0.213 0.0405 0.0835
-0.847 -0.284 0.213 0.0388 0.0849
-0.846 -0.281 0.212 0.0372 0.0859
-0.845 -0.278 0.212 0.0355 0.0866
-0.844 -0.275 0.212 0.0339 0.0869
-0.843 -0.272 0.211 0.0323 0.087
-0.842 -0.269 0.21 0.0306 0.0868
-0.841 -0.266 0.21 0.029 0.0864
-0.84 -0.263 0.209 0.0273 0.0856
-0.839 -0.26 0.208 0.0257 0.0846
-0.838 -0.257 0.207 0.0241 0.0834
-0.837 -0.254 0.206 0.0225 0.082
-0.836 -0.251 0.205 0.0209 0.0803
-0.835 -0.248 0.204 0.0193 0.0784
-0.834 -0.245 0.203 0.0176 0.0764
-0.833 -0.242 0.201 0.0161 0.0742
-0.832 -0.239 0.2 0.0145 0.0718
-0.831 -0.237 0.198 0.0129 0.0693
-0.83 -0.234 0.197 0.0113 0.0666
-0.829 -0.231 0.195 0.00974 0.0639
-0.828 -0.228 0.194 0.00817 0.061
-0.827 -0.225 0.192 0.00662 0.058
-0.826 -0.223 0.19 0.00507 0.0549
-0.825 -0.22 0.188 0.00353 0.0517
-0.824 -0.217 0.186 0.002 0.0485
-0.823 -0.214 0.184 0.000471 0.0452
-0.822 -0.212 0.182 -0.00105 0.0419
-0.821 -0.209 0.18 -0.00256 0.0385
-0.82 -0.206 0.178 -0.00407 0.0351
-0.819 -0.204 0.175 -0.00557 0.0316
-0.818 -0.201 0.173 -0.00706 0.0282
-0.817 -0.198 0.171 -0.00855 0.0247
-0.816 -0.196 0.168 -0.01 0.0213
-0.815 -0.193 0.166 -0.0115 0.0178
-0.814 -0.19 0.163 -0.013 0.0144
-0.813 -0.188 0.161 -0.0144 0.0109
-0.812 -0.185 0.158 -0.0159 0.00755
-0.811 -0.183 0.155 -0.0174 0.00419
-0.81 -0.18 0.153 -0.0188 0.000872
-0.809 -0.178 0.15 -0.0203 -0.00241
-0.808 -0.175 0.147 -0.0217 -0.00564
-0.807 -0.173 0.144 -0.0231 -0.00881
-0.806 -0.17 0.141 -0.0246 -0.0119
-0.805 -0.168 0.138 -0.026 -0.015
-0.804 -0.165 0.135 -0.0275 -0.018
-0.803 -0.163 0.132 -0.0289 -0.0209
-0.802 -0.16 0.129 -0.0303 -0.0238
-0.801 -0.158 0.126 -0.0318 -0.0265
-0.8 -0.156 0.123 -0.0332 -0.0292
-0.799 -0.153 0.119 -0.0346 -0.0318
-0.798 -0.151 0.116 -0.0361 -0.0343
-0.797 -0.149 0.113 -0.0375 -0.0368
-0.796 -0.146 0.11 -0.0389 -0.0391
-0.795 -0.144 0.106 -0.0404 -0.0414
-0.794 -0.142 0.103 -0.0418 -0.0435
-0.793 -0.14 0.0994 -0.0432 -0.0456
-0.792 -0.137 0.0959 -0.0447 -0.0475
-0.791 -0.135 0.0924 -0.0462 -0.0494
-0.79 -0.133 0.0889 -0.0476 -0.0511
-0.789 -0.131 0.0854 -0.0491 -0.0528
-0.788 -0.129 0.0818 -0.0505 -0.0543
-0.787 -0.126 0.0782 -0.052 -0.0557
-0.786 -0.124 0.0746 -0.0535 -0.0571
-0.785 -0.122 0.071 -0.055 -0.0583
-0.784 -0.12 0.0673 -0.0565 -0.0594
-0.783 -0.118 0.0636 -0.058 -0.0604
-0.782 -0.116 0.0599 -0.0595 -0.0613
-0.781 -0.114 0.0562 -0.061 -0.0621
-0.78 -0.112 0.0525 -0.0625 -0.0628
-0.779 -0.11 0.0487 -0.0641 -0.0634
-0.778 -0.108 0.045 -0.0656 -0.0639
-0.777 -0.106 0.0412 -0.0672 -0.0643
-0.776 -0.104 0.0374 -0.0688 -0.0647
-0.775 -0.102 0.0336 -0.0704 -0.0649
-0.774 -0.0999 0.0297 -0.072 -0.065
-0.773 -0.098 0.0259 -0.0736 -0.0651
-0.772 -0.0961 0.022 -0.0752 -0.0651
-0.771 -0.0942 0.0182 -0.0768 -0.0651
-0.77 -0.0923 0.0143 -0.0785 -0.065
-0.769 -0.0905 0.0104 -0.0801 -0.0648
-0.768 -0.0886 0.00652 -0.0818 -0.0646
-0.767 -0.0868 0.00262 -0.0835 -0.0643
-0.766 -0.085 -0.00129 -0.0852 -0.0641
-0.765 -0.0833 -0.0052 -0.0869 -0.0638
-0.764 -0.0815 -0.00912 -0.0886 -0.0636
-0.763 -0.0798 -0.013 -0.0904 -0.0633
-0.762 -0.078 -0.017 -0.0921 -0.0631
-0.761 -0.0763 -0.0209 -0.0939 -0.0629
-0.76 -0.0747 -0.0248 -0.0957 -0.0628
-0.759 -0.073 -0.0288 -0.0975 -0.0627
-0.758 -0.0713 -0.0327 -0.0994 -0.0628
-0.757 -0.0697 -0.0366 -0.101 -0.0629
-0.756 -0.0681 -0.0405 -0.103 -0.0631
-0.755 -0.0665 -0.0445 -0.105 -0.0635
-0.754 -0.0649 -0.0484 -0.107 -0.064
-0.753 -0.0634 -0.0523 -0.109 -0.0647
-0.752 -0.0618 -0.0562 -0.111 -0.0656
-0.751 -0.0603 -0.0602 -0.113 -0.0666
-0.75 0.191 0.186 0.135 0.182
-0.749 0.193 0.182 0.133 0.181
-0.748 0.194 0.178 0.132 0.179
-0.747 0.196 0.174 0.129 0.177
-0.746 0.197 0.17 0.127 0.175
-0.745 0.198 0.166 0.125 0.172
-0.744 0.2 0.163 0.123 0.17
-0.743 0.201 0.159 0.121 0.167
-0.742 0.203 0.155 0.119 0.164
-0.741 0.204 0.151 0.117 0.16
-0.74 0.205 0.147 0.115 0.157
-0.739 0.207 0.143 0.113 0.153
-0.738 0.208 0.14 0.111 0.149
-0.737 0.209 0.136 0.109 0.145
-0.736 0.21 0.132 0.106 0.14
-0.735 0.212 0.128 0.104 0.136
-0.734 0.213 0.124 0.102 0.131
-0.733 0.214 0.121 0.0999 0.126
-0.732 0.215 0.117 0.0977 0.121
-0.731 0.216 0.113 0.0954 0.116
-0.73 0.217 0.11 0.0932 0.11
-0.729 0.218 0.106 0.091 0.105
-0.728 0.22 0.102 0.0887 0.0995
-0.727 0.221 0.0987 0.0864 0.094
-0.726 0.222 0.095 0.0842 0.0886
-0.725 0.223 0.0914 0.0819 0.0831
-0.724 0.224 0.0879 0.0796 0.0776
-0.723 0.225 0.0843 0.0773 0.0722
-0.722 0.226 0.0807 0.075 0.0668
-0.721 0.227 0.0772 0.0727 0.0614
-0.72 0.228 0.0737 0.0704 0.0561
-0.719 0.229 0.0702 0.0681 0.0509
-0.718 0.229 0.0668 0.0658 0.0458
-0.717 0.23 0.0633 0.0635 0.0408
-0.716 0.231 0.0599 0.0611 0.0359
-0.715 0.232 0.0565 0.0588 0.0312
-0.714 0.233 0.0531 0.0565 0.0265
-0.713 0.234 0.0498 0.0542 0.022
-0.712 0.234 0.0465 0.0519 0.0176
-0.711 0.235 0.0432 0.0496 0.0133
-0.71 0.236 0.0399 0.0473 0.00921
-0.709 0.237 0.0366 0.045 0.00524
-0.708 0.237 0.0334 0.0427 0.00142
-0.707 0.238 0.0302 0.0404 -0.00226
-0.706 0.239 0.027 0.0382 -0.00579
-0.705 0.239 0.0239 0.0359 -0.00916
-0.704 0.24 0.0207 0.0337 -0.0124
-0.703 0.241 0.0176 0.0314 -0.0155
-0.702 0.241 0.0146 0.0292 -0.0184
-0.701 0.242 0.0115 0.027 -0.0212
-0.7 0.242 0.00849 0.0248 -0.0238
-0.699 0.243 0.0055 0.0226 -0.0263
-0.698 0.244 0.00254 0.0205 -0.0286
-0.697 0.244 -0.000396 0.0183 -0.0308
-0.696 0.245 -0.0033 0.0162 -0.0329
-0.695 0.245 -0.00618 0.0141 -0.0348
-0.694 0.245 -0.00903 0.012 -0.0366
-0.693 0.246 -0.0119 0.00995 -0.0382
-0.692 0.246 -0.0146 0.00792 -0.0397
-0.691 0.247 -0.0174 0.00591 -0.0411
-0.69 0.247 -0.0201 0.00393 -0.0423
-0.689 0.247 -0.0228 0.00198 -0.0434
-0.688 0.248 -0.0255 5.78e-05 -0.0444
-0.687 0.248 -0.0281 -0.00183 -0.0453
-0.686 0.248 -0.0308 -0.0037 -0.046
-0.685 0.249 -0.0333 -0.00553 -0.0466
-0.684 0.249 -0.0359 -0.00732 -0.0471
-0.683 0.249 -0.0384 -0.00908 -0.0474
-0.682 0.249 -0.0409 -0.0108 -0.0477
-0.681 0.25 -0.0433 -0.0125 -0.0478
-0.68 0.25 -0.0458 -0.0141 -0.0478
-0.679 0.25 -0.0482 -0.0158 -0.0477
-0.678 0.25 -0.0505 -0.0173 -0.0475
-0.677 0.25 -0.0528 -0.0189 -0.0472
-0.676 0.25 -0.0551 -0.0204 -0.0467
-0.675 0.25 -0.0574 -0.0218 -0.0462
-0.674 0.25 -0.0596 -0.0232 -0.0455
-0.673 0.251 -0.0618 -0.0246 -0.0447
-0.672 0.251 -0.064 -0.0259 -0.0439
-0.671 0.251 -0.0661 -0.0271 -0.0429
-0.67 0.251 -0.0682 -0.0284 -0.0418
-0.669 0.251 -0.0703 -0.0295 -0.0406
-0.668 0.251 -0.0723 -0.0307 -0.0394
-0.667 0.25 -0.0743 -0.0317 -0.038
-0.666 0.25 -0.0763 -0.0328 -0.0365
-0.665 0.25 -0.0782 -0.0337 -0.0349
-0.664 0.25 -0.0801 -0.0347 -0.0332
-0.663 0.25 -0.082 -0.0355 -0.0315
-0.662 0.25 -0.0838 -0.0363 -0.0296
-0.661 0.25 -0.0856 -0.0371 -0.0276
-0.66 0.25 -0.0873 -0.0378 -0.0256
-0.659 0.249 -0.0891 -0.0385 -0.0234
-0.658 0.249 -0.0908 -0.0391 -0.0212
-0.657 0.249 -0.0924 -0.0396 -0.0189
-0.656 0.249 -0.094 -0.0401 -0.0165
-0.655 0.248 -0.0956 -0.0406 -0.014
-0.654 0.248 -0.0972 -0.041 -0.0115
-0.653 0.248 -0.0987 -0.0413 -0.00882
-0.652 0.247 -0.1 -0.0416 -0.00611
-0.651 0.247 -0.102 -0.0418 -0.00334
-0.65 0.247 -0.103 -0.0419 -0.000502
-0.649 0.246 -0.104 -0.0421 0.0024
-0.648 0.246 -0.106 -0.0421 0.00535
-0.647 0.245 -0.107 -0.0421 0.00836
-0.646 0.245 -0.108 -0.0421 0.0114
-0.645 0.245 -0.11 -0.0419 0.0145
-0.644 0.244 -0.111 -0.0418 0.0176
-0.643 0.244 -0.112 -0.0416 0.0208
-0.642 0.243 -0.113 -0.0413 0.0239
-0.641 0.243 -0.114 -0.041 0.0271
-0.64 0.242 -0.115 -0.0406 0.0302
-0.639 0.241 -0.116 -0.0402 0.0334
-0.638 0.241 -0.117 -0.0397 0.0365
-0.637 0.24 -0.118 -0.0392 0.0396
-0.636 0.24 -0.119 -0.0387 0.0427
-0.635 0.239 -0.12 -0.038 0.0457
-0.634 0.238 -0.121 -0.0374 0.0486
-0.633 0.238 -0.122 -0.0367 0.0514
-0.632 0.237 -0.123 -0.0359 0.0542
-0.631 0.236 -0.123 -0.0351 0.0568
-0.63 0.236 -0.124 -0.0343 0.0593
-0.629 0.235 -0.125 -0.0334 0.0616
-0.628 0.234 -0.126 -0.0325 0.0638
-0.627 0.233 -0.126 -0.0316 0.0658
-0.626 0.233 -0.127 -0.0306 0.0676
-0.625 0.232 -0.127 -0.0296 0.0692
-0.624 0.231 -0.128 -0.0285 0.0705
-0.623 0.23 -0.128 -0.0274 0.0716
-0.622 0.229 -0.129 -0.0263 0.0725
-0.621 0.228 -0.129 -0.0252 0.0731
-0.62 0.228 -0.13 -0.024 0.0734
-0.619 0.227 -0.13 -0.0228 0.0735
-0.618 0.226 -0.13 -0.0216 0.0732
-0.617 0.225 -0.131 -0.0204 0.0726
-0.616 0.224 -0.131 -0.0191 0.0718
-0.615 0.223 -0.131 -0.0178 0.0706
-0.614 0.222 -0.131 -0.0165 0.0692
-0.613 0.221 -0.132 -0.0152 0.0674
-0.612 0.22 -0.132 -0.0139 0.0654
-0.611 0.219 -0.132 -0.0125 0.0631
-0.61 0.218 -0.132 -0.0112 0.0605
-0.609 0.217 -0.132 -0.00983 0.0577
-0.608 0.216 -0.132 -0.00847 0.0547
-0.607 0.215 -0.132 -0.00711 0.0514
-0.606 0.213 -0.132 -0.00575 0.048
-0.605 0.212 -0.132 -0.00438 0.0444
-0.604 0.211 -0.132 -0.00302 0.0406
-0.603 0.21 -0.132 -0.00167 0.0368
-0.602 0.209 -0.131 -0.000316 0.0328
-0.601 0.208 -0.131 0.00103 0.0288
-0.6 0.206 -0.131 0.00236 0.0247
-0.599 0.205 -0.131 0.00368 0.0207
-0.598 0.204 -0.131 0.00499 0.0166
-0.597 0.203 -0.13 0.00628 0.0125
-0.596 0.202 -0.13 0.00755 0.00855
-0.595 0.2 -0.13 0.00881 0.00463
-0.594 0.199 -0.129 0.01 0.000796
-0.593 0.198 -0.129 0.0112 -0.00293
-0.592 0.196 -0.128 0.0124 -0.00653
-0.591 0.195 -0.128 0.0136 -0.00999
-0.59 0.194 -0.127 0.0147 -0.0133
-0.589 0.192 -0.127 0.0158 -0.0165
-0.588 0.191 -0.126 0.0169 -0.0195
-0.587 0.19 -0.126 0.0179 -0.0223
-0.586 0.188 -0.125 0.0189 -0.0249
-0.585 0.187 -0.125 0.0199 -0.0274
-0.584 0.185 -0.124 0.0208 -0.0296
-0.583 0.184 -0.123 0.0217 -0.0317
-0.582 0.182 -0.123 0.0225 -0.0336
-0.581 0.181 -0.122 0.0233 -0.0353
-0.58 0.179 -0.121 0.0241 -0.0368
-0.579 0.178 -0.12 0.0248 -0.0381
-0.578 0.176 -0.12 0.0254 -0.0393
-0.577 0.175 -0.119 0.0261 -0.0402
-0.576 0.173 -0.118 0.0266 -0.041
-0.575 0.172 -0.117 0.0271 -0.0416
-0.574 0.17 -0.116 0.0276 -0.0421
-0.573 0.169 -0.115 0.028 -0.0424
-0.572 0.167 -0.114 0.0284 -0.0425
-0.571 0.165 -0.114 0.0287 -0.0425
-0.57 0.164 -0.113 0.0289 -0.0423
-0.569 0.162 -0.112 0.0291 -0.0421
-0.568 0.16 -0.111 0.0292 -0.0416
-0.567 0.159 -0.11 0.0293 -0.0411
-0.566 0.157 -0.109 0.0293 -0.0404
-0.565 0.155 -0.108 0.0292 -0.0396
-0.564 0.154 -0.107 0.0291 -0.0388
-0.563 0.152 -0.106 0.029 -0.0378
-0.562 0.15 -0.105 0.0287 -0.0367
-0.561 0.149 -0.103 0.0284 -0.0355
-0.56 0.147 -0.102 0.0281 -0.0343
-0.559 0.145 -0.101 0.0277 -0.033
-0.558 0.143 -0.1 0.0272 -0.0316
-0.557 0.142 -0.099 0.0266 -0.0301
-0.556 0.14 -0.0979 0.026 -0.0286
-0.555 0.138 -0.0967 0.0253 -0.0271
-0.554 0.136 -0.0956 0.0246 -0.0255
-0.553 0.134 -0.0944 0.0238 -0.0239
-0.552 0.132 -0.0932 0.0229 -0.0222
-0.551 0.131 -0.092 0.022 -0.0205
-0.55 0.129 -0.0909 0.021 -0.0188
-0.549 0.127 -0.0897 0.0199 -0.0171
-0.548 0.125 -0.0884 0.0188 -0.0154
-0.547 0.123 -0.0872 0.0176 -0.0137
-0.546 0.121 -0.086 0.0163 -0.012
-0.545 0.119 -0.0848 0.015 -0.0103
-0.544 0.117 -0.0836 0.0136 -0.00865
-0.543 0.115 -0.0823 0.0121 -0.00701
-0.542 0.113 -0.0811 0.0106 -0.00541
-0.541 0.111 -0.0799 0.00904 -0.00386
-0.54 0.109 -0.0786 0.0074 -0.00235
-0.539 0.108 -0.0774 0.00569 -0.000899
-0.538 0.106 -0.0761 0.00393 0.000489
-0.537 0.104 -0.0749 0.0021 0.00181
-0.536 0.102 -0.0737 0.00021 0.00305
-0.535 0.0995 -0.0724 -0.00174 0.0042
-0.534 0.0975 -0.0712 -0.00375 0.00527
-0.533 0.0954 -0.07 -0.00582 0.00623
-0.532 0.0934 -0.0687 -0.00794 0.00709
-0.531 0.0913 -0.0675 -0.0101 0.00784
-0.53 0.0892 -0.0663 -0.0124 0.00846
-0.529 0.0872 -0.0651 -0.0147 0.00896
-0.528 0.0851 -0.0639 -0.017 0.00932
-0.527 0.083 -0.0627 -0.0194 0.00953
-0.526 0.0809 -0.0615 -0.0219 0.00959
-0.525 0.0788 -0.0603 -0.0244 0.0095
-0.524 0.0767 -0.0591 -0.0269 0.00924
-0.523 0.0745 -0.058 -0.0295 0.0088
-0.522 0.0724 -0.0568 -0.0322 0.00818
-0.521 0.0703 -0.0557 -0.0349 0.00738
-0.52 0.0681 -0.0545 -0.0377 0.00638
-0.519 0.0659 -0.0534 -0.0405 0.00518
-0.518 0.0638 -0.0523 -0.0433 0.00377
-0.517 0.0616 -0.0512 -0.0462 0.00215
-0.516 0.0594 -0.0501 -0.0491 0.0003
-0.515 0.0572 -0.0491 -0.0521 -0.00177
-0.514 0.055 -0.048 -0.0551 -0.00408
-0.513 0.0528 -0.047 -0.0582 -0.00662
-0.512 0.0506 -0.046 -0.0613 -0.0094
-0.511 0.0484 -0.045 -0.0644 -0.0124
-0.51 0.0461 -0.044 -0.0676 -0.0157
-0.509 0.0439 -0.0431 -0.0707 -0.0192
-0.508 0.0416 -0.0421 -0.074 -0.023
-0.507 0.0394 -0.0412 -0.0772 -0.027
-0.506 0.0371 -0.0403 -0.0805 -0.0313
-0.505 0.0349 -0.0394 -0.0838 -0.0359
-0.504 0.0326 -0.0386 -0.0872 -0.0407
-0.503 0.0303 -0.0378 -0.0906 -0.0457
-0.502 0.028 -0.037 -0.0939 -0.051
-0.501 0.0257 -0.0362 -0.0974 -0.0566
-0.5 0.273 0.215 0.149 0.188
-0.499 0.271 0.215 0.146 0.182
-0.498 0.269 0.216 0.142 0.175
-0.497 0.266 0.217 0.139 0.169
-0.496 0.264 0.217 0.135 0.162
-0.495 0.262 0.218 0.132 0.155
-0.494 0.259 0.219 0.128 0.148
-0.493 0.257 0.219 0.125 0.141
-0.492 0.255 0.22 0.121 0.133
-0.491 0.252 0.22 0.118 0.126
-0.49 0.25 0.221 0.114 0.118
-0.489 0.248 0.221 0.11 0.11
-0.488 0.245 0.221 0.107 0.102
-0.487 0.243 0.222 0.103 0.0942
-0.486 0.241 0.222 0.0997 0.0861
-0.485 0.238 0.222 0.0961 0.0779
-0.484 0.236 0.223 0.0926 0.0697
-0.483 0.233 0.223 0.089 0.0615
-0.482 0.231 0.223 0.0855 0.0532
-0.481 0.229 0.223 0.0819 0.0451
-0.48 0.226 0.223 0.0784 0.0369
-0.479 0.224 0.224 0.0749 0.0288
-0.478 0.221 0.224 0.0714 0.0209
-0.477 0.219 0.224 0.0679 0.013
-0.476 0.217 0.224 0.0644 0.00526
-0.475 0.214 0.224 0.061 -0.00232
-0.474 0.212 0.223 0.0576 -0.00973
-0.473 0.209 0.223 0.0541 -0.0169
-0.472 0.207 0.223 0.0508 -0.0239
-0.471 0.204 0.223 0.0474 -0.0307
-0.47 0.202 0.223 0.0441 -0.0372
-0.469 0.2 0.222 0.0408 -0.0435
-0.468 0.197 0.222 0.0375 -0.0495
-0.467 0.195 0.222 0.0343 -0.0552
-0.466 0.192 0.221 0.0311 -0.0606
-0.465 0.19 0.221 0.028 -0.0656
-0.464 0.187 0.22 0.0249 -0.0704
-0.463 0.185 0.22 0.0218 -0.0748
-0.462 0.182 0.219 0.0187 -0.0788
-0.461 0.18 0.219 0.0158 -0.0825
-0.46 0.177 0.218 0.0128 -0.0859
-0.459 0.175 0.217 0.00991 -0.0888
-0.458 0.172 0.217 0.00707 -0.0914
-0.457 0.17 0.216 0.00427 -0.0936
-0.456 0.167 0.215 0.00152 -0.0955
-0.455 0.165 0.214 -0.00117 -0.097
-0.454 0.163 0.213 -0.00381 -0.0981
-0.453 0.16 0.213 -0.00639 -0.0988
-0.452 0.158 0.212 -0.00891 -0.0992
-0.451 0.155 0.211 -0.0114 -0.0992
-0.45 0.153 0.209 -0.0138 -0.0989
-0.449 0.15 0.208 -0.0161 -0.0982
-0.448 0.148 0.207 -0.0184 -0.0972
-0.447 0.145 0.206 -0.0206 -0.0959
-0.446 0.143 0.205 -0.0227 -0.0942
-0.445 0.14 0.204 -0.0248 -0.0922
-0.444 0.138 0.202 -0.0268 -0.09
-0.443 0.135 0.201 -0.0287 -0.0874
-0.442 0.133 0.2 -0.0306 -0.0846
-0.441 0.13 0.198 -0.0324 -0.0815
-0.44 0.128 0.197 -0.0341 -0.0781
-0.439 0.125 0.195 -0.0357 -0.0746
-0.438 0.123 0.194 -0.0373 -0.0708
-0.437 0.12 0.192 -0.0388 -0.0668
-0.436 0.118 0.191 -0.0402 -0.0626
-0.435 0.115 0.189 -0.0415 -0.0583
-0.434 0.113 0.187 -0.0428 -0.0538
-0.433 0.11 0.186 -0.044 -0.0491
-0.432 0.108 0.184 -0.045 -0.0444
-0.431 0.105 0.182 -0.0461 -0.0395
-0.43 0.103 0.18 -0.047 -0.0346
-0.429 0.1 0.178 -0.0478 -0.0296
-0.428 0.0976 0.176 -0.0486 -0.0245
-0.427 0.0951 0.175 -0.0493 -0.0194
-0.426 0.0926 0.173 -0.0499 -0.0143
-0.425 0.0901 0.171 -0.0504 -0.00913
-0.424 0.0876 0.169 -0.0508 -0.00401
-0.423 0.0851 0.167 -0.0511 0.00107
-0.422 0.0826 0.164 -0.0514 0.00611
-0.421 0.0801 0.162 -0.0516 0.0111
-0.42 0.0776 0.16 -0.0517 0.016
-0.419 0.0752 0.158 -0.0517 0.0208
-0.418 0.0727 0.156 -0.0516 0.0255
-0.417 0.0702 0.154 -0.0515 0.0301
-0.416 0.0677 0.151 -0.0512 0.0345
-0.415 0.0652 0.149 -0.0509 0.0388
-0.414 0.0627 0.147 -0.0505 0.043
-0.413 0.0603 0.144 -0.0501 0.0469
-0.412 0.0578 0.142 -0.0495 0.0507
-0.411 0.0553 0.14 -0.0489 0.0543
-0.41 0.0528 0.137 -0.0482 0.0577
-0.409 0.0504 0.135 -0.0474 0.0608
-0.408 0.0479 0.132 -0.0466 0.0638
-0.407 0.0454 0.13 -0.0457 0.0665
-0.406 0.043 0.127 -0.0447 0.0689
-0.405 0.0405 0.125 -0.0436 0.0712
-0.404 0.0381 0.122 -0.0425 0.0731
-0.403 0.0356 0.12 -0.0413 0.0748
-0.402 0.0332 0.117 -0.0401 0.0763
-0.401 0.0307 0.115 -0.0387 0.0775
-0.4 0.0283 0.112 -0.0374 0.0784
-0.399 0.0258 0.109 -0.0359 0.0791
-0.398 0.0234 0.107 -0.0345 0.0795
-0.397 0.0209 0.104 -0.0329 0.0796
-0.396 0.0185 0.101 -0.0313 0.0795
-0.395 0.0161 0.0987 -0.0297 0.0791
-0.394 0.0136 0.096 -0.028 0.0785
-0.393 0.0112 0.0933 -0.0263 0.0776
-0.392 0.00881 0.0906 -0.0246 0.0764
-0.391 0.00639 0.0878 -0.0228 0.0751
-0.39 0.00398 0.0851 -0.0209 0.0734
-0.389 0.00157 0.0823 -0.0191 0.0716
-0.388 -0.000832 0.0795 -0.0172 0.0695
-0.387 -0.00323 0.0768 -0.0152 0.0672
-0.386 -0.00563 0.074 -0.0133 0.0647
-0.385 -0.00802 0.0712 -0.0113 0.062
-0.384 -0.0104 0.0684 -0.00935 0.0591
-0.383 -0.0128 0.0656 -0.00736 0.056
-0.382 -0.0152 0.0628 -0.00535 0.0528
-0.381 -0.0175 0.06 -0.00333 0.0494
-0.38 -0.0199 0.0572 -0.0013 0.0458
-0.379 -0.0223 0.0543 0.000727 0.0422
-0.378 -0.0246 0.0515 0.00276 0.0384
-0.377 -0.027 0.0487 0.00478 0.0345
-0.376 -0.0293 0.0459 0.0068 0.0305
-0.375 -0.0317 0.043 0.00881 0.0264
-0.374 -0.034 0.0402 0.0108 0.0223
-0.373 -0.0364 0.0374 0.0128 0.0181
-0.372 -0.0387 0.0346 0.0148 0.0139
-0.371 -0.041 0.0317 0.0167 0.0096
-0.37 -0.0434 0.0289 0.0186 0.00532
-0.369 -0.0457 0.0261 0.0205 0.00104
-0.368 -0.048 0.0233 0.0224 -0.00323
-0.367 -0.0503 0.0205 0.0242 -0.00747
-0.366 -0.0526 0.0177 0.026 -0.0117
-0.365 -0.0549 0.0149 0.0278 -0.0158
-0.364 -0.0572 0.0121 0.0295 -0.0199
-0.363 -0.0594 0.00932 0.0312 -0.024
-0.362 -0.0617 0.00654 0.0329 -0.0279
-0.361 -0.064 0.00377 0.0345 -0.0317
-0.36 -0.0663 0.00101 0.036 -0.0355
-0.359 -0.0685 -0.00174 0.0375 -0.0391
-0.358 -0.0708 -0.00448 0.039 -0.0425
-0.357 -0.073 -0.00721 0.0403 -0.0459
-0.356 -0.0753 -0.00993 0.0417 -0.049
-0.355 -0.0775 -0.0126 0.043 -0.0521
-0.354 -0.0797 -0.0153 0.0442 -0.0549
-0.353 -0.082 -0.018 0.0453 -0.0575
-0.352 -0.0842 -0.0207 0.0464 -0.06
-0.351 -0.0864 -0.0234 0.0474 -0.0623
-0.35 -0.0886 -0.026 0.0484 -0.0643
-0.349 -0.0908 -0.0287 0.0493 -0.0662
-0.348 -0.093 -0.0313 0.0501 -0.0678
-0.347 -0.0952 -0.0339 0.0508 -0.0692
-0.346 -0.0973 -0.0365 0.0515 -0.0704
-0.345 -0.0995 -0.0391 0.0521 -0.0713
-0.344 -0.102 -0.0416 0.0527 -0.072
-0.343 -0.104 -0.0442 0.0531 -0.0725
-0.342 -0.106 -0.0467 0.0535 -0.0727
-0.341 -0.108 -0.0492 0.0538 -0.0726
-0.34 -0.11 -0.0517 0.0541 -0.0723
-0.339 -0.112 -0.0542 0.0542 -0.0717
-0.338 -0.115 -0.0567 0.0543 -0.0709
-0.337 -0.117 -0.0591 0.0543 -0.0699
-0.336 -0.119 -0.0615 0.0542 -0.0685
-0.335 -0.121 -0.064 0.0541 -0.067
-0.334 -0.123 -0.0663 0.0539 -0.0652
-0.333 -0.125 -0.0687 0.0536 -0.0631
-0.332 -0.127 -0.0711 0.0532 -0.0608
-0.331 -0.129 -0.0734 0.0527 -0.0583
-0.33 -0.131 -0.0757 0.0522 -0.0555
-0.329 -0.133 -0.078 0.0516 -0.0526
-0.328 -0.135 -0.0803 0.0509 -0.0494
-0.327 -0.137 -0.0826 0.0501 -0.046
-0.326 -0.139 -0.0848 0.0493 -0.0424
-0.325 -0.141 -0.087 0.0484 -0.0387
-0.324 -0.143 -0.0892 0.0474 -0.0348
-0.323 -0.145 -0.0914 0.0464 -0.0307
-0.322 -0.147 -0.0935 0.0452 -0.0265
-0.321 -0.149 -0.0956 0.044 -0.0222
-0.32 -0.151 -0.0978 0.0428 -0.0177
-0.319 -0.153 -0.0998 0.0415 -0.0132
-0.318 -0.155 -0.102 0.04 -0.00862
-0.317 -0.157 -0.104 0.0386 -0.00397
-0.316 -0.159 -0.106 0.037 0.000714
-0.315 -0.161 -0.108 0.0355 0.00542
-0.314 -0.163 -0.11 0.0338 0.0101
-0.313 -0.165 -0.112 0.0321 0.0148
-0.312 -0.167 -0.114 0.0303 0.0194
-0.311 -0.169 -0.116 0.0284 0.024
-0.31 -0.171 -0.118 0.0265 0.0285
-0.309 -0.173 -0.119 0.0246 0.0328
-0.308 -0.175 -0.121 0.0226 0.0371
-0.307 -0.177 -0.123 0.0205 0.0412
-0.306 -0.178 -0.125 0.0184 0.0452
-0.305 -0.18 -0.127 0.0162 0.0489
-0.304 -0.182 -0.128 0.014 0.0525
-0.303 -0.184 -0.13 0.0117 0.0558
-0.302 -0.186 -0.132 0.00937 0.0589
-0.301 -0.188 -0.134 0.007 0.0618
-0.3 -0.19 -0.135 0.00459 0.0644
-0.299 -0.191 -0.137 0.00214 0.0667
-0.298 -0.193 -0.138 -0.000357 0.0687
-0.297 -0.195 -0.14 -0.00289 0.0704
-0.296 -0.197 -0.142 -0.00547 0.0718
-0.295 -0.198 -0.143 -0.00808 0.0729
-0.294 -0.2 -0.145 -0.0107 0.0737
-0.293 -0.202 -0.146 -0.0134 0.0741
-0.292 -0.204 -0.148 -0.0161 0.0742
-0.291 -0.206 -0.149 -0.0189 0.074
-0.29 -0.207 -0.151 -0.0216 0.0735
-0.289 -0.209 -0.152 -0.0244 0.0726
-0.288 -0.211 -0.153 -0.0273 0.0714
-0.287 -0.212 -0.155 -0.0301 0.0698
-0.286 -0.214 -0.156 -0.033 0.0679
-0.285 -0.216 -0.157 -0.0359 0.0657
-0.284 -0.217 -0.159 -0.0388 0.0632
-0.283 -0.219 -0.16 -0.0417 0.0604
-0.282 -0.221 -0.161 -0.0447 0.0574
-0.281 -0.222 -0.163 -0.0477 0.054
-0.28 -0.224 -0.164 -0.0507 0.0503
-0.279 -0.226 -0.165 -0.0537 0.0464
-0.278 -0.227 -0.166 -0.0567 0.0423
-0.277 -0.229 -0.167 -0.0597 0.0379
-0.276 -0.231 -0.168 -0.0627 0.0332
-0.275 -0.232 -0.169 -0.0658 0.0284
-0.274 -0.234 -0.171 -0.0688 0.0234
-0.273 -0.235 -0.172 -0.0719 0.0182
-0.272 -0.237 -0.173 -0.0749 0.0128
-0.271 -0.238 -0.174 -0.078 0.00722
-0.27 -0.24 -0.175 -0.081 0.00153
-0.269 -0.242 -0.176 -0.0841 -0.0043
-0.268 -0.243 -0.177 -0.0871 -0.0102
-0.267 -0.245 -0.178 -0.0902 -0.0163
-0.266 -0.246 -0.179 -0.0932 -0.0224
-0.265 -0.248 -0.179 -0.0963 -0.0287
-0.264 -0.249 -0.18 -0.0993 -0.035
-0.263 -0.251 -0.181 -0.102 -0.0413
-0.262 -0.252 -0.182 -0.105 -0.0477
-0.261 -0.254 -0.183 -0.108 -0.0542
-0.26 -0.255 -0.184 -0.111 -0.0606
-0.259 -0.257 -0.184 -0.114 -0.0671
-0.258 -0.258 -0.185 -0.117 -0.0736
-0.257 -0.259 -0.186 -0.12 -0.08
-0.256 -0.261 -0.187 -0.123 -0.0865
-0.255 -0.262 -0.187 -0.126 -0.0929
-0.254 -0.264 -0.188 -0.129 -0.0994
-0.253 -0.265 -0.189 -0.132 -0.106
-0.252 -0.266 -0.19 -0.135 -0.112
-0.251 -0.268 -0.19 -0.138 -0.118
-0.25 -0.0191 0.0592 0.109 0.125
-0.249 -0.0205 0.0585 0.107 0.119
-0.248 -0.0218 0.0579 0.104 0.113
-0.247 -0.0232 0.0573 0.101 0.107
-0.246 -0.0245 0.0568 0.0983 0.101
-0.245 -0.0258 0.0562 0.0956 0.0955
-0.244 -0.0271 0.0557 0.0929 0.0897
-0.243 -0.0284 0.0551 0.0902 0.0841
-0.242 -0.0297 0.0546 0.0876 0.0786
-0.241 -0.031 0.0541 0.085 0.0731
-0.24 -0.0323 0.0536 0.0824 0.0678
-0.239 -0.0335 0.0532 0.0799 0.0626
-0.238 -0.0348 0.0527 0.0773 0.0575
-0.237 -0.036 0.0523 0.0749 0.0525
-0.236 -0.0372 0.0518 0.0724 0.0477
-0.235 -0.0385 0.0514 0.07 0.0429
-0.234 -0.0397 0.051 0.0676 0.0384
-0.233 -0.0409 0.0506 0.0652 0.0339
-0.232 -0.0421 0.0502 0.0629 0.0296
-0.231 -0.0433 0.0499 0.0606 0.0254
-0.23 -0.0444 0.0495 0.0584 0.0213
-0.229 -0.0456 0.0492 0.0561 0.0174
-0.228 -0.0467 0.0489 0.054 0.0137
-0.227 -0.0479 0.0485 0.0518 0.01
-0.226 -0.049 0.0482 0.0497 0.00657
-0.225 -0.0502 0.0479 0.0476 0.00325
-0.224 -0.0513 0.0476 0.0456 8.05e-05
-0.223 -0.0524 0.0474 0.0436 -0.00293
-0.222 -0.0535 0.0471 0.0416 -0.00579
-0.221 -0.0546 0.0468 0.0397 -0.00849
-0.22 -0.0556 0.0466 0.0378 -0.011
-0.219 -0.0567 0.0464 0.036 -0.0134
-0.218 -0.0578 0.0461 0.0342 -0.0156
-0.217 -0.0588 0.0459 0.0324 -0.0177
-0.216 -0.0599 0.0457 0.0307 -0.0196
-0.215 -0.0609 0.0455 0.029 -0.0213
-0.214 -0.0619 0.0453 0.0274 -0.0228
-0.213 -0.0629 0.0451 0.0258 -0.0242
-0.212 -0.0639 0.0449 0.0242 -0.0255
-0.211 -0.0649 0.0448 0.0227 -0.0265
-0.21 -0.0659 0.0446 0.0213 -0.0274
-0.209 -0.0669 0.0445 0.0198 -0.0281
-0.208 -0.0679 0.0443 0.0184 -0.0287
-0.207 -0.0688 0.0442 0.0171 -0.029
-0.206 -0.0698 0.044 0.0158 -0.0293
-0.205 -0.0707 0.0439 0.0145 -0.0293
-0.204 -0.0717 0.0438 0.0133 -0.0292
-0.203 -0.0726 0.0436 0.0121 -0.0289
-0.202 -0.0735 0.0435 0.0109 -0.0285
-0.201 -0.0744 0.0434 0.00981 -0.0279
-0.2 -0.0753 0.0433 0.00875 -0.0271
-0.199 -0.0762 0.0432 0.00772 -0.0262
-0.198 -0.077 0.0431 0.00673 -0.0251
-0.197 -0.0779 0.043 0.00579 -0.024
-0.196 -0.0788 0.0429 0.00488 -0.0226
-0.195 -0.0796 0.0429 0.00402 -0.0211
-0.194 -0.0805 0.0428 0.00319 -0.0196
-0.193 -0.0813 0.0427 0.0024 -0.0178
-0.192 -0.0821 0.0426 0.00166 -0.016
-0.191 -0.0829 0.0426 0.000946 -0.0141
-0.19 -0.0837 0.0425 0.000274 -0.0121
-0.189 -0.0845 0.0424 -0.000359 -0.00994
-0.188 -0.0853 0.0424 -0.000956 -0.00775
-0.187 -0.0861 0.0423 -0.00151 -0.0055
-0.186 -0.0868 0.0422 -0.00204 -0.00319
-0.185 -0.0876 0.0422 -0.00252 -0.000828
-0.184 -0.0884 0.0421 -0.00297 0.00156
-0.183 -0.0891 0.042 -0.00339 0.00398
-0.182 -0.0898 0.042 -0.00377 0.0064
-0.181 -0.0906 0.0419 -0.00411 0.00881
-0.18 -0.0913 0.0419 -0.00442 0.0112
-0.179 -0.092 0.0418 -0.0047 0.0136
-0.178 -0.0927 0.0417 -0.00495 0.0159
-0.177 -0.0934 0.0417 -0.00516 0.0182
-0.176 -0.094 0.0416 -0.00534 0.0204
-0.175 -0.0947 0.0416 -0.00549 0.0225
-0.174 -0.0954 0.0415 -0.00561 0.0246
-0.173 -0.096 0.0414 -0.0057 0.0265
-0.172 -0.0967 0.0414 -0.00576 0.0284
-0.171 -0.0973 0.0413 -0.0058 0.0301
-0.17 -0.0979 0.0412 -0.0058 0.0317
-0.169 -0.0986 0.0412 -0.00578 0.0331
-0.168 -0.0992 0.0411 -0.00573 0.0344
-0.167 -0.0998 0.041 -0.00565 0.0356
-0.166 -0.1 0.0409 -0.00555 0.0366
-0.165 -0.101 0.0408 -0.00543 0.0374
-0.164 -0.102 0.0407 -0.00528 0.0381
-0.163 -0.102 0.0406 -0.00511 0.0386
-0.162 -0.103 0.0405 -0.00492 0.0389
-0.161 -0.103 0.0404 -0.00471 0.0391
-0.16 -0.104 0.0403 -0.00447 0.0391
-0.159 -0.104 0.0402 -0.00422 0.039
-0.158 -0.105 0.0401 -0.00395 0.0386
-0.157 -0.105 0.04 -0.00366 0.0382
-0.156 -0.106 0.0399 -0.00335 0.0375
-0.155 -0.106 0.0397 -0.00302 0.0368
-0.154 -0.107 0.0396 -0.00268 0.0359
-0.153 -0.107 0.0394 -0.00233 0.0348
-0.152 -0.108 0.0393 -0.00196 0.0337
-0.151 -0.108 0.0391 -0.00158 0.0324
-0.15 -0.109 0.039 -0.00119 0.031
-0.149 -0.109 0.0388 -0.000782 0.0295
-0.148 -0.11 0.0386 -0.000367 0.0279
-0.147 -0.11 0.0384 5.84e-05 0.0262
-0.146 -0.111 0.0382 0.000492 0.0244
-0.145 -0.111 0.038 0.000934 0.0225
-0.144 -0.111 0.0378 0.00138 0.0206
-0.143 -0.112 0.0376 0.00184 0.0187
-0.142 -0.112 0.0374 0.0023 0.0167
-0.141 -0.113 0.0372 0.00276 0.0146
-0.14 -0.113 0.0369 0.00323 0.0125
-0.139 -0.113 0.0367 0.0037 0.0105
-0.138 -0.114 0.0364 0.00417 0.00834
-0.137 -0.114 0.0362 0.00465 0.00622
-0.136 -0.115 0.0359 0.00512 0.00409
-0.135 -0.115 0.0356 0.0056 0.00198
-0.134 -0.115 0.0353 0.00607 -0.000124
-0.133 -0.116 0.035 0.00654 -0.00221
-0.132 -0.116 0.0347 0.007 -0.00427
-0.131 -0.116 0.0344 0.00746 -0.0063
-0.13 -0.117 0.034 0.00792 -0.00829
-0.129 -0.117 0.0337 0.00837 -0.0102
-0.128 -0.117 0.0333 0.00882 -0.0121
-0.127 -0.117 0.033 0.00926 -0.014
-0.126 -0.118 0.0326 0.00969 -0.0158
-0.125 -0.118 0.0322 0.0101 -0.0175
-0.124 -0.118 0.0318 0.0105 -0.0192
-0.123 -0.119 0.0314 0.0109 -0.0208
-0.122 -0.119 0.031 0.0113 -0.0224
-0.121 -0.119 0.0306 0.0117 -0.0238
-0.12 -0.119 0.0301 0.0121 -0.0252
-0.119 -0.12 0.0297 0.0124 -0.0266
-0.118 -0.12 0.0292 0.0127 -0.0278
-0.117 -0.12 0.0287 0.0131 -0.0289
-0.116 -0.12 0.0282 0.0134 -0.03
-0.115 -0.121 0.0277 0.0137 -0.0309
-0.114 -0.121 0.0272 0.0139 -0.0318
-0.113 -0.121 0.0267 0.0142 -0.0326
-0.112 -0.121 0.0262 0.0144 -0.0333
-0.111 -0.121 0.0256 0.0147 -0.0339
-0.11 -0.122 0.025 0.0149 -0.0343
-0.109 -0.122 0.0245 0.015 -0.0347
-0.108 -0.122 0.0239 0.0152 -0.035
-0.107 -0.122 0.0233 0.0153 -0.0352
-0.106 -0.122 0.0226 0.0154 -0.0352
-0.105 -0.122 0.022 0.0155 -0.0352
-0.104 -0.123 0.0214 0.0156 -0.035
-0.103 -0.123 0.0207 0.0157 -0.0347
-0.102 -0.123 0.02 0.0157 -0.0344
-0.101 -0.123 0.0193 0.0157 -0.0339
-0.1 -0.123 0.0186 0.0157 -0.0333
-0.099 -0.123 0.0179 0.0156 -0.0325
-0.098 -0.123 0.0172 0.0155 -0.0317
-0.097 -0.124 0.0165 0.0154 -0.0307
-0.096 -0.124 0.0157 0.0153 -0.0297
-0.095 -0.124 0.0149 0.0151 -0.0285
-0.094 -0.124 0.0142 0.015 -0.0272
-0.093 -0.124 0.0134 0.0148 -0.0257
-0.092 -0.124 0.0125 0.0145 -0.0242
-0.091 -0.124 0.0117 0.0142 -0.0225
-0.09 -0.124 0.0109 0.0139 -0.0207
-0.089 -0.124 0.01 0.0136 -0.0188
-0.088 -0.124 0.00914 0.0133 -0.0168
-0.087 -0.124 0.00826 0.0129 -0.0147
-0.086 -0.124 0.00736 0.0125 -0.0125
-0.085 -0.124 0.00644 0.012 -0.0101
-0.084 -0.125 0.00551 0.0115 -0.00769
-0.083 -0.125 0.00457 0.011 -0.00513
-0.082 -0.125 0.00361 0.0105 -0.00248
-0.081 -0.125 0.00263 0.00991 0.000269
-0.08 -0.125 0.00165 0.00931 0.00311
-0.079 -0.125 0.000641 0.00867 0.00604
-0.078 -0.125 -0.000378 0.00801 0.00905
-0.077 -0.125 -0.00141 0.00731 0.0121
-0.076 -0.125 -0.00246 0.00658 0.0153
-0.075 -0.125 -0.00352 0.00581 0.0185
-0.074 -0.125 -0.0046 0.00502 0.0217
-0.073 -0.125 -0.0057 0.00419 0.025
-0.072 -0.125 -0.0068 0.00333 0.0284
-0.071 -0.125 -0.00793 0.00243 0.0317
-0.07 -0.125 -0.00907 0.00151 0.0351
-0.069 -0.125 -0.0102 0.000547 0.0384
-0.068 -0.125 -0.0114 -0.000446 0.0418
-0.067 -0.125 -0.0126 -0.00147 0.0451
-0.066 -0.125 -0.0138 -0.00253 0.0483
-0.065 -0.125 -0.015 -0.00362 0.0515
-0.064 -0.125 -0.0162 -0.00474 0.0547
-0.063 -0.125 -0.0174 -0.0059 0.0577
-0.062 -0.124 -0.0187 -0.00709 0.0606
-0.061 -0.124 -0.02 -0.00831 0.0633
-0.06 -0.124 -0.0213 -0.00956 0.0659
-0.059 -0.124 -0.0226 -0.0109 0.0684
-0.058 -0.124 -0.0239 -0.0122 0.0706
-0.057 -0.124 -0.0252 -0.0135 0.0726
-0.056 -0.124 -0.0265 -0.0149 0.0744
-0.055 -0.124 -0.0279 -0.0163 0.076
-0.054 -0.124 -0.0293 -0.0178 0.0772
-0.053 -0.124 -0.0307 -0.0192 0.0782
-0.052 -0.124 -0.0321 -0.0208 0.0789
-0.051 -0.124 -0.0335 -0.0223 0.0793
-0.05 -0.124 -0.0349 -0.0239 0.0793
-0.049 -0.124 -0.0363 -0.0255 0.079
-0.048 -0.124 -0.0378 -0.0271 0.0784
-0.047 -0.123 -0.0393 -0.0288 0.0774
-0.046 -0.123 -0.0407 -0.0305 0.076
-0.045 -0.123 -0.0422 -0.0322 0.0742
-0.044 -0.123 -0.0437 -0.0339 0.0721
-0.043 -0.123 -0.0453 -0.0357 0.0696
-0.042 -0.123 -0.0468 -0.0375 0.0668
-0.041 -0.123 -0.0483 -0.0394 0.0636
-0.04 -0.123 -0.0499 -0.0412 0.06
-0.039 -0.123 -0.0515 -0.0431 0.0561
-0.038 -0.123 -0.053 -0.045 0.0519
-0.037 -0.122 -0.0546 -0.047 0.0474
-0.036 -0.122 -0.0562 -0.0489 0.0426
-0.035 -0.122 -0.0579 -0.0509 0.0374
-0.034 -0.122 -0.0595 -0.053 0.0321
-0.033 -0.122 -0.0611 -0.055 0.0265
-0.032 -0.122 -0.0628 -0.0571 0.0206
-0.031 -0.122 -0.0645 -0.0592 0.0146
-0.03 -0.122 -0.0661 -0.0613 0.0084
-0.029 -0.121 -0.0678 -0.0635 0.00204
-0.028 -0.121 -0.0695 -0.0656 -0.00445
-0.027 -0.121 -0.0712 -0.0678 -0.0111
-0.026 -0.121 -0.0729 -0.07 -0.0177
-0.025 -0.121 -0.0747 -0.0723 -0.0245
-0.024 -0.121 -0.0764 -0.0745 -0.0313
-0.023 -0.121 -0.0782 -0.0768 -0.0381
-0.022 -0.121 -0.0799 -0.0791 -0.045
-0.021 -0.12 -0.0817 -0.0814 -0.0518
-0.02 -0.12 -0.0835 -0.0837 -0.0586
-0.019 -0.12 -0.0852 -0.086 -0.0654
-0.018 -0.12 -0.087 -0.0884 -0.0721
-0.017 -0.12 -0.0888 -0.0908 -0.0788
-0.016 -0.12 -0.0907 -0.0932 -0.0853
-0.015 -0.12 -0.0925 -0.0956 -0.0918
-0.014 -0.119 -0.0943 -0.098 -0.0982
-0.013 -0.119 -0.0961 -0.1 -0.104
-0.012 -0.119 -0.098 -0.103 -0.111
-0.011 -0.119 -0.0998 -0.105 -0.117
-0.01 -0.119 -0.102 -0.108 -0.123
-0.009 -0.119 -0.104 -0.11 -0.128
-0.008 -0.119 -0.105 -0.113 -0.134
-0.007 -0.118 -0.107 -0.115 -0.14
-0.006 -0.118 -0.109 -0.118 -0.145
-0.005 -0.118 -0.111 -0.12 -0.15
-0.004 -0.118 -0.113 -0.123 -0.155
-0.003 -0.118 -0.115 -0.125 -0.16
-0.002 -0.118 -0.117 -0.128 -0.165
-0.001 -0.118 -0.119 -0.13 -0.17
0 0.133 0.129 0.117 0.0759
0.001 0.133 0.127 0.115 0.0716
0.002 0.133 0.126 0.112 0.0674
0.003 0.133 0.124 0.109 0.0633
0.004 0.133 0.122 0.107 0.0594
0.005 0.133 0.12 0.104 0.0557
0.006 0.133 0.118 0.102 0.0521
0.007 0.134 0.116 0.0993 0.0486
0.008 0.134 0.114 0.0967 0.0453
0.009 0.134 0.112 0.0942 0.0421
0.01 0.134 0.11 0.0917 0.039
0.011 0.134 0.108 0.0892 0.036
0.012 0.134 0.106 0.0867 0.0332
0.013 0.134 0.104 0.0842 0.0306
0.014 0.135 0.102 0.0817 0.028
0.015 0.135 0.1 0.0792 0.0256
0.016 0.135 0.0984 0.0767 0.0233
0.017 0.135 0.0964 0.0743 0.0211
0.018 0.135 0.0945 0.0718 0.019
0.019 0.135 0.0925 0.0694 0.017
0.02 0.135 0.0906 0.067 0.0152
0.021 0.135 0.0886 0.0646 0.0135
0.022 0.136 0.0867 0.0622 0.0118
0.023 0.136 0.0847 0.0598 0.0103
0.024 0.136 0.0828 0.0575 0.00891
0.025 0.136 0.0809 0.0552 0.0076
0.026 0.136 0.0789 0.0528 0.00639
0.027 0.136 0.077 0.0506 0.00528
0.028 0.136 0.0751 0.0483 0.00426
0.029 0.136 0.0732 0.046 0.00334
0.03 0.136 0.0712 0.0438 0.00252
0.031 0.137 0.0693 0.0416 0.00178
0.032 0.137 0.0674 0.0395 0.00113
0.033 0.137 0.0655 0.0373 0.000575
0.034 0.137 0.0636 0.0352 0.0001
0.035 0.137 0.0617 0.0331 -0.000291
0.036 0.137 0.0598 0.031 -0.000602
0.037 0.137 0.0579 0.029 -0.000834
0.038 0.137 0.0561 0.027 -0.000991
0.039 0.137 0.0542 0.025 -0.00107
0.04 0.137 0.0523 0.023 -0.00108
0.041 0.138 0.0505 0.0211 -0.00103
0.042 0.138 0.0486 0.0192 -0.000903
0.043 0.138 0.0468 0.0174 -0.000716
0.044 0.138 0.045 0.0156 -0.000468
0.045 0.138 0.0431 0.0138 -0.000164
0.046 0.138 0.0413 0.012 0.000195
0.047 0.138 0.0395 0.0103 0.000604
0.048 0.138 0.0377 0.00861 0.00106
0.049 0.138 0.036 0.00697 0.00156
0.05 0.138 0.0342 0.00535 0.0021
0.051 0.138 0.0324 0.00378 0.00267
0.052 0.138 0.0307 0.00224 0.00327
0.053 0.138 0.0289 0.000735 0.00391
0.054 0.138 0.0272 -0.000729 0.00456
0.055 0.138 0.0255 -0.00216 0.00523
0.056 0.138 0.0238 -0.00354 0.00591
0.057 0.138 0.0221 -0.00489 0.0066
0.058 0.138 0.0204 -0.0062 0.00729
0.059 0.138 0.0187 -0.00747 0.00797
0.06 0.138 0.017 -0.00871 0.00865
0.061 0.138 0.0154 -0.0099 0.00931
0.062 0.138 0.0138 -0.0111 0.00995
0.063 0.138 0.0121 -0.0122 0.0106
0.064 0.138 0.0105 -0.0132 0.0111
0.065 0.138 0.00894 -0.0143 0.0117
0.066 0.138 0.00736 -0.0153 0.0122
0.067 0.138 0.0058 -0.0162 0.0127
0.068 0.138 0.00425 -0.0171 0.0131
0.069 0.138 0.00271 -0.018 0.0134
0.07 0.138 0.00119 -0.0188 0.0137
0.071 0.138 -0.000318 -0.0196 0.0139
0.072 0.138 -0.00181 -0.0204 0.0141
0.073 0.138 -0.00328 -0.0211 0.0142
0.074 0.138 -0.00474 -0.0218 0.0142
0.075 0.138 -0.00619 -0.0224 0.0141
0.076 0.138 -0.00762 -0.023 0.014
0.077 0.138 -0.00903 -0.0236 0.0137
0.078 0.138 -0.0104 -0.0241 0.0134
0.079 0.138 -0.0118 -0.0245 0.013
0.08 0.138 -0.0132 -0.025 0.0126
0.081 0.138 -0.0145 -0.0254 0.0121
0.082 0.138 -0.0158 -0.0258 0.0114
0.083 0.138 -0.0171 -0.0261 0.0108
0.084 0.137 -0.0184 -0.0264 0.01
0.085 0.137 -0.0197 -0.0266 0.0092
0.086 0.137 -0.021 -0.0268 0.00832
0.087 0.137 -0.0222 -0.027 0.00738
0.088 0.137 -0.0234 -0.0272 0.00639
0.089 0.137 -0.0246 -0.0273 0.00535
0.09 0.137 -0.0258 -0.0273 0.00426
0.091 0.137 -0.027 -0.0274 0.00314
0.092 0.137 -0.0282 -0.0274 0.00199
0.093 0.136 -0.0293 -0.0274 0.000803
0.094 0.136 -0.0304 -0.0273 -0.000402
0.095 0.136 -0.0315 -0.0272 -0.00162
0.096 0.136 -0.0326 -0.0271 -0.00286
0.097 0.136 -0.0336 -0.027 -0.00409
0.098 0.136 -0.0347 -0.0268 -0.00533
0.099 0.135 -0.0357 -0.0266 -0.00656
0.1 0.135 -0.0367 -0.0263 -0.00778
0.101 0.135 -0.0377 -0.0261 -0.00899
0.102 0.135 -0.0387 -0.0258 -0.0102
0.103 0.135 -0.0396 -0.0255 -0.0113
0.104 0.134 -0.0405 -0.0251 -0.0125
0.105 0.134 -0.0414 -0.0247 -0.0136
0.106 0.134 -0.0423 -0.0243 -0.0146
0.107 0.134 -0.0432 -0.0239 -0.0156
0.108 0.133 -0.0441 -0.0235 -0.0166
0.109 0.133 -0.0449 -0.023 -0.0176
0.11 0.133 -0.0457 -0.0225 -0.0184
0.111 0.133 -0.0465 -0.022 -0.0193
0.112 0.132 -0.0473 -0.0215 -0.02
0.113 0.132 -0.048 -0.021 -0.0208
0.114 0.132 -0.0488 -0.0204 -0.0214
0.115 0.132 -0.0495 -0.0198 -0.022
0.116 0.131 -0.0502 -0.0192 -0.0226
0.117 0.131 -0.0509 -0.0186 -0.023
0.118 0.131 -0.0516 -0.018 -0.0234
0.119 0.13 -0.0522 -0.0173 -0.0238
0.12 0.13 -0.0529 -0.0167 -0.024
0.121 0.13 -0.0535 -0.016 -0.0242
0.122 0.129 -0.0541 -0.0153 -0.0244
0.123 0.129 -0.0547 -0.0146 -0.0244
0.124 0.129 -0.0552 -0.0139 -0.0244
0.125 0.128 -0.0558 -0.0132 -0.0243
0.126 0.128 -0.0563 -0.0125 -0.0242
0.127 0.128 -0.0568 -0.0118 -0.024
0.128 0.127 -0.0573 -0.011 -0.0237
0.129 0.127 -0.0578 -0.0103 -0.0233
0.13 0.126 -0.0582 -0.00954 -0.0229
0.131 0.126 -0.0587 -0.00879 -0.0224
0.132 0.126 -0.0591 -0.00804 -0.0218
0.133 0.125 -0.0595 -0.00728 -0.0211
0.134 0.125 -0.0599 -0.00653 -0.0204
0.135 0.124 -0.0603 -0.00578 -0.0196
0.136 0.124 -0.0607 -0.00502 -0.0187
0.137 0.123 -0.061 -0.00427 -0.0178
0.138 0.123 -0.0613 -0.00352 -0.0168
0.139 0.122 -0.0617 -0.00277 -0.0157
0.14 0.122 -0.062 -0.00203 -0.0146
0.141 0.121 -0.0623 -0.0013 -0.0134
0.142 0.121 -0.0625 -0.000567 -0.0121
0.143 0.12 -0.0628 0.000156 -0.0108
0.144 0.12 -0.063 0.000871 -0.00942
0.145 0.119 -0.0633 0.00158 -0.00797
0.146 0.119 -0.0635 0.00227 -0.00647
0.147 0.118 -0.0637 0.00296 -0.00491
0.148 0.118 -0.0639 0.00363 -0.0033
0.149 0.117 -0.0641 0.00429 -0.00163
0.15 0.117 -0.0643 0.00493 7.56e-05
0.151 0.116 -0.0644 0.00557 0.00183
0.152 0.116 -0.0646 0.00618 0.00363
0.153 0.115 -0.0647 0.00678 0.00546
0.154 0.114 -0.0648 0.00736 0.00733
0.155 0.114 -0.065 0.00793 0.00923
0.156 0.113 -0.0651 0.00847 0.0111
0.157 0.113 -0.0652 0.00899 0.0131
0.158 0.112 -0.0652 0.00949 0.0151
0.159 0.111 -0.0653 0.00997 0.017
0.16 0.111 -0.0654 0.0104 0.019
0.161 0.11 -0.0654 0.0109 0.021
0.162 0.109 -0.0655 0.0113 0.0229
0.163 0.109 -0.0655 0.0117 0.0249
0.164 0.108 -0.0656 0.012 0.0268
0.165 0.107 -0.0656 0.0123 0.0287
0.166 0.107 -0.0656 0.0126 0.0306
0.167 0.106 -0.0656 0.0129 0.0324
0.168 0.105 -0.0656 0.0131 0.0342
0.169 0.104 -0.0656 0.0133 0.0359
0.17 0.104 -0.0656 0.0135 0.0375
0.171 0.103 -0.0656 0.0137 0.0391
0.172 0.102 -0.0656 0.0138 0.0406
0.173 0.101 -0.0656 0.0138 0.0419
0.174 0.101 -0.0656 0.0139 0.0432
0.175 0.0999 -0.0655 0.0139 0.0444
0.176 0.0991 -0.0655 0.0138 0.0454
0.177 0.0983 -0.0655 0.0137 0.0463
0.178 0.0975 -0.0654 0.0136 0.047
0.179 0.0967 -0.0654 0.0135 0.0476
0.18 0.0958 -0.0654 0.0133 0.0481
0.181 0.095 -0.0653 0.013 0.0484
0.182 0.0942 -0.0653 0.0127 0.0485
0.183 0.0933 -0.0652 0.0124 0.0484
0.184 0.0924 -0.0652 0.012 0.0481
0.185 0.0916 -0.0651 0.0116 0.0477
0.186 0.0907 -0.0651 0.0112 0.0471
0.187 0.0898 -0.065 0.0107 0.0462
0.188 0.0889 -0.065 0.0101 0.0452
0.189 0.088 -0.0649 0.0095 0.0439
0.19 0.0871 -0.0649 0.00885 0.0425
0.191 0.0861 -0.0648 0.00814 0.0409
0.192 0.0852 -0.0648 0.00739 0.039
0.193 0.0842 -0.0648 0.00659 0.037
0.194 0.0833 -0.0647 0.00573 0.0348
0.195 0.0823 -0.0647 0.00483 0.0324
0.196 0.0813 -0.0647 0.00387 0.0298
0.197 0.0803 -0.0646 0.00286 0.027
0.198 0.0793 -0.0646 0.00179 0.0241
0.199 0.0783 -0.0646 0.000675 0.021
0.2 0.0773 -0.0646 -0.000497 0.0178
0.201 0.0763 -0.0646 -0.00172 0.0144
0.202 0.0752 -0.0646 -0.00301 0.0109
0.203 0.0742 -0.0646 -0.00434 0.00722
0.204 0.0731 -0.0646 -0.00574 0.00346
0.205 0.0721 -0.0646 -0.00718 -0.000395
0.206 0.071 -0.0646 -0.00869 -0.00434
0.207 0.0699 -0.0646 -0.0102 -0.00838
0.208 0.0688 -0.0647 -0.0119 -0.0125
0.209 0.0677 -0.0647 -0.0135 -0.0166
0.21 0.0666 -0.0648 -0.0153 -0.0209
0.211 0.0655 -0.0648 -0.0171 -0.0251
0.212 0.0643 -0.0649 -0.0189 -0.0294
0.213 0.0632 -0.065 -0.0208 -0.0337
0.214 0.062 -0.0651 -0.0228 -0.038
0.215 0.0609 -0.0652 -0.0248 -0.0423
0.216 0.0597 -0.0653 -0.0268 -0.0467
0.217 0.0585 -0.0654 -0.029 -0.051
0.218 0.0573 -0.0655 -0.0311 -0.0553
0.219 0.0561 -0.0657 -0.0334 -0.0595
0.22 0.0549 -0.0658 -0.0357 -0.0638
0.221 0.0537 -0.066 -0.038 -0.068
0.222 0.0524 -0.0661 -0.0404 -0.0721
0.223 0.0512 -0.0663 -0.0429 -0.0762
0.224 0.0499 -0.0665 -0.0454 -0.0803
0.225 0.0487 -0.0667 -0.0479 -0.0843
0.226 0.0474 -0.067 -0.0505 -0.0882
0.227 0.0461 -0.0672 -0.0532 -0.0921
0.228 0.0448 -0.0674 -0.0559 -0.096
0.229 0.0435 -0.0677 -0.0586 -0.0997
0.23 0.0422 -0.068 -0.0614 -0.103
0.231 0.0409 -0.0682 -0.0643 -0.107
0.232 0.0395 -0.0685 -0.0672 -0.111
0.233 0.0382 -0.0689 -0.0701 -0.114
0.234 0.0368 -0.0692 -0.0731 -0.118
0.235 0.0355 -0.0695 -0.0761 -0.121
0.236 0.0341 -0.0699 -0.0792 -0.124
0.237 0.0327 -0.0703 -0.0823 -0.127
0.238 0.0313 -0.0707 -0.0854 -0.131
0.239 0.0299 -0.0711 -0.0886 -0.134
0.24 0.0285 -0.0715 -0.0918 -0.137
0.241 0.0271 -0.0719 -0.095 -0.14
0.242 0.0256 -0.0724 -0.0983 -0.142
0.243 0.0242 -0.0728 -0.102 -0.145
0.244 0.0228 -0.0733 -0.105 -0.148
0.245 0.0213 -0.0738 -0.108 -0.151
0.246 0.0198 -0.0743 -0.112 -0.153
0.247 0.0183 -0.0748 -0.115 -0.156
0.248 0.0168 -0.0754 -0.118 -0.158
0.249 0.0153 -0.076 -0.122 -0.161
0.25 0.264 0.173 0.125 0.0869
0.251 0.262 0.173 0.121 0.0845
0.252 0.261 0.172 0.118 0.0822
0.253 0.259 0.172 0.114 0.08
0.254 0.258 0.171 0.111 0.0778
0.255 0.256 0.17 0.107 0.0757
0.256 0.255 0.17 0.104 0.0736
0.257 0.253 0.169 0.1 0.0715
0.258 0.251 0.168 0.0968 0.0695
0.259 0.25 0.167 0.0933 0.0676
0.26 0.248 0.167 0.0899 0.0656
0.261 0.247 0.166 0.0864 0.0637
0.262 0.245 0.165 0.0829 0.0619
0.263 0.243 0.164 0.0795 0.0601
0.264 0.242 0.164 0.076 0.0583
0.265 0.24 0.163 0.0726 0.0565
0.266 0.238 0.162 0.0692 0.0548
0.267 0.237 0.161 0.0659 0.0531
0.268 0.235 0.16 0.0625 0.0514
0.269 0.233 0.159 0.0592 0.0498
0.27 0.232 0.158 0.0559 0.0481
0.271 0.23 0.157 0.0527 0.0465
0.272 0.228 0.156 0.0494 0.0449
0.273 0.226 0.155 0.0463 0.0433
0.274 0.225 0.154 0.0431 0.0418
0.275 0.223 0.153 0.04 0.0402
0.276 0.221 0.152 0.0369 0.0387
0.277 0.219 0.151 0.0339 0.0372
0.278 0.218 0.15 0.0309 0.0357
0.279 0.216 0.149 0.028 0.0342
0.28 0.214 0.148 0.0251 0.0327
0.281 0.212 0.147 0.0223 0.0313
0.282 0.21 0.146 0.0195 0.0298
0.283 0.209 0.144 0.0168 0.0283
0.284 0.207 0.143 0.0141 0.0269
0.285 0.205 0.142 0.0115 0.0255
0.286 0.203 0.141 0.009 0.024
0.287 0.201 0.14 0.00651 0.0226
0.288 0.199 0.138 0.00409 0.0212
0.289 0.198 0.137 0.00173 0.0198
0.29 0.196 0.136 -0.000563 0.0184
0.291 0.194 0.135 -0.00279 0.017
0.292 0.192 0.133 -0.00496 0.0156
0.293 0.19 0.132 -0.00705 0.0143
0.294 0.188 0.131 -0.00908 0.0129
0.295 0.186 0.129 -0.011 0.0116
0.296 0.184 0.128 -0.0129 0.0103
0.297 0.182 0.126 -0.0147 0.00898
0.298 0.18 0.125 -0.0165 0.0077
0.299 0.178 0.124 -0.0182 0.00644
0.3 0.176 0.122 -0.0198 0.0052
0.301 0.174 0.121 -0.0213 0.00399
0.302 0.172 0.119 -0.0228 0.00281
0.303 0.17 0.118 -0.0242 0.00165
0.304 0.168 0.116 -0.0255 0.00053
0.305 0.166 0.115 -0.0267 -0.000559
0.306 0.164 0.113 -0.0279 -0.00161
0.307 0.162 0.112 -0.029 -0.00263
0.308 0.16 0.11 -0.03 -0.00361
0.309 0.158 0.108 -0.031 -0.00455
0.31 0.156 0.107 -0.0319 -0.00544
0.311 0.154 0.105 -0.0327 -0.0063
0.312 0.152 0.104 -0.0334 -0.00711
0.313 0.15 0.102 -0.0341 -0.00788
0.314 0.148 0.1 -0.0347 -0.00861
0.315 0.146 0.0987 -0.0353 -0.00929
0.316 0.144 0.097 -0.0357 -0.00992
0.317 0.142 0.0953 -0.0361 -0.0105
0.318 0.14 0.0936 -0.0365 -0.0111
0.319 0.138 0.0919 -0.0368 -0.0116
0.32 0.135 0.0902 -0.037 -0.012
0.321 0.133 0.0885 -0.0371 -0.0125
0.322 0.131 0.0868 -0.0372 -0.0128
0.323 0.129 0.085 -0.0372 -0.0132
0.324 0.127 0.0832 -0.0372 -0.0135
0.325 0.125 0.0815 -0.0371 -0.0138
0.326 0.122 0.0797 -0.0369 -0.014
0.327 0.12 0.0779 -0.0367 -0.0142
0.328 0.118 0.0761 -0.0365 -0.0143
0.329 0.116 0.0743 -0.0362 -0.0145
0.33 0.114 0.0725 -0.0358 -0.0146
0.331 0.112 0.0706 -0.0354 -0.0147
0.332 0.109 0.0688 -0.0349 -0.0147
0.333 0.107 0.0669 -0.0344 -0.0147
0.334 0.105 0.0651 -0.0338 -0.0147
0.335 0.103 0.0632 -0.0332 -0.0147
0.336 0.1 0.0613 -0.0326 -0.0146
0.337 0.0982 0.0595 -0.0319 -0.0146
0.338 0.096 0.0576 -0.0311 -0.0145
0.339 0.0937 0.0557 -0.0304 -0.0144
0.34 0.0915 0.0538 -0.0295 -0.0142
0.341 0.0892 0.0519 -0.0287 -0.0141
0.342 0.0869 0.0499 -0.0278 -0.0139
0.343 0.0847 0.048 -0.0269 -0.0137
0.344 0.0824 0.0461 -0.026 -0.0135
0.345 0.0801 0.0442 -0.025 -0.0133
0.346 0.0778 0.0422 -0.024 -0.0131
0.347 0.0755 0.0403 -0.0229 -0.0128
0.348 0.0732 0.0383 -0.0219 -0.0126
0.349 0.0709 0.0364 -0.0208 -0.0123
0.35 0.0686 0.0344 -0.0197 -0.012
0.351 0.0663 0.0325 -0.0186 -0.0118
0.352 0.0639 0.0305 -0.0174 -0.0114
0.353 0.0616 0.0285 -0.0163 -0.0111
0.354 0.0593 0.0266 -0.0151 -0.0108
0.355 0.0569 0.0246 -0.0139 -0.0105
0.356 0.0546 0.0226 -0.0127 -0.0101
0.357 0.0522 0.0206 -0.0115 -0.00977
0.358 0.0499 0.0187 -0.0102 -0.0094
0.359 0.0475 0.0167 -0.009 -0.00902
0.36 0.0451 0.0147 -0.00776 -0.00863
0.361 0.0428 0.0127 -0.00651 -0.00823
0.362 0.0404 0.0107 -0.00526 -0.00782
0.363 0.038 0.00877 -0.004 -0.0074
0.364 0.0356 0.00678 -0.00275 -0.00697
0.365 0.0333 0.0048 -0.00149 -0.00653
0.366 0.0309 0.00282 -0.000234 -0.00608
0.367 0.0285 0.000838 0.00102 -0.00562
0.368 0.0261 -0.00114 0.00227 -0.00515
0.369 0.0237 -0.00312 0.00351 -0.00466
0.37 0.0212 -0.0051 0.00475 -0.00417
0.371 0.0188 -0.00707 0.00597 -0.00367
0.372 0.0164 -0.00905 0.00719 -0.00316
0.373 0.014 -0.011 0.0084 -0.00263
0.374 0.0116 -0.013 0.00959 -0.0021
0.375 0.00915 -0.0149 0.0108 -0.00156
0.376 0.00672 -0.0169 0.0119 -0.00101
0.377 0.00428 -0.0189 0.0131 -0.000443
0.378 0.00184 -0.0208 0.0142 0.000129
0.379 -0.000598 -0.0228 0.0153 0.000711
0.38 -0.00304 -0.0247 0.0164 0.0013
0.381 -0.00549 -0.0267 0.0175 0.0019
0.382 -0.00794 -0.0286 0.0186 0.00251
0.383 -0.0104 -0.0305 0.0196 0.00313
0.384 -0.0128 -0.0324 0.0206 0.00375
0.385 -0.0153 -0.0344 0.0216 0.00438
0.386 -0.0178 -0.0363 0.0226 0.00502
0.387 -0.0202 -0.0382 0.0235 0.00567
0.388 -0.0227 -0.0401 0.0244 0.00632
0.389 -0.0252 -0.042 0.0253 0.00698
0.39 -0.0276 -0.0439 0.0261 0.00764
0.391 -0.0301 -0.0457 0.027 0.0083
0.392 -0.0326 -0.0476 0.0278 0.00897
0.393 -0.0351 -0.0495 0.0285 0.00964
0.394 -0.0375 -0.0513 0.0292 0.0103
0.395 -0.04 -0.0532 0.0299 0.011
0.396 -0.0425 -0.055 0.0306 0.0116
0.397 -0.045 -0.0568 0.0312 0.0123
0.398 -0.0475 -0.0586 0.0318 0.013
0.399 -0.05 -0.0605 0.0323 0.0136
0.4 -0.0525 -0.0622 0.0328 0.0143
0.401 -0.055 -0.064 0.0333 0.0149
0.402 -0.0574 -0.0658 0.0337 0.0155
0.403 -0.0599 -0.0676 0.0341 0.0161
0.404 -0.0624 -0.0693 0.0345 0.0167
0.405 -0.0649 -0.0711 0.0348 0.0173
0.406 -0.0674 -0.0728 0.035 0.0178
0.407 -0.0699 -0.0745 0.0353 0.0184
0.408 -0.0724 -0.0762 0.0354 0.0189
0.409 -0.0749 -0.0779 0.0356 0.0193
0.41 -0.0774 -0.0796 0.0357 0.0198
0.411 -0.0799 -0.0813 0.0357 0.0202
0.412 -0.0824 -0.083 0.0357 0.0206
0.413 -0.0849 -0.0846 0.0357 0.0209
0.414 -0.0874 -0.0863 0.0356 0.0212
0.415 -0.0899 -0.0879 0.0354 0.0215
0.416 -0.0924 -0.0895 0.0353 0.0217
0.417 -0.0949 -0.0911 0.035 0.0219
0.418 -0.0974 -0.0927 0.0348 0.022
0.419 -0.0999 -0.0942 0.0344 0.0221
0.42 -0.102 -0.0958 0.0341 0.0221
0.421 -0.105 -0.0973 0.0336 0.0221
0.422 -0.107 -0.0988 0.0332 0.022
0.423 -0.11 -0.1 0.0327 0.0219
0.424 -0.112 -0.102 0.0321 0.0217
0.425 -0.115 -0.103 0.0315 0.0214
0.426 -0.117 -0.105 0.0308 0.0211
0.427 -0.12 -0.106 0.0301 0.0207
0.428 -0.122 -0.108 0.0293 0.0203
0.429 -0.125 -0.109 0.0285 0.0198
0.43 -0.127 -0.11 0.0276 0.0192
0.431 -0.13 -0.112 0.0267 0.0186
0.432 -0.132 -0.113 0.0258 0.0179
0.433 -0.135 -0.115 0.0247 0.0172
0.434 -0.137 -0.116 0.0237 0.0164
0.435 -0.14 -0.117 0.0226 0.0156
0.436 -0.142 -0.118 0.0214 0.0147
0.437 -0.145 -0.12 0.0202 0.0137
0.438 -0.147 -0.121 0.0189 0.0127
0.439 -0.15 -0.122 0.0176 0.0117
0.44 -0.152 -0.123 0.0162 0.0106
0.441 -0.155 -0.125 0.0148 0.00943
0.442 -0.157 -0.126 0.0133 0.00825
0.443 -0.16 -0.127 0.0118 0.00702
0.444 -0.162 -0.128 0.0103 0.00575
0.445 -0.165 -0.129 0.00866 0.00445
0.446 -0.167 -0.13 0.007 0.00311
0.447 -0.169 -0.132 0.00529 0.00174
0.448 -0.172 -0.133 0.00354 0.000332
0.449 -0.174 -0.134 0.00173 -0.0011
0.45 -0.177 -0.135 -0.000115 -0.00256
0.451 -0.179 -0.136 -0.00201 -0.00405
0.452 -0.182 -0.137 -0.00395 -0.00557
0.453 -0.184 -0.138 -0.00594 -0.0071
0.454 -0.187 -0.139 -0.00797 -0.00866
0.455 -0.189 -0.14 -0.01 -0.0102
0.456 -0.191 -0.141 -0.0122 -0.0118
0.457 -0.194 -0.141 -0.0143 -0.0135
0.458 -0.196 -0.142 -0.0165 -0.0151
0.459 -0.199 -0.143 -0.0188 -0.0167
0.46 -0.201 -0.144 -0.0211 -0.0184
0.461 -0.203 -0.145 -0.0234 -0.0201
0.462 -0.206 -0.146 -0.0258 -0.0218
0.463 -0.208 -0.147 -0.0282 -0.0235
0.464 -0.211 -0.147 -0.0306 -0.0253
0.465 -0.213 -0.148 -0.0331 -0.027
0.466 -0.215 -0.149 -0.0356 -0.0288
0.467 -0.218 -0.149 -0.0382 -0.0306
0.468 -0.22 -0.15 -0.0407 -0.0324
0.469 -0.223 -0.151 -0.0434 -0.0342
0.47 -0.225 -0.152 -0.046 -0.036
0.471 -0.227 -0.152 -0.0487 -0.0379
0.472 -0.23 -0.153 -0.0514 -0.0398
0.473 -0.232 -0.153 -0.0542 -0.0417
0.474 -0.234 -0.154 -0.057 -0.0436
0.475 -0.237 -0.154 -0.0598 -0.0455
0.476 -0.239 -0.155 -0.0626 -0.0475
0.477 -0.241 -0.156 -0.0655 -0.0495
0.478 -0.244 -0.156 -0.0683 -0.0515
0.479 -0.246 -0.156 -0.0713 -0.0536
0.48 -0.248 -0.157 -0.0742 -0.0556
0.481 -0.25 -0.157 -0.0771 -0.0578
0.482 -0.253 -0.158 -0.0801 -0.0599
0.483 -0.255 -0.158 -0.0831 -0.0621
0.484 -0.257 -0.159 -0.0861 -0.0643
0.485 -0.26 -0.159 -0.0891 -0.0666
0.486 -0.262 -0.159 -0.0922 -0.0689
0.487 -0.264 -0.16 -0.0952 -0.0713
0.488 -0.266 -0.16 -0.0983 -0.0737
0.489 -0.269 -0.16 -0.101 -0.0761
0.49 -0.271 -0.16 -0.104 -0.0786
0.491 -0.273 -0.161 -0.108 -0.0812
0.492 -0.275 -0.161 -0.111 -0.0838
0.493 -0.278 -0.161 -0.114 -0.0864
0.494 -0.28 -0.161 -0.117 -0.0892
0.495 -0.282 -0.162 -0.12 -0.092
0.496 -0.284 -0.162 -0.123 -0.0948
0.497 -0.286 -0.162 -0.126 -0.0977
0.498 -0.288 -0.162 -0.129 -0.101
0.499 -0.291 -0.162 -0.132 -0.104
0.5 -0.0428 0.0879 0.114 0.143
0.501 -0.045 0.0878 0.111 0.14
0.502 -0.0471 0.0878 0.108 0.136
0.503 -0.0493 0.0877 0.105 0.133
0.504 -0.0514 0.0877 0.102 0.13
0.505 -0.0535 0.0877 0.0989 0.126
0.506 -0.0556 0.0877 0.0959 0.122
0.507 -0.0577 0.0877 0.0928 0.119
0.508 -0.0598 0.0878 0.0898 0.115
0.509 -0.0619 0.0878 0.0868 0.111
0.51 -0.064 0.0879 0.0838 0.107
0.511 -0.0661 0.088 0.0808 0.103
0.512 -0.0681 0.0881 0.0779 0.0986
0.513 -0.0702 0.0882 0.0749 0.0943
0.514 -0.0722 0.0883 0.072 0.0899
0.515 -0.0742 0.0885 0.0691 0.0854
0.516 -0.0763 0.0886 0.0663 0.0808
0.517 -0.0783 0.0888 0.0635 0.0761
0.518 -0.0803 0.089 0.0607 0.0714
0.519 -0.0823 0.0892 0.0579 0.0666
0.52 -0.0843 0.0894 0.0552 0.0617
0.521 -0.0862 0.0896 0.0525 0.0567
0.522 -0.0882 0.0898 0.0498 0.0517
0.523 -0.0901 0.0901 0.0472 0.0466
0.524 -0.0921 0.0903 0.0446 0.0414
0.525 -0.094 0.0906 0.042 0.0363
0.526 -0.096 0.0909 0.0395 0.0311
0.527 -0.0979 0.0911 0.037 0.0259
0.528 -0.0998 0.0914 0.0346 0.0207
0.529 -0.102 0.0917 0.0322 0.0155
0.53 -0.104 0.0921 0.0299 0.0103
0.531 -0.105 0.0924 0.0276 0.00522
0.532 -0.107 0.0927 0.0253 0.000162
0.533 -0.109 0.0931 0.0231 -0.00483
0.534 -0.111 0.0934 0.0209 -0.00972
0.535 -0.113 0.0938 0.0188 -0.0145
0.536 -0.115 0.0941 0.0168 -0.0192
0.537 -0.116 0.0945 0.0148 -0.0237
0.538 -0.118 0.0949 0.0128 -0.0281
0.539 -0.12 0.0952 0.0109 -0.0322
0.54 -0.122 0.0956 0.00907 -0.0362
0.541 -0.124 0.096 0.00728 -0.04
0.542 -0.125 0.0964 0.00554 -0.0436
0.543 -0.127 0.0968 0.00385 -0.0469
0.544 -0.129 0.0972 0.00222 -0.05
0.545 -0.13 0.0976 0.000647 -0.0528
0.546 -0.132 0.0981 -0.00087 -0.0554
0.547 -0.134 0.0985 -0.00233 -0.0576
0.548 -0.136 0.0989 -0.00373 -0.0596
0.549 -0.137 0.0993 -0.00508 -0.0614
0.55 -0.139 0.0997 -0.00636 -0.0628
0.551 -0.14 0.1 -0.00759 -0.064
0.552 -0.142 0.101 -0.00876 -0.0649
0.553 -0.144 0.101 -0.00987 -0.0655
0.554 -0.145 0.101 -0.0109 -0.0658
0.555 -0.147 0.102 -0.0119 -0.0659
0.556 -0.149 0.102 -0.0129 -0.0657
0.557 -0.15 0.103 -0.0137 -0.0653
0.558 -0.152 0.103 -0.0146 -0.0646
0.559 -0.153 0.104 -0.0153 -0.0638
0.56 -0.155 0.104 -0.016 -0.0627
0.561 -0.156 0.104 -0.0167 -0.0614
0.562 -0.158 0.105 -0.0172 -0.06
0.563 -0.159 0.105 -0.0178 -0.0584
0.564 -0.161 0.106 -0.0182 -0.0566
0.565 -0.162 0.106 -0.0187 -0.0547
0.566 -0.164 0.106 -0.019 -0.0527
0.567 -0.165 0.107 -0.0193 -0.0506
0.568 -0.166 0.107 -0.0196 -0.0484
0.569 -0.168 0.107 -0.0198 -0.0461
0.57 -0.169 0.108 -0.0199 -0.0437
0.571 -0.171 0.108 -0.02 -0.0413
0.572 -0.172 0.109 -0.0201 -0.0388
0.573 -0.173 0.109 -0.02 -0.0363
0.574 -0.175 0.109 -0.02 -0.0337
0.575 -0.176 0.11 -0.0199 -0.0312
0.576 -0.177 0.11 -0.0197 -0.0286
0.577 -0.179 0.11 -0.0195 -0.026
0.578 -0.18 0.11 -0.0193 -0.0235
0.579 -0.181 0.111 -0.019 -0.0209
0.58 -0.182 0.111 -0.0186 -0.0184
0.581 -0.184 0.111 -0.0183 -0.0159
0.582 -0.185 0.111 -0.0178 -0.0135
0.583 -0.186 0.112 -0.0174 -0.0111
0.584 -0.187 0.112 -0.0169 -0.00867
0.585 -0.189 0.112 -0.0163 -0.00633
0.586 -0.19 0.112 -0.0158 -0.00405
0.587 -0.191 0.112 -0.0152 -0.00182
0.588 -0.192 0.113 -0.0145 0.000363
0.589 -0.193 0.113 -0.0139 0.00248
0.59 -0.194 0.113 -0.0132 0.00454
0.591 -0.195 0.113 -0.0124 0.00654
0.592 -0.196 0.113 -0.0117 0.00847
0.593 -0.197 0.113 -0.0109 0.0103
0.594 -0.198 0.113 -0.0101 0.0121
0.595 -0.2 0.113 -0.00926 0.0139
0.596 -0.201 0.113 -0.00841 0.0155
0.597 -0.202 0.113 -0.00754 0.0171
0.598 -0.203 0.113 -0.00666 0.0186
0.599 -0.204 0.113 -0.00575 0.0201
0.6 -0.204 0.113 -0.00483 0.0215
0.601 -0.205 0.113 -0.0039 0.0228
0.602 -0.206 0.113 -0.00296 0.024
0.603 -0.207 0.113 -0.00201 0.0252
0.604 -0.208 0.113 -0.00105 0.0262
0.605 -0.209 0.112 -8.74e-05 0.0272
0.606 -0.21 0.112 0.000883 0.0282
0.607 -0.211 0.112 0.00186 0.029
0.608 -0.212 0.112 0.00283 0.0298
0.609 -0.212 0.111 0.00381 0.0305
0.61 -0.213 0.111 0.00478 0.0311
0.611 -0.214 0.111 0.00575 0.0316
0.612 -0.215 0.11 0.00671 0.0321
0.613 -0.216 0.11 0.00767 0.0325
0.614 -0.216 0.11 0.00862 0.0328
0.615 -0.217 0.109 0.00957 0.033
0.616 -0.218 0.109 0.0105 0.0331
0.617 -0.218 0.108 0.0114 0.0331
0.618 -0.219 0.108 0.0123 0.0331
0.619 -0.22 0.107 0.0132 0.033
0.62 -0.22 0.107 0.0141 0.0328
0.621 -0.221 0.106 0.0149 0.0325
0.622 -0.222 0.106 0.0158 0.0321
0.623 -0.222 0.105 0.0166 0.0317
0.624 -0.223 0.104 0.0174 0.0311
0.625 -0.223 0.104 0.0181 0.0305
0.626 -0.224 0.103 0.0189 0.0297
0.627 -0.224 0.102 0.0196 0.0289
0.628 -0.225 0.101 0.0203 0.028
0.629 -0.225 0.1 0.021 0.027
0.63 -0.226 0.0996 0.0216 0.0259
0.631 -0.226 0.0987 0.0222 0.0248
0.632 -0.227 0.0978 0.0228 0.0235
0.633 -0.227 0.0969 0.0233 0.0222
0.634 -0.228 0.0959 0.0238 0.0207
0.635 -0.228 0.0949 0.0243 0.0192
0.636 -0.228 0.0939 0.0247 0.0176
0.637 -0.229 0.0928 0.0251 0.0159
0.638 -0.229 0.0917 0.0255 0.0141
0.639 -0.229 0.0906 0.0258 0.0123
0.64 -0.23 0.0895 0.0261 0.0104
0.641 -0.23 0.0883 0.0264 0.00842
0.642 -0.23 0.0871 0.0266 0.00638
0.643 -0.231 0.0858 0.0268 0.00429
0.644 -0.231 0.0845 0.0269 0.00215
0.645 -0.231 0.0832 0.027 -2.74e-05
0.646 -0.231 0.0819 0.0271 -0.00224
0.647 -0.231 0.0805 0.0271 -0.00447
0.648 -0.232 0.0791 0.0271 -0.00672
0.649 -0.232 0.0776 0.027 -0.00898
0.65 -0.232 0.0762 0.0269 -0.0112
0.651 -0.232 0.0747 0.0267 -0.0134
0.652 -0.232 0.0731 0.0266 -0.0156
0.653 -0.232 0.0716 0.0263 -0.0178
0.654 -0.232 0.07 0.026 -0.0199
0.655 -0.232 0.0683 0.0257 -0.0219
0.656 -0.232 0.0667 0.0254 -0.0238
0.657 -0.232 0.065 0.025 -0.0257
0.658 -0.232 0.0632 0.0245 -0.0274
0.659 -0.232 0.0615 0.024 -0.029
0.66 -0.232 0.0597 0.0235 -0.0305
0.661 -0.232 0.0578 0.023 -0.0319
0.662 -0.232 0.056 0.0224 -0.0331
0.663 -0.232 0.0541 0.0217 -0.0341
0.664 -0.232 0.0522 0.021 -0.035
0.665 -0.232 0.0502 0.0203 -0.0357
0.666 -0.232 0.0483 0.0195 -0.0362
0.667 -0.232 0.0462 0.0187 -0.0366
0.668 -0.231 0.0442 0.0179 -0.0368
0.669 -0.231 0.0421 0.017 -0.0368
0.67 -0.231 0.04 0.0161 -0.0366
0.671 -0.231 0.0379 0.0152 -0.0363
0.672 -0.231 0.0357 0.0142 -0.0359
0.673 -0.23 0.0335 0.0132 -0.0352
0.674 -0.23 0.0313 0.0121 -0.0345
0.675 -0.23 0.0291 0.011 -0.0336
0.676 -0.229 0.0268 0.00991 -0.0326
0.677 -0.229 0.0245 0.00876 -0.0315
0.678 -0.229 0.0221 0.00758 -0.0302
0.679 -0.228 0.0198 0.00636 -0.0289
0.68 -0.228 0.0174 0.00512 -0.0275
0.681 -0.228 0.015 0.00385 -0.0261
0.682 -0.227 0.0125 0.00255 -0.0246
0.683 -0.227 0.01 0.00123 -0.023
0.684 -0.226 0.00753 -0.000128 -0.0215
0.685 -0.226 0.005 -0.00151 -0.0199
0.686 -0.225 0.00245 -0.00291 -0.0183
0.687 -0.225 -0.000133 -0.00434 -0.0166
0.688 -0.224 -0.00274 -0.00579 -0.015
0.689 -0.224 -0.00537 -0.00726 -0.0134
0.69 -0.223 -0.00803 -0.00875 -0.0118
0.691 -0.223 -0.0107 -0.0103 -0.0103
0.692 -0.222 -0.0134 -0.0118 -0.00877
0.693 -0.221 -0.0161 -0.0133 -0.00729
0.694 -0.221 -0.0189 -0.0149 -0.00586
0.695 -0.22 -0.0217 -0.0165 -0.00448
0.696 -0.219 -0.0245 -0.0181 -0.00315
0.697 -0.219 -0.0273 -0.0197 -0.00188
0.698 -0.218 -0.0301 -0.0214 -0.000669
0.699 -0.217 -0.033 -0.023 0.000473
0.7 -0.217 -0.0359 -0.0247 0.00155
0.701 -0.216 -0.0388 -0.0263 0.00255
0.702 -0.215 -0.0417 -0.028 0.00348
0.703 -0.214 -0.0446 -0.0297 0.00433
0.704 -0.213 -0.0476 -0.0314 0.00511
0.705 -0.213 -0.0506 -0.0331 0.0058
0.706 -0.212 -0.0536 -0.0348 0.00641
0.707 -0.211 -0.0566 -0.0365 0.00695
0.708 -0.21 -0.0596 -0.0383 0.00739
0.709 -0.209 -0.0627 -0.04 0.00775
0.71 -0.208 -0.0657 -0.0417 0.00802
0.711 -0.207 -0.0688 -0.0435 0.00821
0.712 -0.206 -0.0719 -0.0452 0.0083
0.713 -0.205 -0.075 -0.047 0.0083
0.714 -0.204 -0.0781 -0.0487 0.00821
0.715 -0.203 -0.0812 -0.0505 0.00802
0.716 -0.202 -0.0844 -0.0522 0.00774
0.717 -0.201 -0.0876 -0.054 0.00737
0.718 -0.2 -0.0907 -0.0558 0.00689
0.719 -0.199 -0.0939 -0.0575 0.00631
0.72 -0.198 -0.0971 -0.0593 0.00563
0.721 -0.197 -0.1 -0.061 0.00485
0.722 -0.196 -0.104 -0.0628 0.00396
0.723 -0.195 -0.107 -0.0645 0.00297
0.724 -0.194 -0.11 -0.0663 0.00187
0.725 -0.192 -0.113 -0.068 0.000652
0.726 -0.191 -0.116 -0.0698 -0.000676
0.727 -0.19 -0.12 -0.0715 -0.00212
0.728 -0.189 -0.123 -0.0733 -0.00368
0.729 -0.187 -0.126 -0.075 -0.00536
0.73 -0.186 -0.129 -0.0767 -0.00717
0.731 -0.185 -0.133 -0.0784 -0.0091
0.732 -0.184 -0.136 -0.0802 -0.0112
0.733 -0.182 -0.139 -0.0819 -0.0133
0.734 -0.181 -0.143 -0.0836 -0.0157
0.735 -0.18 -0.146 -0.0853 -0.0181
0.736 -0.178 -0.149 -0.087 -0.0207
0.737 -0.177 -0.152 -0.0887 -0.0235
0.738 -0.175 -0.156 -0.0904 -0.0263
0.739 -0.174 -0.159 -0.092 -0.0294
0.74 -0.173 -0.162 -0.0937 -0.0326
0.741 -0.171 -0.166 -0.0954 -0.0359
0.742 -0.17 -0.169 -0.0971 -0.0394
0.743 -0.168 -0.172 -0.0987 -0.043
0.744 -0.167 -0.175 -0.1 -0.0469
0.745 -0.165 -0.179 -0.102 -0.0508
0.746 -0.164 -0.182 -0.104 -0.055
0.747 -0.162 -0.185 -0.105 -0.0593
0.748 -0.16 -0.188 -0.107 -0.0638
0.749 -0.159 -0.192 -0.109 -0.0685
0.75 0.0928 0.0551 0.14 0.177
0.751 0.0944 0.0518 0.138 0.172
0.752 0.096 0.0486 0.137 0.167
0.753 0.0977 0.0454 0.135 0.161
0.754 0.0994 0.0422 0.133 0.156
0.755 0.101 0.039 0.132 0.15
0.756 0.103 0.0358 0.13 0.144
0.757 0.104 0.0327 0.129 0.138
0.758 0.106 0.0295 0.127 0.132
0.759 0.108 0.0264 0.125 0.126
0.76 0.11 0.0232 0.124 0.119
0.761 0.112 0.0201 0.122 0.112
0.762 0.113 0.017 0.121 0.106
0.763 0.115 0.0139 0.119 0.0988
0.764 0.117 0.0109 0.117 0.0918
0.765 0.119 0.00783 0.116 0.0847
0.766 0.121 0.0048 0.114 0.0776
0.767 0.123 0.00179 0.113 0.0703
0.768 0.125 -0.0012 0.111 0.0631
0.769 0.127 -0.00418 0.109 0.0557
0.77 0.128 -0.00713 0.108 0.0484
0.771 0.13 -0.0101 0.106 0.0411
0.772 0.132 -0.013 0.105 0.0338
0.773 0.134 -0.0159 0.103 0.0265
0.774 0.136 -0.0187 0.101 0.0193
0.775 0.138 -0.0216 0.0998 0.0122
0.776 0.14 -0.0244 0.0981 0.00525
0.777 0.143 -0.0272 0.0965 -0.00158
0.778 0.145 -0.0299 0.0949 -0.00824
0.779 0.147 -0.0327 0.0933 -0.0147
0.78 0.149 -0.0354 0.0916 -0.021
0.781 0.151 -0.0381 0.09 -0.027
0.782 0.153 -0.0408 0.0884 -0.0327
0.783 0.155 -0.0434 0.0867 -0.0382
0.784 0.157 -0.046 0.085 -0.0434
0.785 0.16 -0.0486 0.0834 -0.0483
0.786 0.162 -0.0511 0.0817 -0.0528
0.787 0.164 -0.0536 0.08 -0.057
0.788 0.166 -0.0561 0.0783 -0.0609
0.789 0.168 -0.0585 0.0766 -0.0644
0.79 0.171 -0.0609 0.0749 -0.0675
0.791 0.173 -0.0633 0.0732 -0.0702
0.792 0.175 -0.0657 0.0715 -0.0726
0.793 0.178 -0.068 0.0697 -0.0746
0.794 0.18 -0.0703 0.068 -0.0762
0.795 0.182 -0.0725 0.0662 -0.0775
0.796 0.185 -0.0747 0.0644 -0.0784
0.797 0.187 -0.0769 0.0627 -0.0789
0.798 0.189 -0.079 0.0609 -0.0791
0.799 0.192 -0.0811 0.0591 -0.079
0.8 0.194 -0.0831 0.0572 -0.0786
0.801 0.197 -0.0851 0.0554 -0.0778
0.802 0.199 -0.0871 0.0536 -0.0768
0.803 0.201 -0.089 0.0517 -0.0755
0.804 0.204 -0.0909 0.0499 -0.074
0.805 0.206 -0.0928 0.048 -0.0722
0.806 0.209 -0.0946 0.0461 -0.0702
0.807 0.211 -0.0963 0.0442 -0.0681
0.808 0.214 -0.098 0.0423 -0.0657
0.809 0.216 -0.0997 0.0404 -0.0632
0.81 0.219 -0.101 0.0384 -0.0605
0.811 0.222 -0.103 0.0365 -0.0577
0.812 0.224 -0.104 0.0345 -0.0548
0.813 0.227 -0.106 0.0325 -0.0518
0.814 0.229 -0.107 0.0305 -0.0487
0.815 0.232 -0.109 0.0285 -0.0455
0.816 0.235 -0.11 0.0265 -0.0423
0.817 0.237 -0.111 0.0245 -0.039
0.818 0.24 -0.113 0.0225 -0.0357
0.819 0.243 -0.114 0.0204 -0.0323
0.82 0.245 -0.115 0.0184 -0.029
0.821 0.248 -0.116 0.0163 -0.0256
0.822 0.251 -0.117 0.0142 -0.0223
0.823 0.254 -0.118 0.0121 -0.019
0.824 0.256 -0.119 0.01 -0.0157
0.825 0.259 -0.12 0.00791 -0.0124
0.826 0.262 -0.121 0.00579 -0.00914
0.827 0.265 -0.122 0.00366 -0.00594
0.828 0.268 -0.122 0.00152 -0.00279
0.829 0.27 -0.123 -0.000619 0.000307
0.83 0.273 -0.123 -0.00277 0.00335
0.831 0.276 -0.124 -0.00493 0.00632
0.832 0.279 -0.125 -0.00709 0.00923
0.833 0.282 -0.125 -0.00926 0.0121
0.834 0.285 -0.125 -0.0114 0.0148
0.835 0.288 -0.126 -0.0136 0.0175
0.836 0.29 -0.126 -0.0158 0.0201
0.837 0.293 -0.126 -0.018 0.0227
0.838 0.296 -0.126 -0.0201 0.0251
0.839 0.299 -0.126 -0.0223 0.0275
0.84 0.302 -0.126 -0.0245 0.0298
0.841 0.305 -0.126 -0.0267 0.0319
0.842 0.308 -0.126 -0.0289 0.034
0.843 0.311 -0.126 -0.0311 0.036
0.844 0.314 -0.126 -0.0332 0.0379
0.845 0.317 -0.125 -0.0354 0.0397
0.846 0.32 -0.125 -0.0375 0.0414
0.847 0.323 -0.125 -0.0397 0.0431
0.848 0.327 -0.124 -0.0418 0.0446
0.849 0.33 -0.123 -0.044 0.046
0.85 0.333 -0.123 -0.0461 0.0473
0.851 0.336 -0.122 -0.0482 0.0485
0.852 0.339 -0.121 -0.0503 0.0496
0.853 0.342 -0.121 -0.0524 0.0505
0.854 0.345 -0.12 -0.0544 0.0514
0.855 0.348 -0.119 -0.0565 0.0522
0.856 0.352 -0.118 -0.0585 0.0528
0.857 0.355 -0.116 -0.0605 0.0533
0.858 0.358 -0.115 -0.0625 0.0537
0.859 0.361 -0.114 -0.0644 0.054
0.86 0.364 -0.113 -0.0663 0.0542
0.861 0.368 -0.111 -0.0682 0.0542
0.862 0.371 -0.11 -0.0701 0.0542
0.863 0.374 -0.108 -0.0719 0.0539
0.864 0.377 -0.107 -0.0737 0.0536
0.865 0.381 -0.105 -0.0755 0.0531
0.866 0.384 -0.103 -0.0772 0.0525
0.867 0.387 -0.101 -0.0789 0.0517
0.868 0.39 -0.0994 -0.0805 0.0508
0.869 0.394 -0.0974 -0.0821 0.0498
0.87 0.397 -0.0954 -0.0837 0.0486
0.871 0.4 -0.0932 -0.0852 0.0472
0.872 0.404 -0.091 -0.0866 0.0457
0.873 0.407 -0.0887 -0.088 0.0441
0.874 0.41 -0.0863 -0.0894 0.0423
0.875 0.414 -0.0839 -0.0907 0.0403
0.876 0.417 -0.0814 -0.0919 0.0381
0.877 0.421 -0.0787 -0.093 0.0358
0.878 0.424 -0.0761 -0.0941 0.0333
0.879 0.427 -0.0733 -0.0952 0.0306
0.88 0.431 -0.0704 -0.0961 0.0278
0.881 0.434 -0.0675 -0.097 0.0248
0.882 0.438 -0.0645 -0.0978 0.0216
0.883 0.441 -0.0614 -0.0986 0.0182
0.884 0.445 -0.0583 -0.0992 0.0146
0.885 0.448 -0.055 -0.0998 0.0109
0.886 0.452 -0.0517 -0.1 0.00697
0.887 0.455 -0.0483 -0.101 0.00288
0.888 0.459 -0.0448 -0.101 -0.00138
0.889 0.462 -0.0412 -0.101 -0.0058
0.89 0.466 -0.0376 -0.101 -0.0104
0.891 0.469 -0.0338 -0.101 -0.0151
0.892 0.473 -0.03 -0.101 -0.02
0.893 0.476 -0.0261 -0.101 -0.025
0.894 0.48 -0.0221 -0.101 -0.0302
0.895 0.484 -0.018 -0.1 -0.0355
0.896 0.487 -0.0139 -0.0997 -0.0408
0.897 0.491 -0.00963 -0.0991 -0.0463
0.898 0.494 -0.00531 -0.0983 -0.0518
0.899 0.498 -0.000901 -0.0974 -0.0574
0.9 0.502 0.00359 -0.0964 -0.063
0.901 0.505 0.00817 -0.0952 -0.0686
0.902 0.509 0.0128 -0.0939 -0.0742
0.903 0.512 0.0176 -0.0925 -0.0798
0.904 0.516 0.0224 -0.0909 -0.0853
0.905 0.52 0.0273 -0.0892 -0.0907
0.906 0.523 0.0323 -0.0874 -0.096
0.907 0.527 0.0374 -0.0854 -0.101
0.908 0.531 0.0426 -0.0832 -0.106
0.909 0.535 0.0479 -0.0809 -0.111
0.91 0.538 0.0532 -0.0784 -0.116
0.911 0.542 0.0587 -0.0758 -0.12
0.912 0.546 0.0642 -0.073 -0.124
0.913 0.549 0.0698 -0.0701 -0.128
0.914 0.553 0.0755 -0.0669 -0.131
0.915 0.557 0.0813 -0.0637 -0.134
0.916 0.561 0.0871 -0.0602 -0.137
0.917 0.564 0.0931 -0.0565 -0.139
0.918 0.568 0.0991 -0.0527 -0.141
0.919 0.572 0.105 -0.0487 -0.143
0.92 0.576 0.111 -0.0445 -0.144
0.921 0.579 0.118 -0.0401 -0.145
0.922 0.583 0.124 -0.0355 -0.145
0.923 0.587 0.131 -0.0308 -0.145
0.924 0.591 0.137 -0.0258 -0.145
0.925 0.595 0.144 -0.0206 -0.144
0.926 0.598 0.151 -0.0153 -0.142
0.927 0.602 0.157 -0.00972 -0.141
0.928 0.606 0.164 -0.00395 -0.139
0.929 0.61 0.171 0.00203 -0.136
0.93 0.614 0.178 0.00821 -0.133
0.931 0.618 0.185 0.0146 -0.13
0.932 0.622 0.193 0.0212 -0.126
0.933 0.625 0.2 0.028 -0.122
0.934 0.629 0.207 0.0351 -0.118
0.935 0.633 0.215 0.0423 -0.114
0.936 0.637 0.222 0.0498 -0.109
0.937 0.641 0.23 0.0575 -0.104
0.938 0.645 0.238 0.0654 -0.0981
0.939 0.649 0.246 0.0735 -0.0924
0.94 0.653 0.254 0.0819 -0.0864
0.941 0.656 0.262 0.0904 -0.0801
0.942 0.66 0.27 0.0992 -0.0737
0.943 0.664 0.278 0.108 -0.0669
0.944 0.668 0.286 0.117 -0.06
0.945 0.672 0.294 0.127 -0.0528
0.946 0.676 0.303 0.137 -0.0454
0.947 0.68 0.311 0.147 -0.0378
0.948 0.684 0.32 0.157 -0.03
0.949 0.688 0.328 0.167 -0.022
0.95 0.692 0.337 0.178 -0.0137
0.951 0.696 0.346 0.188 -0.00525
0.952 0.7 0.355 0.199 0.00342
0.953 0.704 0.364 0.211 0.0123
0.954 0.708 0.373 0.222 0.0214
0.955 0.712 0.382 0.234 0.0308
0.956 0.716 0.391 0.246 0.0403
0.957 0.72 0.4 0.258 0.0501
0.958 0.724 0.409 0.27 0.0602
0.959 0.728 0.419 0.283 0.0705
0.96 0.732 0.428 0.295 0.081
0.961 0.736 0.438 0.308 0.0918
0.962 0.74 0.447 0.321 0.103
0.963 0.744 0.457 0.335 0.114
0.964 0.748 0.467 0.348 0.126
0.965 0.752 0.477 0.362 0.138
0.966 0.756 0.486 0.376 0.15
0.967 0.76 0.496 0.39 0.163
0.968 0.764 0.506 0.404 0.176
0.969 0.768 0.516 0.418 0.189
0.97 0.772 0.527 0.433 0.203
0.971 0.776 0.537 0.448 0.217
0.972 0.78 0.547 0.463 0.231
0.973 0.784 0.557 0.478 0.246
0.974 0.788 0.568 0.493 0.261
0.975 0.792 0.578 0.508 0.277
0.976 0.796 0.588 0.524 0.293
0.977 0.8 0.599 0.539 0.31
0.978 0.804 0.61 0.555 0.327
0.979 0.808 0.62 0.571 0.344
0.98 0.812 0.631 0.587 0.363
0.981 0.816 0.642 0.603 0.381
0.982 0.82 0.652 0.619 0.4
0.983 0.824 0.663 0.635 0.42
0.984 0.829 0.674 0.652 0.441
0.985 0.833 0.685 0.668 0.461
0.986 0.837 0.696 0.685 0.483
0.987 0.841 0.707 0.702 0.505
0.988 0.845 0.718 0.718 0.528
0.989 0.849 0.729 0.735 0.551
0.99 0.853 0.74 0.752 0.575
0.991 0.857 0.751 0.769 0.6
0.992 0.861 0.763 0.786 0.625
0.993 0.865 0.774 0.803 0.651
0.994 0.869 0.785 0.82 0.678
0.995 0.873 0.797 0.837 0.705
0.996 0.877 0.808 0.854 0.733
0.997 0.882 0.819 0.871 0.762
0.998 0.886 0.831 0.888 0.791
0.999 0.89 0.842 0.905 0.821
1 1.14 1.1 1.17 1.1
