      
-1 0.249 0.0692 -0.114 0.014 0.11 0.068
-0.999 0.243 0.0621 -0.101 0.0107 0.0719 0.0354
-0.998 0.238 0.0552 -0.09 0.00741 0.0431 0.0144
-0.997 0.233 0.0485 -0.0799 0.00418 0.021 0.000144
-0.996 0.227 0.042 -0.071 0.001 0.00383 -0.00988
-0.995 0.222 0.0356 -0.063 -0.00213 -0.00963 -0.0171
-0.994 0.217 0.0295 -0.0558 -0.00521 -0.0202 -0.0223
-0.993 0.212 0.0234 -0.0494 -0.00825 -0.0286 -0.0261
-0.992 0.206 0.0176 -0.0438 -0.0112 -0.0351 -0.0289
-0.991 0.201 0.0119 -0.0388 -0.0142 -0.0402 -0.0309
-0.99 0.196 0.00634 -0.0345 -0.017 -0.0442 -0.0323
-0.989 0.191 0.000948 -0.0307 -0.0199 -0.0472 -0.0333
-0.988 0.186 -0.00431 -0.0274 -0.0227 -0.0495 -0.034
-0.987 0.18 -0.00942 -0.0246 -0.0254 -0.0511 -0.0344
-0.986 0.175 -0.0144 -0.0222 -0.0281 -0.0522 -0.0348
-0.985 0.17 -0.0193 -0.0203 -0.0307 -0.0529 -0.035
-0.984 0.165 -0.024 -0.0188 -0.0333 -0.0533 -0.0353
-0.983 0.16 -0.0286 -0.0176 -0.0358 -0.0534 -0.0356
-0.982 0.155 -0.0331 -0.0167 -0.0383 -0.0533 -0.0359
-0.981 0.15 -0.0374 -0.0161 -0.0408 -0.0531 -0.0364
-0.98 0.145 -0.0417 -0.0159 -0.0432 -0.0528 -0.037
-0.979 0.14 -0.0458 -0.0159 -0.0456 -0.0524 -0.0377
-0.978 0.135 -0.0499 -0.0161 -0.0479 -0.052 -0.0386
-0.977 0.13 -0.0538 -0.0166 -0.0502 -0.0517 -0.0396
-0.976 0.125 -0.0577 -0.0173 -0.0524 -0.0513 -0.0408
-0.975 0.12 -0.0614 -0.0182 -0.0546 -0.0511 -0.0422
-0.974 0.115 -0.0651 -0.0193 -0.0568 -0.0509 -0.0437
-0.973 0.11 -0.0686 -0.0205 -0.059 -0.0508 -0.0454
-0.972 0.105 -0.0721 -0.0219 -0.0611 -0.0509 -0.0473
-0.971 0.1 -0.0755 -0.0235 -0.0632 -0.0511 -0.0492
-0.97 0.0951 -0.0788 -0.0252 -0.0652 -0.0514 -0.0513
-0.969 0.0902 -0.082 -0.0271 -0.0672 -0.0518 -0.0536
-0.968 0.0854 -0.0851 -0.029 -0.0692 -0.0524 -0.0559
-0.967 0.0805 -0.0882 -0.0311 -0.0712 -0.0532 -0.0583
-0.966 0.0757 -0.0912 -0.0333 -0.0731 -0.0541 -0.0608
-0.965 0.0709 -0.0941 -0.0356 -0.075 -0.0552 -0.0634
-0.964 0.0661 -0.097 -0.038 -0.0769 -0.0564 -0.066
-0.963 0.0613 -0.0998 -0.0405 -0.0788 -0.0578 -0.0686
-0.962 0.0565 -0.102 -0.0431 -0.0806 -0.0593 -0.0713
-0.961 0.0517 -0.105 -0.0457 -0.0825 -0.061 -0.074
-0.96 0.047 -0.108 -0.0484 -0.0843 -0.0628 -0.0767
-0.959 0.0422 -0.11 -0.0512 -0.0861 -0.0647 -0.0794
-0.958 0.0375 -0.113 -0.054 -0.0878 -0.0668 -0.0821
-0.957 0.0328 -0.115 -0.0569 -0.0896 -0.069 -0.0848
-0.956 0.0281 -0.118 -0.0598 -0.0914 -0.0713 -0.0874
-0.955 0.0235 -0.12 -0.0628 -0.0931 -0.0737 -0.0901
-0.954 0.0188 -0.122 -0.0658 -0.0948 -0.0762 -0.0927
-0.953 0.0142 -0.124 -0.0689 -0.0965 -0.0788 -0.0952
-0.952 0.00953 -0.127 -0.0719 -0.0983 -0.0815 -0.0978
-0.951 0.00492 -0.129 -0.0751 -0.1 -0.0842 -0.1
-0.95 0.00032 -0.131 -0.0782 -0.102 -0.087 -0.103
-0.949 -0.00426 -0.133 -0.0814 -0.103 -0.0899 -0.105
-0.948 -0.00883 -0.135 -0.0846 -0.105 -0.0928 -0.108
-0.947 -0.0134 -0.137 -0.0878 -0.107 -0.0958 -0.11
-0.946 -0.0179 -0.139 -0.091 -0.108 -0.0988 -0.112
-0.945 -0.0225 -0.141 -0.0942 -0.11 -0.102 -0.114
-0.944 -0.027 -0.142 -0.0975 -0.112 -0.105 -0.117
-0.943 -0.0315 -0.144 -0.101 -0.113 -0.108 -0.119
-0.942 -0.0359 -0.146 -0.104 -0.115 -0.111 -0.121
-0.941 -0.0404 -0.148 -0.107 -0.117 -0.114 -0.123
-0.94 -0.0449 -0.149 -0.111 -0.118 -0.117 -0.125
-0.939 -0.0493 -0.151 -0.114 -0.12 -0.12 -0.127
-0.938 -0.0537 -0.153 -0.117 -0.122 -0.123 -0.129
-0.937 -0.0581 -0.154 -0.12 -0.124 -0.126 -0.131
-0.936 -0.0625 -0.156 -0.124 -0.125 -0.129 -0.133
-0.935 -0.0669 -0.158 -0.127 -0.127 -0.132 -0.135
-0.934 -0.0713 -0.159 -0.13 -0.129 -0.135 -0.136
-0.933 -0.0756 -0.161 -0.133 -0.13 -0.138 -0.138
-0.932 -0.08 -0.162 -0.136 -0.132 -0.141 -0.14
-0.931 -0.0843 -0.164 -0.14 -0.134 -0.143 -0.142
-0.93 -0.0886 -0.165 -0.143 -0.136 -0.146 -0.143
-0.929 -0.0929 -0.167 -0.146 -0.137 -0.149 -0.145
-0.928 -0.0971 -0.168 -0.149 -0.139 -0.152 -0.147
-0.927 -0.101 -0.169 -0.152 -0.141 -0.154 -0.149
-0.926 -0.106 -0.171 -0.155 -0.143 -0.157 -0.15
-0.925 -0.11 -0.172 -0.158 -0.145 -0.159 -0.152
-0.924 -0.114 -0.174 -0.161 -0.146 -0.162 -0.154
-0.923 -0.118 -0.175 -0.165 -0.148 -0.164 -0.155
-0.922 -0.123 -0.176 -0.168 -0.15 -0.167 -0.157
-0.921 -0.127 -0.178 -0.171 -0.152 -0.169 -0.159
-0.92 -0.131 -0.179 -0.173 -0.154 -0.171 -0.16
-0.919 -0.135 -0.18 -0.176 -0.156 -0.173 -0.162
-0.918 -0.139 -0.181 -0.179 -0.158 -0.176 -0.163
-0.917 -0.143 -0.183 -0.182 -0.16 -0.178 -0.165
-0.916 -0.147 -0.184 -0.185 -0.162 -0.18 -0.167
-0.915 -0.151 -0.185 -0.188 -0.163 -0.182 -0.168
-0.914 -0.156 -0.186 -0.191 -0.165 -0.184 -0.17
-0.913 -0.16 -0.188 -0.194 -0.167 -0.186 -0.172
-0.912 -0.164 -0.189 -0.196 -0.169 -0.188 -0.174
-0.911 -0.168 -0.19 -0.199 -0.171 -0.19 -0.175
-0.91 -0.172 -0.191 -0.202 -0.173 -0.192 -0.177
-0.909 -0.176 -0.193 -0.204 -0.175 -0.193 -0.179
-0.908 -0.18 -0.194 -0.207 -0.177 -0.195 -0.181
-0.907 -0.184 -0.195 -0.21 -0.179 -0.197 -0.182
-0.906 -0.188 -0.196 -0.212 -0.181 -0.199 -0.184
-0.905 -0.192 -0.197 -0.215 -0.184 -0.2 -0.186
-0.904 -0.195 -0.199 -0.217 -0.186 -0.202 -0.188
-0.903 -0.199 -0.2 -0.22 -0.188 -0.204 -0.19
-0.902 -0.203 -0.201 -0.222 -0.19 -0.205 -0.192
-0.901 -0.207 -0.202 -0.224 -0.192 -0.207 -0.194
-0.9 -0.211 -0.203 -0.227 -0.194 -0.208 -0.195
-0.899 -0.215 -0.204 -0.229 -0.196 -0.21 -0.197
-0.898 -0.219 -0.206 -0.231 -0.198 -0.211 -0.199
-0.897 -0.223 -0.207 -0.234 -0.2 -0.213 -0.201
-0.896 -0.226 -0.208 -0.236 -0.203 -0.214 -0.203
-0.895 -0.23 -0.209 -0.238 -0.205 -0.216 -0.205
-0.894 -0.234 -0.21 -0.24 -0.207 -0.217 -0.207
-0.893 -0.238 -0.212 -0.242 -0.209 -0.218 -0.209
-0.892 -0.242 -0.213 -0.245 -0.211 -0.22 -0.212
-0.891 -0.245 -0.214 -0.247 -0.214 -0.221 -0.214
-0.89 -0.249 -0.215 -0.249 -0.216 -0.223 -0.216
-0.889 -0.253 -0.216 -0.251 -0.218 -0.224 -0.218
-0.888 -0.256 -0.218 -0.253 -0.22 -0.225 -0.22
-0.887 -0.26 -0.219 -0.255 -0.222 -0.227 -0.222
-0.886 -0.264 -0.22 -0.257 -0.225 -0.228 -0.224
-0.885 -0.268 -0.221 -0.259 -0.227 -0.23 -0.226
-0.884 -0.271 -0.223 -0.26 -0.229 -0.231 -0.228
-0.883 -0.275 -0.224 -0.262 -0.231 -0.232 -0.231
-0.882 -0.278 -0.225 -0.264 -0.234 -0.234 -0.233
-0.881 -0.282 -0.226 -0.266 -0.236 -0.235 -0.235
-0.88 -0.286 -0.228 -0.268 -0.238 -0.237 -0.237
-0.879 -0.289 -0.229 -0.269 -0.24 -0.238 -0.239
-0.878 -0.293 -0.23 -0.271 -0.243 -0.24 -0.242
-0.877 -0.296 -0.231 -0.273 -0.245 -0.241 -0.244
-0.876 -0.3 -0.233 -0.275 -0.247 -0.242 -0.246
-0.875 -0.303 -0.234 -0.276 -0.249 -0.244 -0.248
-0.874 -0.307 -0.235 -0.278 -0.252 -0.245 -0.25
-0.873 -0.31 -0.237 -0.279 -0.254 -0.247 -0.253
-0.872 -0.314 -0.238 -0.281 -0.256 -0.249 -0.255
-0.871 -0.317 -0.239 -0.282 -0.258 -0.25 -0.257
-0.87 -0.321 -0.241 -0.284 -0.261 -0.252 -0.259
-0.869 -0.324 -0.242 -0.286 -0.263 -0.253 -0.261
-0.868 -0.328 -0.243 -0.287 -0.265 -0.255 -0.264
-0.867 -0.331 -0.245 -0.288 -0.267 -0.257 -0.266
-0.866 -0.335 -0.246 -0.29 -0.27 -0.258 -0.268
-0.865 -0.338 -0.248 -0.291 -0.272 -0.26 -0.27
-0.864 -0.341 -0.249 -0.293 -0.274 -0.262 -0.272
-0.863 -0.345 -0.25 -0.294 -0.276 -0.264 -0.275
-0.862 -0.348 -0.252 -0.295 -0.279 -0.265 -0.277
-0.861 -0.351 -0.253 -0.297 -0.281 -0.267 -0.279
-0.86 -0.355 -0.255 -0.298 -0.283 -0.269 -0.281
-0.859 -0.358 -0.256 -0.299 -0.285 -0.271 -0.283
-0.858 -0.361 -0.258 -0.301 -0.287 -0.273 -0.285
-0.857 -0.365 -0.259 -0.302 -0.29 -0.275 -0.287
-0.856 -0.368 -0.261 -0.303 -0.292 -0.277 -0.29
-0.855 -0.371 -0.262 -0.305 -0.294 -0.279 -0.292
-0.854 -0.374 -0.264 -0.306 -0.296 -0.281 -0.294
-0.853 -0.378 -0.265 -0.307 -0.299 -0.283 -0.296
-0.852 -0.381 -0.267 -0.308 -0.301 -0.285 -0.298
-0.851 -0.384 -0.268 -0.31 -0.303 -0.287 -0.3
-0.85 -0.387 -0.27 -0.311 -0.305 -0.289 -0.302
-0.849 -0.39 -0.272 -0.312 -0.307 -0.291 -0.304
-0.848 -0.394 -0.273 -0.313 -0.309 -0.293 -0.306
-0.847 -0.397 -0.275 -0.314 -0.312 -0.295 -0.308
-0.846 -0.4 -0.276 -0.316 -0.314 -0.298 -0.311
-0.845 -0.403 -0.278 -0.317 -0.316 -0.3 -0.313
-0.844 -0.406 -0.28 -0.318 -0.318 -0.302 -0.315
-0.843 -0.409 -0.281 -0.319 -0.32 -0.304 -0.317
-0.842 -0.412 -0.283 -0.32 -0.322 -0.306 -0.319
-0.841 -0.415 -0.285 -0.321 -0.324 -0.309 -0.321
-0.84 -0.418 -0.287 -0.323 -0.326 -0.311 -0.323
-0.839 -0.421 -0.288 -0.324 -0.329 -0.313 -0.325
-0.838 -0.424 -0.29 -0.325 -0.331 -0.316 -0.327
-0.837 -0.427 -0.292 -0.326 -0.333 -0.318 -0.329
-0.836 -0.43 -0.294 -0.327 -0.335 -0.32 -0.331
-0.835 -0.433 -0.295 -0.328 -0.337 -0.323 -0.333
-0.834 -0.436 -0.297 -0.329 -0.339 -0.325 -0.335
-0.833 -0.439 -0.299 -0.331 -0.341 -0.327 -0.337
-0.832 -0.442 -0.301 -0.332 -0.343 -0.33 -0.339
-0.831 -0.445 -0.303 -0.333 -0.345 -0.332 -0.341
-0.83 -0.448 -0.304 -0.334 -0.347 -0.335 -0.343
-0.829 -0.451 -0.306 -0.335 -0.349 -0.337 -0.345
-0.828 -0.454 -0.308 -0.336 -0.351 -0.34 -0.347
-0.827 -0.457 -0.31 -0.338 -0.353 -0.342 -0.349
-0.826 -0.46 -0.312 -0.339 -0.355 -0.344 -0.35
-0.825 -0.463 -0.314 -0.34 -0.357 -0.347 -0.352
-0.824 -0.465 -0.316 -0.341 -0.359 -0.349 -0.354
-0.823 -0.468 -0.318 -0.342 -0.361 -0.352 -0.356
-0.822 -0.471 -0.32 -0.344 -0.363 -0.354 -0.358
-0.821 -0.474 -0.322 -0.345 -0.365 -0.357 -0.36
-0.82 -0.477 -0.324 -0.346 -0.367 -0.359 -0.362
-0.819 -0.48 -0.326 -0.347 -0.369 -0.361 -0.364
-0.818 -0.482 -0.328 -0.349 -0.371 -0.364 -0.366
-0.817 -0.485 -0.33 -0.35 -0.373 -0.366 -0.368
-0.816 -0.488 -0.332 -0.351 -0.375 -0.369 -0.37
-0.815 -0.491 -0.334 -0.352 -0.377 -0.371 -0.372
-0.814 -0.493 -0.336 -0.354 -0.379 -0.373 -0.374
-0.813 -0.496 -0.338 -0.355 -0.381 -0.376 -0.375
-0.812 -0.499 -0.34 -0.356 -0.382 -0.378 -0.377
-0.811 -0.501 -0.342 -0.358 -0.384 -0.381 -0.379
-0.81 -0.504 -0.345 -0.359 -0.386 -0.383 -0.381
-0.809 -0.507 -0.347 -0.36 -0.388 -0.385 -0.383
-0.808 -0.509 -0.349 -0.362 -0.39 -0.388 -0.385
-0.807 -0.512 -0.351 -0.363 -0.392 -0.39 -0.387
-0.806 -0.515 -0.353 -0.364 -0.394 -0.392 -0.389
-0.805 -0.517 -0.355 -0.366 -0.396 -0.395 -0.391
-0.804 -0.52 -0.358 -0.367 -0.397 -0.397 -0.392
-0.803 -0.522 -0.36 -0.369 -0.399 -0.399 -0.394
-0.802 -0.525 -0.362 -0.37 -0.401 -0.402 -0.396
-0.801 -0.527 -0.364 -0.372 -0.403 -0.404 -0.398
-0.8 -0.53 -0.367 -0.373 -0.405 -0.406 -0.4
-0.799 -0.532 -0.369 -0.375 -0.407 -0.409 -0.402
-0.798 -0.535 -0.371 -0.376 -0.408 -0.411 -0.404
-0.797 -0.538 -0.373 -0.378 -0.41 -0.413 -0.406
-0.796 -0.54 -0.376 -0.379 -0.412 -0.415 -0.408
-0.795 -0.542 -0.378 -0.381 -0.414 -0.417 -0.41
-0.794 -0.545 -0.38 -0.382 -0.416 -0.42 -0.411
-0.793 -0.547 -0.383 -0.384 -0.418 -0.422 -0.413
-0.792 -0.55 -0.385 -0.386 -0.419 -0.424 -0.415
-0.791 -0.552 -0.388 -0.387 -0.421 -0.426 -0.417
-0.79 -0.555 -0.39 -0.389 -0.423 -0.428 -0.419
-0.789 -0.557 -0.392 -0.391 -0.425 -0.43 -0.421
-0.788 -0.559 -0.395 -0.392 -0.426 -0.432 -0.423
-0.787 -0.562 -0.397 -0.394 -0.428 -0.435 -0.425
-0.786 -0.564 -0.4 -0.396 -0.43 -0.437 -0.427
-0.785 -0.567 -0.402 -0.398 -0.432 -0.439 -0.429
-0.784 -0.569 -0.404 -0.399 -0.434 -0.441 -0.431
-0.783 -0.571 -0.407 -0.401 -0.435 -0.443 -0.432
-0.782 -0.574 -0.409 -0.403 -0.437 -0.445 -0.434
-0.781 -0.576 -0.412 -0.405 -0.439 -0.447 -0.436
-0.78 -0.578 -0.414 -0.407 -0.441 -0.449 -0.438
-0.779 -0.58 -0.417 -0.409 -0.442 -0.451 -0.44
-0.778 -0.583 -0.419 -0.41 -0.444 -0.453 -0.442
-0.777 -0.585 -0.422 -0.412 -0.446 -0.455 -0.444
-0.776 -0.587 -0.424 -0.414 -0.448 -0.457 -0.446
-0.775 -0.589 -0.427 -0.416 -0.449 -0.459 -0.448
-0.774 -0.592 -0.429 -0.418 -0.451 -0.461 -0.45
-0.773 -0.594 -0.432 -0.42 -0.453 -0.463 -0.452
-0.772 -0.596 -0.435 -0.422 -0.455 -0.464 -0.454
-0.771 -0.598 -0.437 -0.424 -0.457 -0.466 -0.456
-0.77 -0.6 -0.44 -0.426 -0.458 -0.468 -0.458
-0.769 -0.603 -0.442 -0.428 -0.46 -0.47 -0.46
-0.768 -0.605 -0.445 -0.43 -0.462 -0.472 -0.462
-0.767 -0.607 -0.448 -0.432 -0.464 -0.474 -0.464
-0.766 -0.609 -0.45 -0.434 -0.465 -0.476 -0.466
-0.765 -0.611 -0.453 -0.437 -0.467 -0.478 -0.468
-0.764 -0.613 -0.455 -0.439 -0.469 -0.479 -0.47
-0.763 -0.615 -0.458 -0.441 -0.471 -0.481 -0.472
-0.762 -0.617 -0.461 -0.443 -0.472 -0.483 -0.474
-0.761 -0.619 -0.463 -0.445 -0.474 -0.485 -0.476
-0.76 -0.622 -0.466 -0.447 -0.476 -0.487 -0.478
-0.759 -0.624 -0.469 -0.45 -0.478 -0.488 -0.48
-0.758 -0.626 -0.471 -0.452 -0.48 -0.49 -0.482
-0.757 -0.628 -0.474 -0.454 -0.481 -0.492 -0.484
-0.756 -0.63 -0.477 -0.456 -0.483 -0.494 -0.486
-0.755 -0.632 -0.479 -0.459 -0.485 -0.495 -0.488
-0.754 -0.634 -0.482 -0.461 -0.487 -0.497 -0.49
-0.753 -0.636 -0.485 -0.463 -0.488 -0.499 -0.492
-0.752 -0.638 -0.487 -0.466 -0.49 -0.501 -0.494
-0.751 -0.639 -0.49 -0.468 -0.492 -0.502 -0.496
-0.75 -0.641 -0.493 -0.47 -0.494 -0.504 -0.498
-0.749 -0.643 -0.495 -0.473 -0.496 -0.506 -0.5
-0.748 -0.645 -0.498 -0.475 -0.497 -0.508 -0.502
-0.747 -0.647 -0.501 -0.478 -0.499 -0.509 -0.504
-0.746 -0.649 -0.504 -0.48 -0.501 -0.511 -0.506
-0.745 -0.651 -0.506 -0.483 -0.503 -0.513 -0.508
-0.744 -0.653 -0.509 -0.485 -0.505 -0.514 -0.51
-0.743 -0.655 -0.512 -0.487 -0.507 -0.516 -0.512
-0.742 -0.656 -0.515 -0.49 -0.508 -0.518 -0.514
-0.741 -0.658 -0.517 -0.492 -0.51 -0.52 -0.516
-0.74 -0.66 -0.52 -0.495 -0.512 -0.521 -0.518
-0.739 -0.662 -0.523 -0.497 -0.514 -0.523 -0.52
-0.738 -0.664 -0.526 -0.5 -0.516 -0.525 -0.522
-0.737 -0.665 -0.528 -0.503 -0.518 -0.526 -0.524
-0.736 -0.667 -0.531 -0.505 -0.52 -0.528 -0.526
-0.735 -0.669 -0.534 -0.508 -0.521 -0.53 -0.528
-0.734 -0.671 -0.537 -0.51 -0.523 -0.532 -0.53
-0.733 -0.673 -0.539 -0.513 -0.525 -0.533 -0.532
-0.732 -0.674 -0.542 -0.515 -0.527 -0.535 -0.534
-0.731 -0.676 -0.545 -0.518 -0.529 -0.537 -0.537
-0.73 -0.678 -0.548 -0.521 -0.531 -0.538 -0.539
-0.729 -0.679 -0.55 -0.523 -0.533 -0.54 -0.541
-0.728 -0.681 -0.553 -0.526 -0.535 -0.542 -0.543
-0.727 -0.683 -0.556 -0.529 -0.537 -0.544 -0.545
-0.726 -0.684 -0.559 -0.531 -0.539 -0.545 -0.547
-0.725 -0.686 -0.561 -0.534 -0.541 -0.547 -0.549
-0.724 -0.688 -0.564 -0.537 -0.542 -0.549 -0.551
-0.723 -0.689 -0.567 -0.539 -0.544 -0.551 -0.553
-0.722 -0.691 -0.57 -0.542 -0.546 -0.552 -0.555
-0.721 -0.693 -0.573 -0.545 -0.548 -0.554 -0.557
-0.72 -0.694 -0.575 -0.547 -0.55 -0.556 -0.559
-0.719 -0.696 -0.578 -0.55 -0.552 -0.558 -0.562
-0.718 -0.697 -0.581 -0.553 -0.554 -0.559 -0.564
-0.717 -0.699 -0.584 -0.556 -0.556 -0.561 -0.566
-0.716 -0.7 -0.586 -0.558 -0.558 -0.563 -0.568
-0.715 -0.702 -0.589 -0.561 -0.56 -0.565 -0.57
-0.714 -0.703 -0.592 -0.564 -0.562 -0.567 -0.572
-0.713 -0.705 -0.595 -0.567 -0.564 -0.568 -0.574
-0.712 -0.706 -0.597 -0.569 -0.566 -0.57 -0.576
-0.711 -0.708 -0.6 -0.572 -0.568 -0.572 -0.578
-0.71 -0.709 -0.603 -0.575 -0.57 -0.574 -0.58
-0.709 -0.711 -0.605 -0.578 -0.572 -0.576 -0.582
-0.708 -0.712 -0.608 -0.581 -0.574 -0.578 -0.584
-0.707 -0.714 -0.611 -0.583 -0.576 -0.579 -0.587
-0.706 -0.715 -0.614 -0.586 -0.578 -0.581 -0.589
-0.705 -0.717 -0.616 -0.589 -0.58 -0.583 -0.591
-0.704 -0.718 -0.619 -0.592 -0.583 -0.585 -0.593
-0.703 -0.719 -0.622 -0.594 -0.585 -0.587 -0.595
-0.702 -0.721 -0.625 -0.597 -0.587 -0.589 -0.597
-0.701 -0.722 -0.627 -0.6 -0.589 -0.591 -0.599
-0.7 -0.724 -0.63 -0.603 -0.591 -0.593 -0.601
-0.699 -0.725 -0.633 -0.606 -0.593 -0.595 -0.603
-0.698 -0.726 -0.635 -0.608 -0.595 -0.597 -0.605
-0.697 -0.728 -0.638 -0.611 -0.597 -0.598 -0.607
-0.696 -0.729 -0.641 -0.614 -0.599 -0.6 -0.61
-0.695 -0.73 -0.643 -0.617 -0.601 -0.602 -0.612
-0.694 -0.732 -0.646 -0.62 -0.604 -0.604 -0.614
-0.693 -0.733 -0.649 -0.622 -0.606 -0.606 -0.616
-0.692 -0.734 -0.651 -0.625 -0.608 -0.608 -0.618
-0.691 -0.736 -0.654 -0.628 -0.61 -0.61 -0.62
-0.69 -0.737 -0.657 -0.631 -0.612 -0.612 -0.622
-0.689 -0.738 -0.659 -0.634 -0.614 -0.614 -0.624
-0.688 -0.739 -0.662 -0.636 -0.616 -0.616 -0.626
-0.687 -0.741 -0.664 -0.639 -0.619 -0.618 -0.628
-0.686 -0.742 -0.667 -0.642 -0.621 -0.62 -0.63
-0.685 -0.743 -0.67 -0.645 -0.623 -0.622 -0.632
-0.684 -0.744 -0.672 -0.647 -0.625 -0.624 -0.634
-0.683 -0.745 -0.675 -0.65 -0.627 -0.626 -0.636
-0.682 -0.747 -0.677 -0.653 -0.629 -0.628 -0.638
-0.681 -0.748 -0.68 -0.656 -0.632 -0.631 -0.64
-0.68 -0.749 -0.683 -0.659 -0.634 -0.633 -0.642
-0.679 -0.75 -0.685 -0.661 -0.636 -0.635 -0.644
-0.678 -0.751 -0.688 -0.664 -0.638 -0.637 -0.647
-0.677 -0.752 -0.69 -0.667 -0.64 -0.639 -0.649
-0.676 -0.753 -0.693 -0.669 -0.643 -0.641 -0.651
-0.675 -0.755 -0.695 -0.672 -0.645 -0.643 -0.653
-0.674 -0.756 -0.698 -0.675 -0.647 -0.645 -0.655
-0.673 -0.757 -0.7 -0.678 -0.649 -0.647 -0.657
-0.672 -0.758 -0.703 -0.68 -0.651 -0.649 -0.659
-0.671 -0.759 -0.705 -0.683 -0.654 -0.651 -0.661
-0.67 -0.76 -0.708 -0.686 -0.656 -0.654 -0.663
-0.669 -0.761 -0.71 -0.688 -0.658 -0.656 -0.665
-0.668 -0.762 -0.713 -0.691 -0.66 -0.658 -0.667
-0.667 -0.763 -0.715 -0.694 -0.663 -0.66 -0.669
-0.666 -0.764 -0.717 -0.696 -0.665 -0.662 -0.671
-0.665 -0.765 -0.72 -0.699 -0.667 -0.664 -0.673
-0.664 -0.766 -0.722 -0.702 -0.669 -0.666 -0.675
-0.663 -0.767 -0.725 -0.704 -0.672 -0.669 -0.676
-0.662 -0.768 -0.727 -0.707 -0.674 -0.671 -0.678
-0.661 -0.769 -0.729 -0.71 -0.676 -0.673 -0.68
-0.66 -0.77 -0.732 -0.712 -0.679 -0.675 -0.682
-0.659 -0.771 -0.734 -0.715 -0.681 -0.677 -0.684
-0.658 -0.772 -0.737 -0.717 -0.683 -0.679 -0.686
-0.657 -0.773 -0.739 -0.72 -0.685 -0.682 -0.688
-0.656 -0.774 -0.741 -0.723 -0.688 -0.684 -0.69
-0.655 -0.775 -0.743 -0.725 -0.69 -0.686 -0.692
-0.654 -0.775 -0.746 -0.728 -0.692 -0.688 -0.694
-0.653 -0.776 -0.748 -0.73 -0.694 -0.69 -0.696
-0.652 -0.777 -0.75 -0.733 -0.697 -0.693 -0.698
-0.651 -0.778 -0.753 -0.735 -0.699 -0.695 -0.7
-0.65 -0.779 -0.755 -0.738 -0.701 -0.697 -0.702
-0.649 -0.78 -0.757 -0.74 -0.704 -0.699 -0.704
-0.648 -0.781 -0.759 -0.743 -0.706 -0.701 -0.706
-0.647 -0.781 -0.761 -0.745 -0.708 -0.703 -0.707
-0.646 -0.782 -0.764 -0.748 -0.71 -0.706 -0.709
-0.645 -0.783 -0.766 -0.75 -0.713 -0.708 -0.711
-0.644 -0.784 -0.768 -0.753 -0.715 -0.71 -0.713
-0.643 -0.785 -0.77 -0.755 -0.717 -0.712 -0.715
-0.642 -0.785 -0.772 -0.757 -0.72 -0.714 -0.717
-0.641 -0.786 -0.774 -0.76 -0.722 -0.717 -0.719
-0.64 -0.787 -0.776 -0.762 -0.724 -0.719 -0.721
-0.639 -0.788 -0.779 -0.764 -0.727 -0.721 -0.723
-0.638 -0.788 -0.781 -0.767 -0.729 -0.723 -0.725
-0.637 -0.789 -0.783 -0.769 -0.731 -0.725 -0.726
-0.636 -0.79 -0.785 -0.771 -0.733 -0.728 -0.728
-0.635 -0.791 -0.787 -0.774 -0.736 -0.73 -0.73
-0.634 -0.791 -0.789 -0.776 -0.738 -0.732 -0.732
-0.633 -0.792 -0.791 -0.778 -0.74 -0.734 -0.734
-0.632 -0.793 -0.793 -0.781 -0.743 -0.736 -0.736
-0.631 -0.793 -0.795 -0.783 -0.745 -0.739 -0.738
-0.63 -0.794 -0.797 -0.785 -0.747 -0.741 -0.74
-0.629 -0.795 -0.799 -0.787 -0.75 -0.743 -0.742
-0.628 -0.795 -0.801 -0.789 -0.752 -0.745 -0.744
-0.627 -0.796 -0.803 -0.792 -0.754 -0.747 -0.745
-0.626 -0.797 -0.804 -0.794 -0.756 -0.75 -0.747
-0.625 -0.797 -0.806 -0.796 -0.759 -0.752 -0.749
-0.624 -0.798 -0.808 -0.798 -0.761 -0.754 -0.751
-0.623 -0.798 -0.81 -0.8 -0.763 -0.756 -0.753
-0.622 -0.799 -0.812 -0.802 -0.766 -0.758 -0.755
-0.621 -0.8 -0.814 -0.804 -0.768 -0.761 -0.757
-0.62 -0.8 -0.816 -0.806 -0.77 -0.763 -0.759
-0.619 -0.801 -0.817 -0.808 -0.772 -0.765 -0.761
-0.618 -0.801 -0.819 -0.81 -0.775 -0.767 -0.763
-0.617 -0.802 -0.821 -0.812 -0.777 -0.769 -0.764
-0.616 -0.802 -0.823 -0.814 -0.779 -0.771 -0.766
-0.615 -0.803 -0.824 -0.816 -0.781 -0.774 -0.768
-0.614 -0.803 -0.826 -0.818 -0.784 -0.776 -0.77
-0.613 -0.804 -0.828 -0.82 -0.786 -0.778 -0.772
-0.612 -0.804 -0.829 -0.822 -0.788 -0.78 -0.774
-0.611 -0.805 -0.831 -0.824 -0.79 -0.782 -0.776
-0.61 -0.805 -0.833 -0.826 -0.793 -0.784 -0.778
-0.609 -0.806 -0.834 -0.828 -0.795 -0.787 -0.78
-0.608 -0.806 -0.836 -0.83 -0.797 -0.789 -0.782
-0.607 -0.807 -0.838 -0.831 -0.799 -0.791 -0.784
-0.606 -0.807 -0.839 -0.833 -0.802 -0.793 -0.786
-0.605 -0.807 -0.841 -0.835 -0.804 -0.795 -0.788
-0.604 -0.808 -0.842 -0.837 -0.806 -0.797 -0.79
-0.603 -0.808 -0.844 -0.839 -0.808 -0.8 -0.792
-0.602 -0.809 -0.845 -0.84 -0.81 -0.802 -0.794
-0.601 -0.809 -0.847 -0.842 -0.813 -0.804 -0.796
-0.6 -0.809 -0.848 -0.844 -0.815 -0.806 -0.798
-0.599 -0.81 -0.85 -0.845 -0.817 -0.808 -0.8
-0.598 -0.81 -0.851 -0.847 -0.819 -0.81 -0.802
-0.597 -0.811 -0.853 -0.849 -0.821 -0.812 -0.804
-0.596 -0.811 -0.854 -0.85 -0.823 -0.814 -0.806
-0.595 -0.811 -0.855 -0.852 -0.826 -0.816 -0.808
-0.594 -0.812 -0.857 -0.853 -0.828 -0.819 -0.81
-0.593 -0.812 -0.858 -0.855 -0.83 -0.821 -0.812
-0.592 -0.812 -0.86 -0.857 -0.832 -0.823 -0.814
-0.591 -0.813 -0.861 -0.858 -0.834 -0.825 -0.816
-0.59 -0.813 -0.862 -0.86 -0.836 -0.827 -0.818
-0.589 -0.813 -0.863 -0.861 -0.838 -0.829 -0.82
-0.588 -0.813 -0.865 -0.862 -0.84 -0.831 -0.822
-0.587 -0.814 -0.866 -0.864 -0.842 -0.833 -0.824
-0.586 -0.814 -0.867 -0.865 -0.845 -0.835 -0.826
-0.585 -0.814 -0.868 -0.867 -0.847 -0.837 -0.828
-0.584 -0.814 -0.87 -0.868 -0.849 -0.839 -0.83
-0.583 -0.815 -0.871 -0.869 -0.851 -0.841 -0.832
-0.582 -0.815 -0.872 -0.871 -0.853 -0.844 -0.834
-0.581 -0.815 -0.873 -0.872 -0.855 -0.846 -0.836
-0.58 -0.815 -0.874 -0.873 -0.857 -0.848 -0.838
-0.579 -0.815 -0.875 -0.875 -0.859 -0.85 -0.84
-0.578 -0.816 -0.876 -0.876 -0.861 -0.852 -0.842
-0.577 -0.816 -0.878 -0.877 -0.863 -0.854 -0.844
-0.576 -0.816 -0.879 -0.878 -0.865 -0.856 -0.846
-0.575 -0.816 -0.88 -0.88 -0.867 -0.858 -0.848
-0.574 -0.816 -0.881 -0.881 -0.869 -0.86 -0.851
-0.573 -0.816 -0.882 -0.882 -0.871 -0.862 -0.853
-0.572 -0.817 -0.883 -0.883 -0.872 -0.864 -0.855
-0.571 -0.817 -0.884 -0.884 -0.874 -0.866 -0.857
-0.57 -0.817 -0.885 -0.885 -0.876 -0.868 -0.859
-0.569 -0.817 -0.885 -0.886 -0.878 -0.87 -0.861
-0.568 -0.817 -0.886 -0.887 -0.88 -0.872 -0.863
-0.567 -0.817 -0.887 -0.888 -0.882 -0.873 -0.865
-0.566 -0.817 -0.888 -0.889 -0.884 -0.875 -0.867
-0.565 -0.817 -0.889 -0.89 -0.885 -0.877 -0.869
-0.564 -0.817 -0.89 -0.891 -0.887 -0.879 -0.871
-0.563 -0.817 -0.891 -0.892 -0.889 -0.881 -0.873
-0.562 -0.817 -0.892 -0.893 -0.891 -0.883 -0.876
-0.561 -0.818 -0.892 -0.894 -0.893 -0.885 -0.878
-0.56 -0.818 -0.893 -0.895 -0.894 -0.887 -0.88
-0.559 -0.818 -0.894 -0.896 -0.896 -0.889 -0.882
-0.558 -0.818 -0.895 -0.897 -0.898 -0.891 -0.884
-0.557 -0.818 -0.895 -0.897 -0.899 -0.892 -0.886
-0.556 -0.818 -0.896 -0.898 -0.901 -0.894 -0.888
-0.555 -0.818 -0.897 -0.899 -0.903 -0.896 -0.89
-0.554 -0.818 -0.897 -0.9 -0.904 -0.898 -0.892
-0.553 -0.818 -0.898 -0.901 -0.906 -0.9 -0.894
-0.552 -0.818 -0.899 -0.901 -0.907 -0.901 -0.896
-0.551 -0.818 -0.899 -0.902 -0.909 -0.903 -0.898
-0.55 -0.817 -0.9 -0.903 -0.911 -0.905 -0.9
-0.549 -0.817 -0.9 -0.903 -0.912 -0.907 -0.902
-0.548 -0.817 -0.901 -0.904 -0.914 -0.908 -0.904
-0.547 -0.817 -0.901 -0.905 -0.915 -0.91 -0.906
-0.546 -0.817 -0.902 -0.905 -0.916 -0.912 -0.908
-0.545 -0.817 -0.902 -0.906 -0.918 -0.914 -0.91
-0.544 -0.817 -0.903 -0.906 -0.919 -0.915 -0.912
-0.543 -0.817 -0.903 -0.907 -0.921 -0.917 -0.914
-0.542 -0.817 -0.904 -0.907 -0.922 -0.919 -0.916
-0.541 -0.817 -0.904 -0.908 -0.923 -0.92 -0.918
-0.54 -0.817 -0.905 -0.908 -0.925 -0.922 -0.92
-0.539 -0.816 -0.905 -0.909 -0.926 -0.923 -0.922
-0.538 -0.816 -0.905 -0.909 -0.927 -0.925 -0.924
-0.537 -0.816 -0.906 -0.91 -0.929 -0.926 -0.925
-0.536 -0.816 -0.906 -0.91 -0.93 -0.928 -0.927
-0.535 -0.816 -0.906 -0.91 -0.931 -0.93 -0.929
-0.534 -0.816 -0.907 -0.911 -0.932 -0.931 -0.931
-0.533 -0.815 -0.907 -0.911 -0.933 -0.932 -0.933
-0.532 -0.815 -0.907 -0.911 -0.934 -0.934 -0.935
-0.531 -0.815 -0.908 -0.912 -0.936 -0.935 -0.936
-0.53 -0.815 -0.908 -0.912 -0.937 -0.937 -0.938
-0.529 -0.815 -0.908 -0.912 -0.938 -0.938 -0.94
-0.528 -0.814 -0.908 -0.912 -0.939 -0.939 -0.941
-0.527 -0.814 -0.908 -0.913 -0.94 -0.941 -0.943
-0.526 -0.814 -0.909 -0.913 -0.941 -0.942 -0.945
-0.525 -0.814 -0.909 -0.913 -0.941 -0.943 -0.946
-0.524 -0.813 -0.909 -0.913 -0.942 -0.945 -0.948
-0.523 -0.813 -0.909 -0.913 -0.943 -0.946 -0.95
-0.522 -0.813 -0.909 -0.913 -0.944 -0.947 -0.951
-0.521 -0.813 -0.909 -0.913 -0.945 -0.948 -0.953
-0.52 -0.812 -0.909 -0.914 -0.946 -0.949 -0.954
-0.519 -0.812 -0.909 -0.914 -0.946 -0.951 -0.956
-0.518 -0.812 -0.909 -0.914 -0.947 -0.952 -0.957
-0.517 -0.811 -0.909 -0.914 -0.948 -0.953 -0.958
-0.516 -0.811 -0.909 -0.914 -0.949 -0.954 -0.96
-0.515 -0.811 -0.909 -0.914 -0.949 -0.955 -0.961
-0.514 -0.811 -0.909 -0.914 -0.95 -0.956 -0.962
-0.513 -0.81 -0.909 -0.914 -0.95 -0.957 -0.964
-0.512 -0.81 -0.909 -0.913 -0.951 -0.957 -0.965
-0.511 -0.809 -0.909 -0.913 -0.951 -0.958 -0.966
-0.51 -0.809 -0.909 -0.913 -0.952 -0.959 -0.967
-0.509 -0.809 -0.909 -0.913 -0.952 -0.96 -0.968
-0.508 -0.808 -0.909 -0.913 -0.953 -0.961 -0.969
-0.507 -0.808 -0.908 -0.913 -0.953 -0.961 -0.97
-0.506 -0.808 -0.908 -0.913 -0.953 -0.962 -0.971
-0.505 -0.807 -0.908 -0.912 -0.954 -0.963 -0.972
-0.504 -0.807 -0.908 -0.912 -0.954 -0.963 -0.973
-0.503 -0.806 -0.908 -0.912 -0.954 -0.964 -0.974
-0.502 -0.806 -0.907 -0.912 -0.954 -0.965 -0.975
-0.501 -0.806 -0.907 -0.911 -0.955 -0.965 -0.975
-0.5 -0.805 -0.907 -0.911 -0.955 -0.966 -0.976
-0.499 -0.805 -0.906 -0.911 -0.955 -0.966 -0.977
-0.498 -0.804 -0.906 -0.91 -0.955 -0.966 -0.977
-0.497 -0.804 -0.906 -0.91 -0.955 -0.967 -0.978
-0.496 -0.803 -0.905 -0.91 -0.955 -0.967 -0.978
-0.495 -0.803 -0.905 -0.909 -0.955 -0.967 -0.979
-0.494 -0.802 -0.905 -0.909 -0.955 -0.967 -0.979
-0.493 -0.802 -0.904 -0.909 -0.955 -0.968 -0.979
-0.492 -0.801 -0.904 -0.908 -0.954 -0.968 -0.979
-0.491 -0.801 -0.903 -0.908 -0.954 -0.968 -0.98
-0.49 -0.8 -0.903 -0.907 -0.954 -0.968 -0.98
-0.489 -0.8 -0.903 -0.907 -0.954 -0.968 -0.98
-0.488 -0.799 -0.902 -0.906 -0.953 -0.968 -0.98
-0.487 -0.799 -0.902 -0.906 -0.953 -0.968 -0.98
-0.486 -0.798 -0.901 -0.905 -0.953 -0.968 -0.98
-0.485 -0.798 -0.901 -0.905 -0.952 -0.967 -0.98
-0.484 -0.797 -0.9 -0.904 -0.952 -0.967 -0.979
-0.483 -0.797 -0.899 -0.903 -0.951 -0.967 -0.979
-0.482 -0.796 -0.899 -0.903 -0.951 -0.966 -0.979
-0.481 -0.796 -0.898 -0.902 -0.95 -0.966 -0.978
-0.48 -0.795 -0.898 -0.902 -0.95 -0.966 -0.978
-0.479 -0.794 -0.897 -0.901 -0.949 -0.965 -0.977
-0.478 -0.794 -0.896 -0.9 -0.949 -0.965 -0.976
-0.477 -0.793 -0.896 -0.9 -0.948 -0.964 -0.976
-0.476 -0.793 -0.895 -0.899 -0.947 -0.963 -0.975
-0.475 -0.792 -0.895 -0.898 -0.946 -0.963 -0.974
-0.474 -0.791 -0.894 -0.898 -0.946 -0.962 -0.973
-0.473 -0.791 -0.893 -0.897 -0.945 -0.961 -0.972
-0.472 -0.79 -0.892 -0.896 -0.944 -0.96 -0.971
-0.471 -0.789 -0.892 -0.895 -0.943 -0.96 -0.97
-0.47 -0.789 -0.891 -0.894 -0.942 -0.959 -0.969
-0.469 -0.788 -0.89 -0.894 -0.941 -0.958 -0.968
-0.468 -0.788 -0.889 -0.893 -0.94 -0.957 -0.966
-0.467 -0.787 -0.889 -0.892 -0.939 -0.956 -0.965
-0.466 -0.786 -0.888 -0.891 -0.938 -0.955 -0.964
-0.465 -0.786 -0.887 -0.89 -0.937 -0.953 -0.962
-0.464 -0.785 -0.886 -0.889 -0.936 -0.952 -0.96
-0.463 -0.784 -0.885 -0.889 -0.935 -0.951 -0.959
-0.462 -0.783 -0.884 -0.888 -0.934 -0.95 -0.957
-0.461 -0.783 -0.883 -0.887 -0.932 -0.948 -0.955
-0.46 -0.782 -0.883 -0.886 -0.931 -0.947 -0.954
-0.459 -0.781 -0.882 -0.885 -0.93 -0.945 -0.952
-0.458 -0.781 -0.881 -0.884 -0.928 -0.944 -0.95
-0.457 -0.78 -0.88 -0.883 -0.927 -0.942 -0.948
-0.456 -0.779 -0.879 -0.882 -0.926 -0.941 -0.946
-0.455 -0.778 -0.878 -0.881 -0.924 -0.939 -0.943
-0.454 -0.778 -0.877 -0.88 -0.923 -0.938 -0.941
-0.453 -0.777 -0.876 -0.879 -0.921 -0.936 -0.939
-0.452 -0.776 -0.875 -0.878 -0.92 -0.934 -0.937
-0.451 -0.775 -0.874 -0.877 -0.918 -0.932 -0.934
-0.45 -0.775 -0.873 -0.876 -0.917 -0.93 -0.932
-0.449 -0.774 -0.872 -0.875 -0.915 -0.929 -0.929
-0.448 -0.773 -0.871 -0.874 -0.913 -0.927 -0.927
-0.447 -0.772 -0.87 -0.872 -0.912 -0.925 -0.924
-0.446 -0.771 -0.869 -0.871 -0.91 -0.923 -0.922
-0.445 -0.771 -0.868 -0.87 -0.908 -0.921 -0.919
-0.444 -0.77 -0.866 -0.869 -0.907 -0.919 -0.916
-0.443 -0.769 -0.865 -0.868 -0.905 -0.916 -0.913
-0.442 -0.768 -0.864 -0.867 -0.903 -0.914 -0.911
-0.441 -0.767 -0.863 -0.866 -0.901 -0.912 -0.908
-0.44 -0.766 -0.862 -0.864 -0.899 -0.91 -0.905
-0.439 -0.766 -0.861 -0.863 -0.898 -0.908 -0.902
-0.438 -0.765 -0.859 -0.862 -0.896 -0.905 -0.899
-0.437 -0.764 -0.858 -0.861 -0.894 -0.903 -0.896
-0.436 -0.763 -0.857 -0.86 -0.892 -0.901 -0.893
-0.435 -0.762 -0.856 -0.858 -0.89 -0.898 -0.89
-0.434 -0.761 -0.855 -0.857 -0.888 -0.896 -0.887
-0.433 -0.76 -0.853 -0.856 -0.886 -0.893 -0.884
-0.432 -0.759 -0.852 -0.854 -0.884 -0.891 -0.881
-0.431 -0.759 -0.851 -0.853 -0.882 -0.888 -0.878
-0.43 -0.758 -0.85 -0.852 -0.88 -0.886 -0.874
-0.429 -0.757 -0.848 -0.851 -0.878 -0.883 -0.871
-0.428 -0.756 -0.847 -0.849 -0.875 -0.881 -0.868
-0.427 -0.755 -0.846 -0.848 -0.873 -0.878 -0.865
-0.426 -0.754 -0.844 -0.847 -0.871 -0.876 -0.862
-0.425 -0.753 -0.843 -0.845 -0.869 -0.873 -0.858
-0.424 -0.752 -0.842 -0.844 -0.867 -0.87 -0.855
-0.423 -0.751 -0.84 -0.842 -0.865 -0.868 -0.852
-0.422 -0.75 -0.839 -0.841 -0.862 -0.865 -0.849
-0.421 -0.749 -0.837 -0.84 -0.86 -0.862 -0.846
-0.42 -0.748 -0.836 -0.838 -0.858 -0.859 -0.842
-0.419 -0.747 -0.835 -0.837 -0.856 -0.857 -0.839
-0.418 -0.746 -0.833 -0.835 -0.853 -0.854 -0.836
-0.417 -0.745 -0.832 -0.834 -0.851 -0.851 -0.833
-0.416 -0.744 -0.83 -0.832 -0.849 -0.848 -0.83
-0.415 -0.743 -0.829 -0.831 -0.846 -0.846 -0.826
-0.414 -0.742 -0.827 -0.83 -0.844 -0.843 -0.823
-0.413 -0.741 -0.826 -0.828 -0.842 -0.84 -0.82
-0.412 -0.74 -0.824 -0.827 -0.839 -0.837 -0.817
-0.411 -0.739 -0.823 -0.825 -0.837 -0.834 -0.814
-0.41 -0.738 -0.821 -0.824 -0.835 -0.832 -0.811
-0.409 -0.737 -0.82 -0.822 -0.832 -0.829 -0.808
-0.408 -0.736 -0.818 -0.821 -0.83 -0.826 -0.805
-0.407 -0.735 -0.817 -0.819 -0.827 -0.823 -0.802
-0.406 -0.734 -0.815 -0.817 -0.825 -0.82 -0.799
-0.405 -0.733 -0.814 -0.816 -0.823 -0.817 -0.796
-0.404 -0.732 -0.812 -0.814 -0.82 -0.814 -0.793
-0.403 -0.731 -0.811 -0.813 -0.818 -0.812 -0.79
-0.402 -0.73 -0.809 -0.811 -0.815 -0.809 -0.787
-0.401 -0.729 -0.807 -0.81 -0.813 -0.806 -0.784
-0.4 -0.728 -0.806 -0.808 -0.81 -0.803 -0.781
-0.399 -0.727 -0.804 -0.806 -0.808 -0.8 -0.778
-0.398 -0.726 -0.802 -0.805 -0.805 -0.797 -0.775
-0.397 -0.725 -0.801 -0.803 -0.803 -0.795 -0.773
-0.396 -0.723 -0.799 -0.802 -0.801 -0.792 -0.77
-0.395 -0.722 -0.798 -0.8 -0.798 -0.789 -0.767
-0.394 -0.721 -0.796 -0.798 -0.796 -0.786 -0.765
-0.393 -0.72 -0.794 -0.797 -0.793 -0.783 -0.762
-0.392 -0.719 -0.793 -0.795 -0.791 -0.78 -0.759
-0.391 -0.718 -0.791 -0.793 -0.788 -0.778 -0.757
-0.39 -0.717 -0.789 -0.792 -0.786 -0.775 -0.754
-0.389 -0.716 -0.787 -0.79 -0.783 -0.772 -0.752
-0.388 -0.714 -0.786 -0.788 -0.781 -0.769 -0.75
-0.387 -0.713 -0.784 -0.787 -0.778 -0.767 -0.747
-0.386 -0.712 -0.782 -0.785 -0.776 -0.764 -0.745
-0.385 -0.711 -0.78 -0.783 -0.773 -0.761 -0.742
-0.384 -0.71 -0.779 -0.782 -0.771 -0.758 -0.74
-0.383 -0.709 -0.777 -0.78 -0.768 -0.756 -0.738
-0.382 -0.707 -0.775 -0.778 -0.766 -0.753 -0.736
-0.381 -0.706 -0.773 -0.776 -0.763 -0.75 -0.733
-0.38 -0.705 -0.772 -0.775 -0.761 -0.748 -0.731
-0.379 -0.704 -0.77 -0.773 -0.758 -0.745 -0.729
-0.378 -0.703 -0.768 -0.771 -0.756 -0.742 -0.727
-0.377 -0.701 -0.766 -0.769 -0.753 -0.74 -0.725
-0.376 -0.7 -0.764 -0.768 -0.751 -0.737 -0.723
-0.375 -0.699 -0.763 -0.766 -0.748 -0.735 -0.721
-0.374 -0.698 -0.761 -0.764 -0.746 -0.732 -0.719
-0.373 -0.697 -0.759 -0.762 -0.743 -0.73 -0.717
-0.372 -0.695 -0.757 -0.76 -0.741 -0.727 -0.715
-0.371 -0.694 -0.755 -0.759 -0.738 -0.725 -0.714
-0.37 -0.693 -0.753 -0.757 -0.736 -0.722 -0.712
-0.369 -0.692 -0.751 -0.755 -0.734 -0.72 -0.71
-0.368 -0.69 -0.75 -0.753 -0.731 -0.717 -0.708
-0.367 -0.689 -0.748 -0.751 -0.729 -0.715 -0.707
-0.366 -0.688 -0.746 -0.75 -0.726 -0.712 -0.705
-0.365 -0.686 -0.744 -0.748 -0.724 -0.71 -0.703
-0.364 -0.685 -0.742 -0.746 -0.721 -0.708 -0.702
-0.363 -0.684 -0.74 -0.744 -0.719 -0.705 -0.7
-0.362 -0.683 -0.738 -0.742 -0.717 -0.703 -0.698
-0.361 -0.681 -0.736 -0.74 -0.714 -0.701 -0.697
-0.36 -0.68 -0.734 -0.739 -0.712 -0.698 -0.695
-0.359 -0.679 -0.732 -0.737 -0.709 -0.696 -0.694
-0.358 -0.677 -0.73 -0.735 -0.707 -0.694 -0.692
-0.357 -0.676 -0.728 -0.733 -0.705 -0.691 -0.691
-0.356 -0.675 -0.727 -0.731 -0.702 -0.689 -0.689
-0.355 -0.674 -0.725 -0.729 -0.7 -0.687 -0.688
-0.354 -0.672 -0.723 -0.727 -0.698 -0.685 -0.687
-0.353 -0.671 -0.721 -0.725 -0.695 -0.683 -0.685
-0.352 -0.67 -0.719 -0.724 -0.693 -0.68 -0.684
-0.351 -0.668 -0.717 -0.722 -0.691 -0.678 -0.683
-0.35 -0.667 -0.715 -0.72 -0.688 -0.676 -0.681
-0.349 -0.665 -0.713 -0.718 -0.686 -0.674 -0.68
-0.348 -0.664 -0.711 -0.716 -0.684 -0.672 -0.679
-0.347 -0.663 -0.709 -0.714 -0.682 -0.67 -0.677
-0.346 -0.661 -0.707 -0.712 -0.679 -0.668 -0.676
-0.345 -0.66 -0.705 -0.71 -0.677 -0.666 -0.675
-0.344 -0.659 -0.703 -0.708 -0.675 -0.664 -0.674
-0.343 -0.657 -0.701 -0.706 -0.673 -0.662 -0.672
-0.342 -0.656 -0.699 -0.704 -0.67 -0.66 -0.671
-0.341 -0.655 -0.696 -0.702 -0.668 -0.658 -0.67
-0.34 -0.653 -0.694 -0.7 -0.666 -0.656 -0.669
-0.339 -0.652 -0.692 -0.698 -0.664 -0.654 -0.668
-0.338 -0.65 -0.69 -0.696 -0.662 -0.652 -0.666
-0.337 -0.649 -0.688 -0.694 -0.659 -0.65 -0.665
-0.336 -0.647 -0.686 -0.693 -0.657 -0.649 -0.664
-0.335 -0.646 -0.684 -0.691 -0.655 -0.647 -0.663
-0.334 -0.645 -0.682 -0.689 -0.653 -0.645 -0.662
-0.333 -0.643 -0.68 -0.687 -0.651 -0.643 -0.661
-0.332 -0.642 -0.678 -0.685 -0.649 -0.641 -0.659
-0.331 -0.64 -0.676 -0.683 -0.647 -0.639 -0.658
-0.33 -0.639 -0.674 -0.681 -0.644 -0.638 -0.657
-0.329 -0.637 -0.672 -0.679 -0.642 -0.636 -0.656
-0.328 -0.636 -0.67 -0.677 -0.64 -0.634 -0.655
-0.327 -0.635 -0.667 -0.675 -0.638 -0.632 -0.654
-0.326 -0.633 -0.665 -0.673 -0.636 -0.631 -0.652
-0.325 -0.632 -0.663 -0.671 -0.634 -0.629 -0.651
-0.324 -0.63 -0.661 -0.669 -0.632 -0.627 -0.65
-0.323 -0.629 -0.659 -0.667 -0.63 -0.626 -0.649
-0.322 -0.627 -0.657 -0.665 -0.628 -0.624 -0.648
-0.321 -0.626 -0.655 -0.663 -0.626 -0.622 -0.646
-0.32 -0.624 -0.653 -0.661 -0.624 -0.621 -0.645
-0.319 -0.623 -0.65 -0.658 -0.622 -0.619 -0.644
-0.318 -0.621 -0.648 -0.656 -0.62 -0.618 -0.643
-0.317 -0.62 -0.646 -0.654 -0.618 -0.616 -0.642
-0.316 -0.618 -0.644 -0.652 -0.616 -0.614 -0.64
-0.315 -0.617 -0.642 -0.65 -0.614 -0.613 -0.639
-0.314 -0.615 -0.64 -0.648 -0.612 -0.611 -0.638
-0.313 -0.614 -0.638 -0.646 -0.61 -0.61 -0.637
-0.312 -0.612 -0.635 -0.644 -0.608 -0.608 -0.635
-0.311 -0.611 -0.633 -0.642 -0.606 -0.607 -0.634
-0.31 -0.609 -0.631 -0.64 -0.604 -0.605 -0.633
-0.309 -0.608 -0.629 -0.638 -0.603 -0.604 -0.631
-0.308 -0.606 -0.627 -0.636 -0.601 -0.602 -0.63
-0.307 -0.605 -0.625 -0.634 -0.599 -0.601 -0.629
-0.306 -0.603 -0.622 -0.632 -0.597 -0.599 -0.627
-0.305 -0.601 -0.62 -0.63 -0.595 -0.598 -0.626
-0.304 -0.6 -0.618 -0.628 -0.593 -0.596 -0.625
-0.303 -0.598 -0.616 -0.626 -0.591 -0.595 -0.623
-0.302 -0.597 -0.614 -0.624 -0.589 -0.593 -0.622
-0.301 -0.595 -0.611 -0.621 -0.588 -0.592 -0.62
-0.3 -0.594 -0.609 -0.619 -0.586 -0.59 -0.619
-0.299 -0.592 -0.607 -0.617 -0.584 -0.589 -0.617
-0.298 -0.59 -0.605 -0.615 -0.582 -0.587 -0.616
-0.297 -0.589 -0.603 -0.613 -0.58 -0.586 -0.614
-0.296 -0.587 -0.601 -0.611 -0.579 -0.584 -0.613
-0.295 -0.586 -0.598 -0.609 -0.577 -0.583 -0.611
-0.294 -0.584 -0.596 -0.607 -0.575 -0.582 -0.609
-0.293 -0.583 -0.594 -0.605 -0.573 -0.58 -0.608
-0.292 -0.581 -0.592 -0.603 -0.571 -0.579 -0.606
-0.291 -0.579 -0.589 -0.6 -0.57 -0.577 -0.605
-0.29 -0.578 -0.587 -0.598 -0.568 -0.576 -0.603
-0.289 -0.576 -0.585 -0.596 -0.566 -0.574 -0.601
-0.288 -0.574 -0.583 -0.594 -0.564 -0.573 -0.599
-0.287 -0.573 -0.581 -0.592 -0.563 -0.572 -0.598
-0.286 -0.571 -0.578 -0.59 -0.561 -0.57 -0.596
-0.285 -0.57 -0.576 -0.588 -0.559 -0.569 -0.594
-0.284 -0.568 -0.574 -0.586 -0.558 -0.567 -0.592
-0.283 -0.566 -0.572 -0.584 -0.556 -0.566 -0.59
-0.282 -0.565 -0.57 -0.581 -0.554 -0.565 -0.589
-0.281 -0.563 -0.567 -0.579 -0.552 -0.563 -0.587
-0.28 -0.561 -0.565 -0.577 -0.551 -0.562 -0.585
-0.279 -0.56 -0.563 -0.575 -0.549 -0.56 -0.583
-0.278 -0.558 -0.561 -0.573 -0.547 -0.559 -0.581
-0.277 -0.556 -0.558 -0.571 -0.546 -0.558 -0.579
-0.276 -0.555 -0.556 -0.569 -0.544 -0.556 -0.577
-0.275 -0.553 -0.554 -0.566 -0.542 -0.555 -0.575
-0.274 -0.551 -0.552 -0.564 -0.541 -0.553 -0.573
-0.273 -0.55 -0.55 -0.562 -0.539 -0.552 -0.571
-0.272 -0.548 -0.547 -0.56 -0.537 -0.55 -0.569
-0.271 -0.546 -0.545 -0.558 -0.536 -0.549 -0.566
-0.27 -0.545 -0.543 -0.556 -0.534 -0.548 -0.564
-0.269 -0.543 -0.541 -0.554 -0.532 -0.546 -0.562
-0.268 -0.541 -0.538 -0.551 -0.531 -0.545 -0.56
-0.267 -0.539 -0.536 -0.549 -0.529 -0.543 -0.558
-0.266 -0.538 -0.534 -0.547 -0.527 -0.542 -0.555
-0.265 -0.536 -0.532 -0.545 -0.526 -0.54 -0.553
-0.264 -0.534 -0.53 -0.543 -0.524 -0.539 -0.551
-0.263 -0.533 -0.527 -0.541 -0.522 -0.537 -0.549
-0.262 -0.531 -0.525 -0.539 -0.521 -0.536 -0.546
-0.261 -0.529 -0.523 -0.536 -0.519 -0.534 -0.544
-0.26 -0.527 -0.521 -0.534 -0.517 -0.533 -0.541
-0.259 -0.526 -0.518 -0.532 -0.516 -0.531 -0.539
-0.258 -0.524 -0.516 -0.53 -0.514 -0.53 -0.537
-0.257 -0.522 -0.514 -0.528 -0.513 -0.528 -0.534
-0.256 -0.521 -0.512 -0.526 -0.511 -0.527 -0.532
-0.255 -0.519 -0.509 -0.523 -0.509 -0.525 -0.529
-0.254 -0.517 -0.507 -0.521 -0.508 -0.524 -0.527
-0.253 -0.515 -0.505 -0.519 -0.506 -0.522 -0.524
-0.252 -0.514 -0.503 -0.517 -0.504 -0.52 -0.522
-0.251 -0.512 -0.501 -0.515 -0.503 -0.519 -0.519
-0.25 -0.51 -0.498 -0.512 -0.501 -0.517 -0.516
-0.249 -0.508 -0.496 -0.51 -0.499 -0.516 -0.514
-0.248 -0.506 -0.494 -0.508 -0.498 -0.514 -0.511
-0.247 -0.505 -0.492 -0.506 -0.496 -0.512 -0.509
-0.246 -0.503 -0.489 -0.504 -0.495 -0.511 -0.506
-0.245 -0.501 -0.487 -0.502 -0.493 -0.509 -0.503
-0.244 -0.499 -0.485 -0.499 -0.491 -0.507 -0.501
-0.243 -0.498 -0.483 -0.497 -0.49 -0.506 -0.498
-0.242 -0.496 -0.481 -0.495 -0.488 -0.504 -0.495
-0.241 -0.494 -0.478 -0.493 -0.486 -0.502 -0.492
-0.24 -0.492 -0.476 -0.491 -0.485 -0.501 -0.49
-0.239 -0.49 -0.474 -0.488 -0.483 -0.499 -0.487
-0.238 -0.489 -0.472 -0.486 -0.481 -0.497 -0.484
-0.237 -0.487 -0.469 -0.484 -0.48 -0.495 -0.481
-0.236 -0.485 -0.467 -0.482 -0.478 -0.494 -0.479
-0.235 -0.483 -0.465 -0.48 -0.476 -0.492 -0.476
-0.234 -0.481 -0.463 -0.477 -0.475 -0.49 -0.473
-0.233 -0.48 -0.461 -0.475 -0.473 -0.488 -0.47
-0.232 -0.478 -0.458 -0.473 -0.471 -0.486 -0.467
-0.231 -0.476 -0.456 -0.471 -0.47 -0.485 -0.465
-0.23 -0.474 -0.454 -0.469 -0.468 -0.483 -0.462
-0.229 -0.472 -0.452 -0.467 -0.466 -0.481 -0.459
-0.228 -0.47 -0.45 -0.464 -0.465 -0.479 -0.456
-0.227 -0.469 -0.447 -0.462 -0.463 -0.477 -0.453
-0.226 -0.467 -0.445 -0.46 -0.461 -0.475 -0.45
-0.225 -0.465 -0.443 -0.458 -0.46 -0.473 -0.448
-0.224 -0.463 -0.441 -0.456 -0.458 -0.471 -0.445
-0.223 -0.461 -0.439 -0.453 -0.456 -0.469 -0.442
-0.222 -0.459 -0.436 -0.451 -0.455 -0.467 -0.439
-0.221 -0.457 -0.434 -0.449 -0.453 -0.465 -0.436
-0.22 -0.456 -0.432 -0.447 -0.451 -0.463 -0.433
-0.219 -0.454 -0.43 -0.445 -0.449 -0.461 -0.431
-0.218 -0.452 -0.428 -0.442 -0.448 -0.459 -0.428
-0.217 -0.45 -0.426 -0.44 -0.446 -0.457 -0.425
-0.216 -0.448 -0.423 -0.438 -0.444 -0.455 -0.422
-0.215 -0.446 -0.421 -0.436 -0.442 -0.453 -0.419
-0.214 -0.444 -0.419 -0.434 -0.441 -0.451 -0.417
-0.213 -0.442 -0.417 -0.431 -0.439 -0.449 -0.414
-0.212 -0.441 -0.415 -0.429 -0.437 -0.447 -0.411
-0.211 -0.439 -0.412 -0.427 -0.435 -0.445 -0.408
-0.21 -0.437 -0.41 -0.425 -0.434 -0.443 -0.406
-0.209 -0.435 -0.408 -0.422 -0.432 -0.44 -0.403
-0.208 -0.433 -0.406 -0.42 -0.43 -0.438 -0.4
-0.207 -0.431 -0.404 -0.418 -0.428 -0.436 -0.397
-0.206 -0.429 -0.402 -0.416 -0.426 -0.434 -0.395
-0.205 -0.427 -0.399 -0.414 -0.424 -0.432 -0.392
-0.204 -0.425 -0.397 -0.411 -0.423 -0.429 -0.389
-0.203 -0.424 -0.395 -0.409 -0.421 -0.427 -0.387
-0.202 -0.422 -0.393 -0.407 -0.419 -0.425 -0.384
-0.201 -0.42 -0.391 -0.405 -0.417 -0.422 -0.382
-0.2 -0.418 -0.389 -0.403 -0.415 -0.42 -0.379
-0.199 -0.416 -0.387 -0.4 -0.413 -0.418 -0.376
-0.198 -0.414 -0.384 -0.398 -0.412 -0.416 -0.374
-0.197 -0.412 -0.382 -0.396 -0.41 -0.413 -0.371
-0.196 -0.41 -0.38 -0.394 -0.408 -0.411 -0.369
-0.195 -0.408 -0.378 -0.392 -0.406 -0.408 -0.366
-0.194 -0.406 -0.376 -0.389 -0.404 -0.406 -0.364
-0.193 -0.404 -0.374 -0.387 -0.402 -0.404 -0.362
-0.192 -0.402 -0.372 -0.385 -0.4 -0.401 -0.359
-0.191 -0.4 -0.37 -0.383 -0.398 -0.399 -0.357
-0.19 -0.398 -0.367 -0.381 -0.396 -0.397 -0.354
-0.189 -0.397 -0.365 -0.378 -0.394 -0.394 -0.352
-0.188 -0.395 -0.363 -0.376 -0.392 -0.392 -0.35
-0.187 -0.393 -0.361 -0.374 -0.391 -0.389 -0.347
-0.186 -0.391 -0.359 -0.372 -0.389 -0.387 -0.345
-0.185 -0.389 -0.357 -0.37 -0.387 -0.384 -0.343
-0.184 -0.387 -0.355 -0.367 -0.385 -0.382 -0.341
-0.183 -0.385 -0.353 -0.365 -0.383 -0.379 -0.339
-0.182 -0.383 -0.351 -0.363 -0.381 -0.377 -0.336
-0.181 -0.381 -0.348 -0.361 -0.379 -0.374 -0.334
-0.18 -0.379 -0.346 -0.359 -0.377 -0.372 -0.332
-0.179 -0.377 -0.344 -0.356 -0.375 -0.369 -0.33
-0.178 -0.375 -0.342 -0.354 -0.373 -0.367 -0.328
-0.177 -0.373 -0.34 -0.352 -0.371 -0.364 -0.326
-0.176 -0.371 -0.338 -0.35 -0.368 -0.362 -0.324
-0.175 -0.369 -0.336 -0.348 -0.366 -0.359 -0.322
-0.174 -0.367 -0.334 -0.345 -0.364 -0.356 -0.32
-0.173 -0.365 -0.332 -0.343 -0.362 -0.354 -0.318
-0.172 -0.363 -0.33 -0.341 -0.36 -0.351 -0.316
-0.171 -0.361 -0.328 -0.339 -0.358 -0.349 -0.315
-0.17 -0.359 -0.325 -0.337 -0.356 -0.346 -0.313
-0.169 -0.357 -0.323 -0.334 -0.354 -0.344 -0.311
-0.168 -0.355 -0.321 -0.332 -0.352 -0.341 -0.309
-0.167 -0.353 -0.319 -0.33 -0.35 -0.338 -0.307
-0.166 -0.351 -0.317 -0.328 -0.348 -0.336 -0.306
-0.165 -0.349 -0.315 -0.326 -0.345 -0.333 -0.304
-0.164 -0.347 -0.313 -0.323 -0.343 -0.331 -0.302
-0.163 -0.345 -0.311 -0.321 -0.341 -0.328 -0.301
-0.162 -0.343 -0.309 -0.319 -0.339 -0.325 -0.299
-0.161 -0.341 -0.307 -0.317 -0.337 -0.323 -0.297
-0.16 -0.339 -0.305 -0.315 -0.335 -0.32 -0.296
-0.159 -0.337 -0.303 -0.312 -0.333 -0.318 -0.294
-0.158 -0.335 -0.301 -0.31 -0.33 -0.315 -0.293
-0.157 -0.333 -0.299 -0.308 -0.328 -0.312 -0.291
-0.156 -0.331 -0.297 -0.306 -0.326 -0.31 -0.29
-0.155 -0.329 -0.295 -0.304 -0.324 -0.307 -0.288
-0.154 -0.327 -0.293 -0.302 -0.322 -0.304 -0.287
-0.153 -0.325 -0.291 -0.299 -0.319 -0.302 -0.285
-0.152 -0.323 -0.289 -0.297 -0.317 -0.299 -0.284
-0.151 -0.321 -0.287 -0.295 -0.315 -0.297 -0.283
-0.15 -0.319 -0.285 -0.293 -0.313 -0.294 -0.281
-0.149 -0.317 -0.283 -0.291 -0.31 -0.292 -0.28
-0.148 -0.315 -0.281 -0.289 -0.308 -0.289 -0.279
-0.147 -0.313 -0.279 -0.286 -0.306 -0.286 -0.277
-0.146 -0.311 -0.277 -0.284 -0.304 -0.284 -0.276
-0.145 -0.308 -0.275 -0.282 -0.301 -0.281 -0.275
-0.144 -0.306 -0.273 -0.28 -0.299 -0.279 -0.273
-0.143 -0.304 -0.271 -0.278 -0.297 -0.276 -0.272
-0.142 -0.302 -0.269 -0.275 -0.295 -0.274 -0.271
-0.141 -0.3 -0.267 -0.273 -0.292 -0.271 -0.27
-0.14 -0.298 -0.265 -0.271 -0.29 -0.269 -0.268
-0.139 -0.296 -0.263 -0.269 -0.288 -0.266 -0.267
-0.138 -0.294 -0.261 -0.267 -0.285 -0.264 -0.266
-0.137 -0.292 -0.259 -0.265 -0.283 -0.261 -0.265
-0.136 -0.29 -0.257 -0.263 -0.281 -0.259 -0.263
-0.135 -0.288 -0.255 -0.26 -0.278 -0.256 -0.262
-0.134 -0.286 -0.253 -0.258 -0.276 -0.254 -0.261
-0.133 -0.284 -0.251 -0.256 -0.274 -0.251 -0.26
-0.132 -0.282 -0.249 -0.254 -0.272 -0.249 -0.259
-0.131 -0.28 -0.247 -0.252 -0.269 -0.246 -0.258
-0.13 -0.278 -0.245 -0.25 -0.267 -0.244 -0.256
-0.129 -0.275 -0.243 -0.247 -0.265 -0.241 -0.255
-0.128 -0.273 -0.241 -0.245 -0.262 -0.239 -0.254
-0.127 -0.271 -0.239 -0.243 -0.26 -0.237 -0.253
-0.126 -0.269 -0.237 -0.241 -0.258 -0.234 -0.252
-0.125 -0.267 -0.235 -0.239 -0.255 -0.232 -0.25
-0.124 -0.265 -0.234 -0.237 -0.253 -0.229 -0.249
-0.123 -0.263 -0.232 -0.235 -0.25 -0.227 -0.248
-0.122 -0.261 -0.23 -0.233 -0.248 -0.225 -0.247
-0.121 -0.259 -0.228 -0.23 -0.246 -0.222 -0.246
-0.12 -0.257 -0.226 -0.228 -0.243 -0.22 -0.245
-0.119 -0.255 -0.224 -0.226 -0.241 -0.218 -0.243
-0.118 -0.253 -0.222 -0.224 -0.239 -0.215 -0.242
-0.117 -0.25 -0.22 -0.222 -0.236 -0.213 -0.241
-0.116 -0.248 -0.218 -0.22 -0.234 -0.211 -0.24
-0.115 -0.246 -0.216 -0.218 -0.232 -0.209 -0.238
-0.114 -0.244 -0.214 -0.216 -0.229 -0.206 -0.237
-0.113 -0.242 -0.212 -0.213 -0.227 -0.204 -0.236
-0.112 -0.24 -0.211 -0.211 -0.225 -0.202 -0.235
-0.111 -0.238 -0.209 -0.209 -0.222 -0.2 -0.233
-0.11 -0.236 -0.207 -0.207 -0.22 -0.198 -0.232
-0.109 -0.234 -0.205 -0.205 -0.217 -0.196 -0.231
-0.108 -0.231 -0.203 -0.203 -0.215 -0.193 -0.229
-0.107 -0.229 -0.201 -0.201 -0.213 -0.191 -0.228
-0.106 -0.227 -0.199 -0.199 -0.21 -0.189 -0.227
-0.105 -0.225 -0.197 -0.197 -0.208 -0.187 -0.225
-0.104 -0.223 -0.195 -0.195 -0.206 -0.185 -0.224
-0.103 -0.221 -0.194 -0.192 -0.203 -0.183 -0.223
-0.102 -0.219 -0.192 -0.19 -0.201 -0.181 -0.221
-0.101 -0.217 -0.19 -0.188 -0.199 -0.179 -0.22
-0.1 -0.215 -0.188 -0.186 -0.196 -0.177 -0.218
-0.099 -0.212 -0.186 -0.184 -0.194 -0.175 -0.217
-0.098 -0.21 -0.184 -0.182 -0.192 -0.173 -0.215
-0.097 -0.208 -0.182 -0.18 -0.189 -0.171 -0.214
-0.096 -0.206 -0.18 -0.178 -0.187 -0.169 -0.212
-0.095 -0.204 -0.179 -0.176 -0.185 -0.167 -0.211
-0.094 -0.202 -0.177 -0.174 -0.182 -0.165 -0.209
-0.093 -0.2 -0.175 -0.172 -0.18 -0.163 -0.208
-0.092 -0.197 -0.173 -0.17 -0.178 -0.161 -0.206
-0.091 -0.195 -0.171 -0.167 -0.175 -0.159 -0.204
-0.09 -0.193 -0.169 -0.165 -0.173 -0.157 -0.203
-0.089 -0.191 -0.167 -0.163 -0.171 -0.155 -0.201
-0.088 -0.189 -0.166 -0.161 -0.168 -0.153 -0.199
-0.087 -0.187 -0.164 -0.159 -0.166 -0.152 -0.198
-0.086 -0.185 -0.162 -0.157 -0.164 -0.15 -0.196
-0.085 -0.182 -0.16 -0.155 -0.161 -0.148 -0.194
-0.084 -0.18 -0.158 -0.153 -0.159 -0.146 -0.192
-0.083 -0.178 -0.156 -0.151 -0.157 -0.144 -0.191
-0.082 -0.176 -0.155 -0.149 -0.154 -0.143 -0.189
-0.081 -0.174 -0.153 -0.147 -0.152 -0.141 -0.187
-0.08 -0.172 -0.151 -0.145 -0.15 -0.139 -0.185
-0.079 -0.17 -0.149 -0.143 -0.148 -0.137 -0.183
-0.078 -0.167 -0.147 -0.141 -0.145 -0.136 -0.181
-0.077 -0.165 -0.145 -0.139 -0.143 -0.134 -0.179
-0.076 -0.163 -0.144 -0.137 -0.141 -0.132 -0.177
-0.075 -0.161 -0.142 -0.135 -0.139 -0.13 -0.175
-0.074 -0.159 -0.14 -0.133 -0.136 -0.129 -0.173
-0.073 -0.157 -0.138 -0.131 -0.134 -0.127 -0.171
-0.072 -0.155 -0.136 -0.129 -0.132 -0.125 -0.169
-0.071 -0.152 -0.135 -0.127 -0.13 -0.124 -0.167
-0.07 -0.15 -0.133 -0.125 -0.127 -0.122 -0.165
-0.069 -0.148 -0.131 -0.123 -0.125 -0.12 -0.163
-0.068 -0.146 -0.129 -0.121 -0.123 -0.119 -0.161
-0.067 -0.144 -0.127 -0.119 -0.121 -0.117 -0.159
-0.066 -0.142 -0.126 -0.117 -0.119 -0.115 -0.156
-0.065 -0.139 -0.124 -0.115 -0.116 -0.114 -0.154
-0.064 -0.137 -0.122 -0.113 -0.114 -0.112 -0.152
-0.063 -0.135 -0.12 -0.111 -0.112 -0.111 -0.15
-0.062 -0.133 -0.118 -0.109 -0.11 -0.109 -0.147
-0.061 -0.131 -0.117 -0.107 -0.108 -0.108 -0.145
-0.06 -0.129 -0.115 -0.105 -0.105 -0.106 -0.143
-0.059 -0.126 -0.113 -0.103 -0.103 -0.104 -0.141
-0.058 -0.124 -0.111 -0.101 -0.101 -0.103 -0.138
-0.057 -0.122 -0.109 -0.0988 -0.0991 -0.101 -0.136
-0.056 -0.12 -0.108 -0.0969 -0.0969 -0.0998 -0.133
-0.055 -0.118 -0.106 -0.0949 -0.0948 -0.0982 -0.131
-0.054 -0.116 -0.104 -0.0929 -0.0927 -0.0967 -0.129
-0.053 -0.113 -0.102 -0.091 -0.0906 -0.0952 -0.126
-0.052 -0.111 -0.101 -0.089 -0.0885 -0.0937 -0.124
-0.051 -0.109 -0.0988 -0.087 -0.0864 -0.0921 -0.121
-0.05 -0.107 -0.097 -0.0851 -0.0843 -0.0906 -0.119
-0.049 -0.105 -0.0952 -0.0831 -0.0822 -0.0891 -0.116
-0.048 -0.103 -0.0935 -0.0812 -0.0801 -0.0876 -0.114
-0.047 -0.1 -0.0917 -0.0792 -0.0781 -0.0861 -0.111
-0.046 -0.0982 -0.0899 -0.0773 -0.076 -0.0847 -0.109
-0.045 -0.096 -0.0881 -0.0753 -0.074 -0.0832 -0.106
-0.044 -0.0938 -0.0864 -0.0734 -0.0719 -0.0817 -0.104
-0.043 -0.0916 -0.0846 -0.0715 -0.0699 -0.0802 -0.101
-0.042 -0.0894 -0.0828 -0.0695 -0.0678 -0.0787 -0.0984
-0.041 -0.0872 -0.0811 -0.0676 -0.0658 -0.0772 -0.0958
-0.04 -0.0851 -0.0793 -0.0657 -0.0638 -0.0758 -0.0932
-0.039 -0.0829 -0.0775 -0.0637 -0.0618 -0.0743 -0.0905
-0.038 -0.0807 -0.0758 -0.0618 -0.0598 -0.0728 -0.0879
-0.037 -0.0785 -0.074 -0.0599 -0.0578 -0.0714 -0.0853
-0.036 -0.0763 -0.0722 -0.058 -0.0558 -0.0699 -0.0826
-0.035 -0.0741 -0.0705 -0.0561 -0.0538 -0.0684 -0.0799
-0.034 -0.072 -0.0687 -0.0542 -0.0519 -0.0669 -0.0773
-0.033 -0.0698 -0.067 -0.0522 -0.0499 -0.0655 -0.0746
-0.032 -0.0676 -0.0652 -0.0503 -0.0479 -0.064 -0.0719
-0.031 -0.0654 -0.0634 -0.0484 -0.046 -0.0625 -0.0692
-0.03 -0.0632 -0.0617 -0.0465 -0.044 -0.0611 -0.0665
-0.029 -0.061 -0.0599 -0.0446 -0.0421 -0.0596 -0.0638
-0.028 -0.0588 -0.0582 -0.0427 -0.0402 -0.0581 -0.0611
-0.027 -0.0566 -0.0564 -0.0408 -0.0382 -0.0566 -0.0584
-0.026 -0.0545 -0.0546 -0.039 -0.0363 -0.0552 -0.0557
-0.025 -0.0523 -0.0529 -0.0371 -0.0344 -0.0537 -0.053
-0.024 -0.0501 -0.0511 -0.0352 -0.0325 -0.0522 -0.0503
-0.023 -0.0479 -0.0494 -0.0333 -0.0306 -0.0507 -0.0475
-0.022 -0.0457 -0.0476 -0.0314 -0.0287 -0.0492 -0.0448
-0.021 -0.0435 -0.0459 -0.0295 -0.0268 -0.0477 -0.0421
-0.02 -0.0413 -0.0441 -0.0277 -0.025 -0.0462 -0.0394
-0.019 -0.0391 -0.0423 -0.0258 -0.0231 -0.0447 -0.0367
-0.018 -0.0369 -0.0406 -0.0239 -0.0212 -0.0432 -0.034
-0.017 -0.0347 -0.0388 -0.0221 -0.0194 -0.0417 -0.0313
-0.016 -0.0326 -0.0371 -0.0202 -0.0175 -0.0402 -0.0285
-0.015 -0.0304 -0.0353 -0.0183 -0.0157 -0.0387 -0.0258
-0.014 -0.0282 -0.0336 -0.0165 -0.0138 -0.0372 -0.0231
-0.013 -0.026 -0.0318 -0.0146 -0.012 -0.0357 -0.0204
-0.012 -0.0238 -0.03 -0.0128 -0.0102 -0.0341 -0.0178
-0.011 -0.0216 -0.0283 -0.0109 -0.00835 -0.0326 -0.0151
-0.01 -0.0194 -0.0265 -0.00905 -0.00653 -0.0311 -0.0124
-0.009 -0.0172 -0.0248 -0.0072 -0.00472 -0.0295 -0.00972
-0.008 -0.015 -0.023 -0.00536 -0.00291 -0.0279 -0.00706
-0.007 -0.0128 -0.0213 -0.00351 -0.00112 -0.0264 -0.00441
-0.006 -0.0106 -0.0195 -0.00167 0.000678 -0.0248 -0.00176
-0.005 -0.00842 -0.0177 0.000168 0.00247 -0.0232 0.000878
-0.004 -0.00623 -0.016 0.002 0.00425 -0.0217 0.00351
-0.003 -0.00403 -0.0142 0.00384 0.00603 -0.0201 0.00612
-0.002 -0.00184 -0.0125 0.00567 0.0078 -0.0185 0.00873
-0.001 0.000357 -0.0107 0.0075 0.00957 -0.0169 0.0113
0 0.00255 -0.00895 0.00933 0.0113 -0.0152 0.0139
0.001 0.00475 -0.00719 0.0112 0.0131 -0.0136 0.0165
0.002 0.00694 -0.00543 0.013 0.0148 -0.012 0.019
0.003 0.00914 -0.00366 0.0148 0.0166 -0.0103 0.0216
0.004 0.0113 -0.0019 0.0166 0.0183 -0.00869 0.0241
0.005 0.0135 -0.000136 0.0184 0.0201 -0.00704 0.0266
0.006 0.0157 0.00163 0.0202 0.0218 -0.00537 0.0291
0.007 0.0179 0.00339 0.0221 0.0236 -0.00369 0.0316
0.008 0.0201 0.00516 0.0239 0.0253 -0.002 0.0341
0.009 0.0223 0.00693 0.0257 0.027 -0.000308 0.0366
0.01 0.0245 0.00869 0.0275 0.0287 0.0014 0.039
0.011 0.0267 0.0105 0.0293 0.0304 0.00312 0.0414
0.012 0.0289 0.0122 0.0311 0.0322 0.00484 0.0438
0.013 0.0311 0.014 0.0329 0.0339 0.00658 0.0462
0.014 0.0333 0.0158 0.0347 0.0356 0.00833 0.0486
0.015 0.0355 0.0175 0.0365 0.0373 0.0101 0.0509
0.016 0.0377 0.0193 0.0383 0.039 0.0119 0.0533
0.017 0.0399 0.0211 0.0401 0.0407 0.0136 0.0556
0.018 0.0421 0.0229 0.0419 0.0424 0.0154 0.0579
0.019 0.0442 0.0246 0.0437 0.0441 0.0172 0.0602
0.02 0.0464 0.0264 0.0454 0.0458 0.019 0.0624
0.021 0.0486 0.0282 0.0472 0.0475 0.0209 0.0647
0.022 0.0508 0.03 0.049 0.0491 0.0227 0.0669
0.023 0.053 0.0318 0.0508 0.0508 0.0245 0.0691
0.024 0.0552 0.0336 0.0526 0.0525 0.0264 0.0713
0.025 0.0574 0.0353 0.0544 0.0542 0.0283 0.0734
0.026 0.0596 0.0371 0.0561 0.0559 0.0302 0.0756
0.027 0.0618 0.0389 0.0579 0.0575 0.0321 0.0777
0.028 0.064 0.0407 0.0597 0.0592 0.034 0.0798
0.029 0.0662 0.0425 0.0615 0.0609 0.0359 0.0819
0.03 0.0684 0.0443 0.0632 0.0626 0.0378 0.0839
0.031 0.0705 0.0461 0.065 0.0642 0.0398 0.086
0.032 0.0727 0.0479 0.0668 0.0659 0.0417 0.088
0.033 0.0749 0.0497 0.0686 0.0676 0.0437 0.09
0.034 0.0771 0.0515 0.0703 0.0693 0.0457 0.092
0.035 0.0793 0.0533 0.0721 0.0709 0.0477 0.0939
0.036 0.0815 0.0551 0.0739 0.0726 0.0497 0.0958
0.037 0.0837 0.0569 0.0756 0.0743 0.0517 0.0977
0.038 0.0859 0.0587 0.0774 0.0759 0.0537 0.0996
0.039 0.088 0.0605 0.0792 0.0776 0.0558 0.101
0.04 0.0902 0.0623 0.0809 0.0793 0.0578 0.103
0.041 0.0924 0.0641 0.0827 0.0809 0.0599 0.105
0.042 0.0946 0.0659 0.0844 0.0826 0.062 0.107
0.043 0.0968 0.0677 0.0862 0.0843 0.0641 0.109
0.044 0.099 0.0696 0.088 0.0859 0.0662 0.111
0.045 0.101 0.0714 0.0897 0.0876 0.0683 0.112
0.046 0.103 0.0732 0.0915 0.0893 0.0704 0.114
0.047 0.106 0.075 0.0932 0.091 0.0726 0.116
0.048 0.108 0.0769 0.095 0.0926 0.0747 0.117
0.049 0.11 0.0787 0.0967 0.0943 0.0769 0.119
0.05 0.112 0.0805 0.0985 0.096 0.0791 0.121
0.051 0.114 0.0823 0.1 0.0977 0.0813 0.122
0.052 0.116 0.0842 0.102 0.0993 0.0835 0.124
0.053 0.119 0.086 0.104 0.101 0.0857 0.125
0.054 0.121 0.0879 0.106 0.103 0.0879 0.127
0.055 0.123 0.0897 0.107 0.104 0.0902 0.129
0.056 0.125 0.0915 0.109 0.106 0.0924 0.13
0.057 0.127 0.0934 0.111 0.108 0.0947 0.132
0.058 0.129 0.0952 0.113 0.109 0.0969 0.133
0.059 0.132 0.0971 0.114 0.111 0.0992 0.135
0.06 0.134 0.099 0.116 0.113 0.102 0.136
0.061 0.136 0.101 0.118 0.115 0.104 0.138
0.062 0.138 0.103 0.12 0.116 0.106 0.139
0.063 0.14 0.105 0.121 0.118 0.109 0.14
0.064 0.143 0.106 0.123 0.12 0.111 0.142
0.065 0.145 0.108 0.125 0.121 0.113 0.143
0.066 0.147 0.11 0.127 0.123 0.116 0.145
0.067 0.149 0.112 0.128 0.125 0.118 0.146
0.068 0.151 0.114 0.13 0.127 0.12 0.147
0.069 0.153 0.116 0.132 0.128 0.123 0.149
0.07 0.156 0.118 0.134 0.13 0.125 0.15
0.071 0.158 0.12 0.135 0.132 0.128 0.151
0.072 0.16 0.121 0.137 0.133 0.13 0.153
0.073 0.162 0.123 0.139 0.135 0.132 0.154
0.074 0.164 0.125 0.141 0.137 0.135 0.155
0.075 0.166 0.127 0.142 0.139 0.137 0.156
0.076 0.168 0.129 0.144 0.141 0.14 0.158
0.077 0.171 0.131 0.146 0.142 0.142 0.159
0.078 0.173 0.133 0.148 0.144 0.145 0.16
0.079 0.175 0.135 0.149 0.146 0.147 0.162
0.08 0.177 0.137 0.151 0.148 0.15 0.163
0.081 0.179 0.139 0.153 0.149 0.152 0.164
0.082 0.181 0.14 0.155 0.151 0.155 0.165
0.083 0.184 0.142 0.156 0.153 0.157 0.166
0.084 0.186 0.144 0.158 0.155 0.16 0.168
0.085 0.188 0.146 0.16 0.157 0.162 0.169
0.086 0.19 0.148 0.162 0.158 0.165 0.17
0.087 0.192 0.15 0.164 0.16 0.167 0.171
0.088 0.194 0.152 0.165 0.162 0.17 0.173
0.089 0.196 0.154 0.167 0.164 0.172 0.174
0.09 0.199 0.156 0.169 0.166 0.175 0.175
0.091 0.201 0.158 0.171 0.167 0.178 0.176
0.092 0.203 0.16 0.172 0.169 0.18 0.178
0.093 0.205 0.162 0.174 0.171 0.183 0.179
0.094 0.207 0.164 0.176 0.173 0.185 0.18
0.095 0.209 0.166 0.178 0.175 0.188 0.181
0.096 0.211 0.168 0.179 0.177 0.19 0.183
0.097 0.214 0.17 0.181 0.179 0.193 0.184
0.098 0.216 0.172 0.183 0.181 0.196 0.185
0.099 0.218 0.173 0.185 0.182 0.198 0.186
0.1 0.22 0.175 0.187 0.184 0.201 0.188
0.101 0.222 0.177 0.188 0.186 0.203 0.189
0.102 0.224 0.179 0.19 0.188 0.206 0.19
0.103 0.226 0.181 0.192 0.19 0.209 0.192
0.104 0.228 0.183 0.194 0.192 0.211 0.193
0.105 0.231 0.185 0.196 0.194 0.214 0.194
0.106 0.233 0.187 0.197 0.196 0.216 0.196
0.107 0.235 0.189 0.199 0.198 0.219 0.197
0.108 0.237 0.191 0.201 0.2 0.222 0.198
0.109 0.239 0.193 0.203 0.202 0.224 0.2
0.11 0.241 0.195 0.205 0.204 0.227 0.201
0.111 0.243 0.197 0.206 0.206 0.229 0.203
0.112 0.245 0.199 0.208 0.208 0.232 0.204
0.113 0.248 0.201 0.21 0.21 0.234 0.206
0.114 0.25 0.203 0.212 0.212 0.237 0.207
0.115 0.252 0.205 0.214 0.214 0.24 0.209
0.116 0.254 0.208 0.216 0.216 0.242 0.21
0.117 0.256 0.21 0.217 0.218 0.245 0.212
0.118 0.258 0.212 0.219 0.22 0.247 0.213
0.119 0.26 0.214 0.221 0.222 0.25 0.215
0.12 0.262 0.216 0.223 0.224 0.252 0.216
0.121 0.264 0.218 0.225 0.226 0.255 0.218
0.122 0.267 0.22 0.227 0.228 0.258 0.22
0.123 0.269 0.222 0.228 0.23 0.26 0.221
0.124 0.271 0.224 0.23 0.232 0.263 0.223
0.125 0.273 0.226 0.232 0.234 0.265 0.225
0.126 0.275 0.228 0.234 0.236 0.268 0.226
0.127 0.277 0.23 0.236 0.238 0.27 0.228
0.128 0.279 0.232 0.238 0.24 0.273 0.23
0.129 0.281 0.234 0.24 0.242 0.275 0.232
0.13 0.283 0.236 0.242 0.244 0.278 0.234
0.131 0.285 0.238 0.243 0.246 0.28 0.235
0.132 0.287 0.24 0.245 0.249 0.282 0.237
0.133 0.289 0.243 0.247 0.251 0.285 0.239
0.134 0.292 0.245 0.249 0.253 0.287 0.241
0.135 0.294 0.247 0.251 0.255 0.29 0.243
0.136 0.296 0.249 0.253 0.257 0.292 0.245
0.137 0.298 0.251 0.255 0.259 0.295 0.247
0.138 0.3 0.253 0.257 0.261 0.297 0.249
0.139 0.302 0.255 0.259 0.264 0.299 0.251
0.14 0.304 0.257 0.26 0.266 0.302 0.253
0.141 0.306 0.259 0.262 0.268 0.304 0.255
0.142 0.308 0.262 0.264 0.27 0.306 0.257
0.143 0.31 0.264 0.266 0.272 0.309 0.26
0.144 0.312 0.266 0.268 0.275 0.311 0.262
0.145 0.314 0.268 0.27 0.277 0.313 0.264
0.146 0.316 0.27 0.272 0.279 0.316 0.266
0.147 0.318 0.272 0.274 0.281 0.318 0.268
0.148 0.32 0.274 0.276 0.283 0.32 0.271
0.149 0.323 0.277 0.278 0.286 0.323 0.273
0.15 0.325 0.279 0.28 0.288 0.325 0.275
0.151 0.327 0.281 0.282 0.29 0.327 0.278
0.152 0.329 0.283 0.284 0.292 0.329 0.28
0.153 0.331 0.285 0.286 0.295 0.331 0.282
0.154 0.333 0.287 0.288 0.297 0.334 0.285
0.155 0.335 0.29 0.29 0.299 0.336 0.287
0.156 0.337 0.292 0.292 0.302 0.338 0.29
0.157 0.339 0.294 0.293 0.304 0.34 0.292
0.158 0.341 0.296 0.295 0.306 0.342 0.295
0.159 0.343 0.298 0.297 0.308 0.344 0.297
0.16 0.345 0.3 0.299 0.311 0.346 0.3
0.161 0.347 0.303 0.301 0.313 0.348 0.302
0.162 0.349 0.305 0.303 0.315 0.351 0.305
0.163 0.351 0.307 0.305 0.318 0.353 0.307
0.164 0.353 0.309 0.307 0.32 0.355 0.31
0.165 0.355 0.311 0.309 0.322 0.357 0.313
0.166 0.357 0.314 0.311 0.324 0.359 0.315
0.167 0.359 0.316 0.314 0.327 0.361 0.318
0.168 0.361 0.318 0.316 0.329 0.363 0.321
0.169 0.363 0.32 0.318 0.331 0.365 0.323
0.17 0.365 0.323 0.32 0.334 0.366 0.326
0.171 0.367 0.325 0.322 0.336 0.368 0.329
0.172 0.369 0.327 0.324 0.338 0.37 0.332
0.173 0.371 0.329 0.326 0.341 0.372 0.334
0.174 0.373 0.331 0.328 0.343 0.374 0.337
0.175 0.375 0.334 0.33 0.346 0.376 0.34
0.176 0.377 0.336 0.332 0.348 0.378 0.343
0.177 0.379 0.338 0.334 0.35 0.38 0.345
0.178 0.381 0.34 0.336 0.353 0.381 0.348
0.179 0.383 0.343 0.338 0.355 0.383 0.351
0.18 0.385 0.345 0.34 0.357 0.385 0.354
0.181 0.387 0.347 0.342 0.36 0.387 0.357
0.182 0.389 0.35 0.344 0.362 0.388 0.359
0.183 0.391 0.352 0.347 0.364 0.39 0.362
0.184 0.393 0.354 0.349 0.367 0.392 0.365
0.185 0.395 0.356 0.351 0.369 0.394 0.368
0.186 0.397 0.359 0.353 0.371 0.395 0.371
0.187 0.399 0.361 0.355 0.374 0.397 0.374
0.188 0.401 0.363 0.357 0.376 0.399 0.376
0.189 0.403 0.365 0.359 0.379 0.4 0.379
0.19 0.405 0.368 0.361 0.381 0.402 0.382
0.191 0.407 0.37 0.363 0.383 0.403 0.385
0.192 0.409 0.372 0.366 0.386 0.405 0.388
0.193 0.411 0.375 0.368 0.388 0.407 0.39
0.194 0.413 0.377 0.37 0.39 0.408 0.393
0.195 0.414 0.379 0.372 0.393 0.41 0.396
0.196 0.416 0.382 0.374 0.395 0.411 0.399
0.197 0.418 0.384 0.376 0.397 0.413 0.402
0.198 0.42 0.386 0.379 0.4 0.414 0.404
0.199 0.422 0.389 0.381 0.402 0.416 0.407
0.2 0.424 0.391 0.383 0.405 0.417 0.41
0.201 0.426 0.393 0.385 0.407 0.419 0.413
0.202 0.428 0.395 0.387 0.409 0.42 0.416
0.203 0.43 0.398 0.389 0.412 0.422 0.418
0.204 0.432 0.4 0.392 0.414 0.423 0.421
0.205 0.434 0.402 0.394 0.416 0.425 0.424
0.206 0.436 0.405 0.396 0.419 0.426 0.426
0.207 0.438 0.407 0.398 0.421 0.428 0.429
0.208 0.44 0.409 0.401 0.423 0.429 0.432
0.209 0.441 0.412 0.403 0.426 0.431 0.434
0.21 0.443 0.414 0.405 0.428 0.432 0.437
0.211 0.445 0.417 0.407 0.43 0.433 0.44
0.212 0.447 0.419 0.409 0.432 0.435 0.442
0.213 0.449 0.421 0.412 0.435 0.436 0.445
0.214 0.451 0.424 0.414 0.437 0.438 0.448
0.215 0.453 0.426 0.416 0.439 0.439 0.45
0.216 0.455 0.428 0.418 0.442 0.44 0.453
0.217 0.457 0.431 0.421 0.444 0.442 0.455
0.218 0.458 0.433 0.423 0.446 0.443 0.458
0.219 0.46 0.435 0.425 0.449 0.444 0.46
0.22 0.462 0.438 0.427 0.451 0.446 0.463
0.221 0.464 0.44 0.43 0.453 0.447 0.465
0.222 0.466 0.442 0.432 0.455 0.448 0.467
0.223 0.468 0.445 0.434 0.458 0.45 0.47
0.224 0.47 0.447 0.437 0.46 0.451 0.472
0.225 0.472 0.45 0.439 0.462 0.453 0.475
0.226 0.473 0.452 0.441 0.464 0.454 0.477
0.227 0.475 0.454 0.443 0.467 0.455 0.479
0.228 0.477 0.457 0.446 0.469 0.457 0.481
0.229 0.479 0.459 0.448 0.471 0.458 0.484
0.23 0.481 0.461 0.45 0.473 0.459 0.486
0.231 0.483 0.464 0.453 0.475 0.461 0.488
0.232 0.484 0.466 0.455 0.478 0.462 0.49
0.233 0.486 0.469 0.457 0.48 0.463 0.493
0.234 0.488 0.471 0.46 0.482 0.465 0.495
0.235 0.49 0.473 0.462 0.484 0.466 0.497
0.236 0.492 0.476 0.464 0.486 0.467 0.499
0.237 0.494 0.478 0.467 0.488 0.469 0.501
0.238 0.495 0.481 0.469 0.491 0.47 0.503
0.239 0.497 0.483 0.471 0.493 0.471 0.505
0.24 0.499 0.485 0.474 0.495 0.473 0.507
0.241 0.501 0.488 0.476 0.497 0.474 0.509
0.242 0.503 0.49 0.478 0.499 0.475 0.511
0.243 0.504 0.493 0.481 0.501 0.477 0.513
0.244 0.506 0.495 0.483 0.503 0.478 0.515
0.245 0.508 0.497 0.485 0.505 0.479 0.517
0.246 0.51 0.5 0.488 0.508 0.481 0.518
0.247 0.512 0.502 0.49 0.51 0.482 0.52
0.248 0.513 0.505 0.492 0.512 0.484 0.522
0.249 0.515 0.507 0.495 0.514 0.485 0.524
0.25 0.517 0.509 0.497 0.516 0.486 0.525
0.251 0.519 0.512 0.499 0.518 0.488 0.527
0.252 0.52 0.514 0.502 0.52 0.489 0.529
0.253 0.522 0.517 0.504 0.522 0.491 0.531
0.254 0.524 0.519 0.507 0.524 0.492 0.532
0.255 0.526 0.521 0.509 0.526 0.494 0.534
0.256 0.527 0.524 0.511 0.528 0.495 0.535
0.257 0.529 0.526 0.514 0.53 0.497 0.537
0.258 0.531 0.529 0.516 0.532 0.498 0.539
0.259 0.533 0.531 0.519 0.534 0.499 0.54
0.26 0.534 0.533 0.521 0.536 0.501 0.542
0.261 0.536 0.536 0.523 0.538 0.502 0.543
0.262 0.538 0.538 0.526 0.54 0.504 0.545
0.263 0.54 0.541 0.528 0.542 0.506 0.546
0.264 0.541 0.543 0.531 0.544 0.507 0.548
0.265 0.543 0.545 0.533 0.546 0.509 0.549
0.266 0.545 0.548 0.535 0.548 0.51 0.55
0.267 0.547 0.55 0.538 0.55 0.512 0.552
0.268 0.548 0.553 0.54 0.552 0.513 0.553
0.269 0.55 0.555 0.542 0.554 0.515 0.554
0.27 0.552 0.557 0.545 0.555 0.517 0.556
0.271 0.553 0.56 0.547 0.557 0.518 0.557
0.272 0.555 0.562 0.55 0.559 0.52 0.558
0.273 0.557 0.565 0.552 0.561 0.522 0.56
0.274 0.558 0.567 0.555 0.563 0.523 0.561
0.275 0.56 0.569 0.557 0.565 0.525 0.562
0.276 0.562 0.572 0.559 0.567 0.527 0.564
0.277 0.564 0.574 0.562 0.569 0.528 0.565
0.278 0.565 0.577 0.564 0.57 0.53 0.566
0.279 0.567 0.579 0.567 0.572 0.532 0.567
0.28 0.569 0.581 0.569 0.574 0.534 0.568
0.281 0.57 0.584 0.571 0.576 0.535 0.57
0.282 0.572 0.586 0.574 0.578 0.537 0.571
0.283 0.574 0.589 0.576 0.58 0.539 0.572
0.284 0.575 0.591 0.579 0.581 0.541 0.573
0.285 0.577 0.593 0.581 0.583 0.543 0.574
0.286 0.578 0.596 0.583 0.585 0.545 0.576
0.287 0.58 0.598 0.586 0.587 0.547 0.577
0.288 0.582 0.6 0.588 0.589 0.548 0.578
0.289 0.583 0.603 0.591 0.59 0.55 0.579
0.29 0.585 0.605 0.593 0.592 0.552 0.58
0.291 0.587 0.607 0.595 0.594 0.554 0.581
0.292 0.588 0.61 0.598 0.596 0.556 0.583
0.293 0.59 0.612 0.6 0.597 0.558 0.584
0.294 0.591 0.615 0.603 0.599 0.56 0.585
0.295 0.593 0.617 0.605 0.601 0.562 0.586
0.296 0.595 0.619 0.607 0.603 0.564 0.587
0.297 0.596 0.622 0.61 0.605 0.566 0.588
0.298 0.598 0.624 0.612 0.606 0.568 0.59
0.299 0.599 0.626 0.615 0.608 0.57 0.591
0.3 0.601 0.629 0.617 0.61 0.572 0.592
0.301 0.603 0.631 0.619 0.611 0.575 0.593
0.302 0.604 0.633 0.622 0.613 0.577 0.594
0.303 0.606 0.636 0.624 0.615 0.579 0.596
0.304 0.607 0.638 0.626 0.617 0.581 0.597
0.305 0.609 0.64 0.629 0.618 0.583 0.598
0.306 0.61 0.643 0.631 0.62 0.585 0.599
0.307 0.612 0.645 0.634 0.622 0.588 0.601
0.308 0.614 0.647 0.636 0.624 0.59 0.602
0.309 0.615 0.65 0.638 0.625 0.592 0.603
0.31 0.617 0.652 0.641 0.627 0.594 0.604
0.311 0.618 0.654 0.643 0.629 0.597 0.606
0.312 0.62 0.656 0.645 0.63 0.599 0.607
0.313 0.621 0.659 0.648 0.632 0.601 0.608
0.314 0.623 0.661 0.65 0.634 0.604 0.61
0.315 0.624 0.663 0.652 0.636 0.606 0.611
0.316 0.626 0.666 0.655 0.637 0.608 0.612
0.317 0.627 0.668 0.657 0.639 0.611 0.614
0.318 0.629 0.67 0.66 0.641 0.613 0.615
0.319 0.63 0.672 0.662 0.642 0.616 0.617
0.32 0.632 0.675 0.664 0.644 0.618 0.618
0.321 0.633 0.677 0.666 0.646 0.62 0.62
0.322 0.635 0.679 0.669 0.648 0.623 0.621
0.323 0.636 0.681 0.671 0.649 0.625 0.623
0.324 0.638 0.684 0.673 0.651 0.628 0.624
0.325 0.639 0.686 0.676 0.653 0.63 0.626
0.326 0.641 0.688 0.678 0.654 0.633 0.627
0.327 0.642 0.69 0.68 0.656 0.635 0.629
0.328 0.644 0.693 0.683 0.658 0.638 0.631
0.329 0.645 0.695 0.685 0.66 0.64 0.632
0.33 0.647 0.697 0.687 0.661 0.643 0.634
0.331 0.648 0.699 0.689 0.663 0.645 0.636
0.332 0.649 0.701 0.692 0.665 0.648 0.637
0.333 0.651 0.704 0.694 0.667 0.651 0.639
0.334 0.652 0.706 0.696 0.668 0.653 0.641
0.335 0.654 0.708 0.699 0.67 0.656 0.643
0.336 0.655 0.71 0.701 0.672 0.659 0.645
0.337 0.657 0.712 0.703 0.674 0.661 0.646
0.338 0.658 0.714 0.705 0.675 0.664 0.648
0.339 0.659 0.717 0.707 0.677 0.666 0.65
0.34 0.661 0.719 0.71 0.679 0.669 0.652
0.341 0.662 0.721 0.712 0.681 0.672 0.654
0.342 0.664 0.723 0.714 0.682 0.674 0.656
0.343 0.665 0.725 0.716 0.684 0.677 0.658
0.344 0.666 0.727 0.719 0.686 0.68 0.66
0.345 0.668 0.729 0.721 0.688 0.683 0.663
0.346 0.669 0.732 0.723 0.689 0.685 0.665
0.347 0.67 0.734 0.725 0.691 0.688 0.667
0.348 0.672 0.736 0.727 0.693 0.691 0.669
0.349 0.673 0.738 0.729 0.695 0.693 0.671
0.35 0.675 0.74 0.732 0.696 0.696 0.673
0.351 0.676 0.742 0.734 0.698 0.699 0.676
0.352 0.677 0.744 0.736 0.7 0.702 0.678
0.353 0.679 0.746 0.738 0.702 0.704 0.68
0.354 0.68 0.748 0.74 0.704 0.707 0.683
0.355 0.681 0.75 0.742 0.705 0.71 0.685
0.356 0.683 0.752 0.744 0.707 0.713 0.687
0.357 0.684 0.754 0.746 0.709 0.716 0.69
0.358 0.685 0.756 0.749 0.711 0.718 0.692
0.359 0.687 0.758 0.751 0.713 0.721 0.695
0.36 0.688 0.76 0.753 0.715 0.724 0.697
0.361 0.689 0.762 0.755 0.716 0.727 0.7
0.362 0.69 0.764 0.757 0.718 0.729 0.702
0.363 0.692 0.766 0.759 0.72 0.732 0.705
0.364 0.693 0.768 0.761 0.722 0.735 0.708
0.365 0.694 0.77 0.763 0.724 0.738 0.71
0.366 0.696 0.772 0.765 0.726 0.74 0.713
0.367 0.697 0.774 0.767 0.728 0.743 0.715
0.368 0.698 0.776 0.769 0.73 0.746 0.718
0.369 0.699 0.778 0.771 0.731 0.749 0.721
0.37 0.701 0.78 0.773 0.733 0.752 0.724
0.371 0.702 0.782 0.775 0.735 0.754 0.726
0.372 0.703 0.784 0.777 0.737 0.757 0.729
0.373 0.704 0.785 0.779 0.739 0.76 0.732
0.374 0.706 0.787 0.781 0.741 0.763 0.735
0.375 0.707 0.789 0.783 0.743 0.765 0.737
0.376 0.708 0.791 0.785 0.745 0.768 0.74
0.377 0.709 0.793 0.787 0.747 0.771 0.743
0.378 0.71 0.795 0.789 0.749 0.773 0.746
0.379 0.712 0.796 0.791 0.751 0.776 0.749
0.38 0.713 0.798 0.792 0.753 0.779 0.752
0.381 0.714 0.8 0.794 0.755 0.782 0.755
0.382 0.715 0.802 0.796 0.756 0.784 0.757
0.383 0.716 0.804 0.798 0.758 0.787 0.76
0.384 0.718 0.805 0.8 0.76 0.79 0.763
0.385 0.719 0.807 0.802 0.762 0.792 0.766
0.386 0.72 0.809 0.804 0.764 0.795 0.769
0.387 0.721 0.811 0.805 0.766 0.798 0.772
0.388 0.722 0.812 0.807 0.768 0.8 0.775
0.389 0.723 0.814 0.809 0.77 0.803 0.778
0.39 0.724 0.816 0.811 0.772 0.805 0.781
0.391 0.726 0.818 0.812 0.774 0.808 0.784
0.392 0.727 0.819 0.814 0.776 0.811 0.787
0.393 0.728 0.821 0.816 0.778 0.813 0.79
0.394 0.729 0.823 0.818 0.78 0.816 0.793
0.395 0.73 0.824 0.819 0.782 0.818 0.795
0.396 0.731 0.826 0.821 0.785 0.821 0.798
0.397 0.732 0.827 0.823 0.787 0.823 0.801
0.398 0.733 0.829 0.825 0.789 0.826 0.804
0.399 0.734 0.831 0.826 0.791 0.828 0.807
0.4 0.736 0.832 0.828 0.793 0.831 0.81
0.401 0.737 0.834 0.83 0.795 0.833 0.813
0.402 0.738 0.835 0.831 0.797 0.835 0.816
0.403 0.739 0.837 0.833 0.799 0.838 0.819
0.404 0.74 0.838 0.834 0.801 0.84 0.822
0.405 0.741 0.84 0.836 0.803 0.843 0.824
0.406 0.742 0.842 0.838 0.805 0.845 0.827
0.407 0.743 0.843 0.839 0.807 0.847 0.83
0.408 0.744 0.844 0.841 0.809 0.849 0.833
0.409 0.745 0.846 0.842 0.811 0.852 0.836
0.41 0.746 0.847 0.844 0.813 0.854 0.838
0.411 0.747 0.849 0.845 0.816 0.856 0.841
0.412 0.748 0.85 0.847 0.818 0.858 0.844
0.413 0.749 0.852 0.848 0.82 0.861 0.847
0.414 0.75 0.853 0.85 0.822 0.863 0.849
0.415 0.751 0.855 0.851 0.824 0.865 0.852
0.416 0.752 0.856 0.853 0.826 0.867 0.855
0.417 0.753 0.857 0.854 0.828 0.869 0.857
0.418 0.754 0.859 0.856 0.83 0.871 0.86
0.419 0.755 0.86 0.857 0.832 0.873 0.863
0.42 0.756 0.861 0.858 0.834 0.875 0.865
0.421 0.757 0.863 0.86 0.836 0.877 0.868
0.422 0.758 0.864 0.861 0.839 0.879 0.87
0.423 0.759 0.865 0.863 0.841 0.881 0.873
0.424 0.76 0.867 0.864 0.843 0.883 0.875
0.425 0.761 0.868 0.865 0.845 0.885 0.878
0.426 0.762 0.869 0.867 0.847 0.887 0.88
0.427 0.763 0.87 0.868 0.849 0.889 0.882
0.428 0.764 0.871 0.869 0.851 0.891 0.885
0.429 0.764 0.873 0.87 0.853 0.892 0.887
0.43 0.765 0.874 0.872 0.855 0.894 0.889
0.431 0.766 0.875 0.873 0.857 0.896 0.892
0.432 0.767 0.876 0.874 0.859 0.898 0.894
0.433 0.768 0.877 0.875 0.861 0.899 0.896
0.434 0.769 0.878 0.876 0.864 0.901 0.898
0.435 0.77 0.88 0.878 0.866 0.903 0.901
0.436 0.771 0.881 0.879 0.868 0.904 0.903
0.437 0.771 0.882 0.88 0.87 0.906 0.905
0.438 0.772 0.883 0.881 0.872 0.907 0.907
0.439 0.773 0.884 0.882 0.874 0.909 0.909
0.44 0.774 0.885 0.883 0.876 0.91 0.911
0.441 0.775 0.886 0.884 0.878 0.912 0.913
0.442 0.776 0.887 0.885 0.88 0.913 0.915
0.443 0.777 0.888 0.887 0.882 0.915 0.916
0.444 0.777 0.889 0.888 0.884 0.916 0.918
0.445 0.778 0.89 0.889 0.886 0.917 0.92
0.446 0.779 0.891 0.89 0.888 0.919 0.922
0.447 0.78 0.892 0.891 0.89 0.92 0.923
0.448 0.781 0.893 0.892 0.892 0.921 0.925
0.449 0.781 0.894 0.893 0.894 0.922 0.927
0.45 0.782 0.894 0.893 0.896 0.924 0.928
0.451 0.783 0.895 0.894 0.897 0.925 0.93
0.452 0.784 0.896 0.895 0.899 0.926 0.931
0.453 0.784 0.897 0.896 0.901 0.927 0.933
0.454 0.785 0.898 0.897 0.903 0.928 0.934
0.455 0.786 0.899 0.898 0.905 0.929 0.936
0.456 0.787 0.899 0.899 0.907 0.93 0.937
0.457 0.787 0.9 0.9 0.909 0.931 0.939
0.458 0.788 0.901 0.9 0.911 0.932 0.94
0.459 0.789 0.902 0.901 0.912 0.933 0.941
0.46 0.789 0.902 0.902 0.914 0.934 0.942
0.461 0.79 0.903 0.903 0.916 0.935 0.943
0.462 0.791 0.904 0.904 0.918 0.936 0.945
0.463 0.792 0.905 0.904 0.919 0.936 0.946
0.464 0.792 0.905 0.905 0.921 0.937 0.947
0.465 0.793 0.906 0.906 0.923 0.938 0.948
0.466 0.794 0.906 0.906 0.924 0.939 0.949
0.467 0.794 0.907 0.907 0.926 0.939 0.95
0.468 0.795 0.908 0.908 0.928 0.94 0.951
0.469 0.796 0.908 0.908 0.929 0.94 0.951
0.47 0.796 0.909 0.909 0.931 0.941 0.952
0.471 0.797 0.909 0.909 0.932 0.942 0.953
0.472 0.797 0.91 0.91 0.934 0.942 0.954
0.473 0.798 0.91 0.911 0.935 0.943 0.954
0.474 0.799 0.911 0.911 0.937 0.943 0.955
0.475 0.799 0.911 0.912 0.938 0.943 0.956
0.476 0.8 0.912 0.912 0.94 0.944 0.956
0.477 0.8 0.912 0.913 0.941 0.944 0.957
0.478 0.801 0.913 0.913 0.943 0.945 0.957
0.479 0.802 0.913 0.913 0.944 0.945 0.958
0.48 0.802 0.913 0.914 0.945 0.945 0.958
0.481 0.803 0.914 0.914 0.947 0.945 0.959
0.482 0.803 0.914 0.915 0.948 0.946 0.959
0.483 0.804 0.914 0.915 0.949 0.946 0.959
0.484 0.804 0.915 0.915 0.95 0.946 0.96
0.485 0.805 0.915 0.916 0.951 0.946 0.96
0.486 0.805 0.915 0.916 0.953 0.946 0.96
0.487 0.806 0.916 0.916 0.954 0.946 0.96
0.488 0.806 0.916 0.917 0.955 0.946 0.96
0.489 0.807 0.916 0.917 0.956 0.946 0.96
0.49 0.807 0.916 0.917 0.957 0.946 0.96
0.491 0.808 0.916 0.917 0.958 0.946 0.96
0.492 0.808 0.917 0.918 0.959 0.946 0.96
0.493 0.809 0.917 0.918 0.96 0.946 0.96
0.494 0.809 0.917 0.918 0.961 0.946 0.96
0.495 0.81 0.917 0.918 0.961 0.946 0.96
0.496 0.81 0.917 0.918 0.962 0.946 0.96
0.497 0.811 0.917 0.918 0.963 0.945 0.959
0.498 0.811 0.917 0.918 0.964 0.945 0.959
0.499 0.812 0.917 0.918 0.964 0.945 0.959
0.5 0.812 0.917 0.919 0.965 0.945 0.959
0.501 0.812 0.917 0.919 0.966 0.944 0.958
0.502 0.813 0.917 0.919 0.966 0.944 0.958
0.503 0.813 0.917 0.919 0.967 0.944 0.957
0.504 0.814 0.917 0.919 0.967 0.943 0.957
0.505 0.814 0.917 0.919 0.968 0.943 0.956
0.506 0.814 0.917 0.918 0.968 0.942 0.956
0.507 0.815 0.917 0.918 0.968 0.942 0.955
0.508 0.815 0.917 0.918 0.969 0.941 0.955
0.509 0.815 0.917 0.918 0.969 0.941 0.954
0.51 0.816 0.917 0.918 0.969 0.94 0.953
0.511 0.816 0.916 0.918 0.969 0.94 0.952
0.512 0.816 0.916 0.918 0.969 0.939 0.952
0.513 0.817 0.916 0.918 0.969 0.938 0.951
0.514 0.817 0.916 0.917 0.97 0.938 0.95
0.515 0.817 0.915 0.917 0.97 0.937 0.949
0.516 0.818 0.915 0.917 0.969 0.936 0.948
0.517 0.818 0.915 0.917 0.969 0.936 0.947
0.518 0.818 0.915 0.916 0.969 0.935 0.946
0.519 0.819 0.914 0.916 0.969 0.934 0.945
0.52 0.819 0.914 0.916 0.969 0.933 0.944
0.521 0.819 0.914 0.915 0.969 0.932 0.943
0.522 0.819 0.913 0.915 0.968 0.932 0.942
0.523 0.82 0.913 0.915 0.968 0.931 0.941
0.524 0.82 0.912 0.914 0.967 0.93 0.94
0.525 0.82 0.912 0.914 0.967 0.929 0.939
0.526 0.82 0.912 0.913 0.966 0.928 0.938
0.527 0.821 0.911 0.913 0.966 0.927 0.937
0.528 0.821 0.911 0.912 0.965 0.926 0.935
0.529 0.821 0.91 0.912 0.965 0.925 0.934
0.53 0.821 0.91 0.911 0.964 0.924 0.933
0.531 0.821 0.909 0.911 0.963 0.923 0.931
0.532 0.821 0.909 0.91 0.962 0.922 0.93
0.533 0.822 0.908 0.91 0.962 0.921 0.929
0.534 0.822 0.907 0.909 0.961 0.92 0.927
0.535 0.822 0.907 0.908 0.96 0.918 0.926
0.536 0.822 0.906 0.908 0.959 0.917 0.924
0.537 0.822 0.906 0.907 0.958 0.916 0.923
0.538 0.822 0.905 0.906 0.957 0.915 0.921
0.539 0.822 0.904 0.906 0.956 0.914 0.92
0.54 0.823 0.903 0.905 0.954 0.912 0.918
0.541 0.823 0.903 0.904 0.953 0.911 0.917
0.542 0.823 0.902 0.903 0.952 0.91 0.915
0.543 0.823 0.901 0.903 0.951 0.909 0.913
0.544 0.823 0.9 0.902 0.949 0.907 0.912
0.545 0.823 0.9 0.901 0.948 0.906 0.91
0.546 0.823 0.899 0.9 0.946 0.905 0.908
0.547 0.823 0.898 0.899 0.945 0.903 0.907
0.548 0.823 0.897 0.899 0.943 0.902 0.905
0.549 0.823 0.896 0.898 0.942 0.9 0.903
0.55 0.823 0.895 0.897 0.94 0.899 0.902
0.551 0.823 0.895 0.896 0.938 0.898 0.9
0.552 0.823 0.894 0.895 0.937 0.896 0.898
0.553 0.823 0.893 0.894 0.935 0.895 0.896
0.554 0.823 0.892 0.893 0.933 0.893 0.894
0.555 0.823 0.891 0.892 0.931 0.892 0.893
0.556 0.823 0.89 0.891 0.929 0.89 0.891
0.557 0.823 0.889 0.89 0.928 0.889 0.889
0.558 0.823 0.888 0.889 0.926 0.887 0.887
0.559 0.823 0.887 0.888 0.924 0.885 0.885
0.56 0.823 0.886 0.887 0.922 0.884 0.883
0.561 0.823 0.885 0.885 0.919 0.882 0.881
0.562 0.823 0.884 0.884 0.917 0.881 0.879
0.563 0.823 0.882 0.883 0.915 0.879 0.878
0.564 0.823 0.881 0.882 0.913 0.877 0.876
0.565 0.823 0.88 0.881 0.911 0.876 0.874
0.566 0.823 0.879 0.88 0.909 0.874 0.872
0.567 0.822 0.878 0.878 0.906 0.872 0.87
0.568 0.822 0.877 0.877 0.904 0.871 0.868
0.569 0.822 0.875 0.876 0.902 0.869 0.866
0.57 0.822 0.874 0.874 0.899 0.867 0.864
0.571 0.822 0.873 0.873 0.897 0.865 0.862
0.572 0.822 0.872 0.872 0.894 0.864 0.86
0.573 0.822 0.871 0.871 0.892 0.862 0.858
0.574 0.821 0.869 0.869 0.889 0.86 0.856
0.575 0.821 0.868 0.868 0.887 0.858 0.854
0.576 0.821 0.867 0.866 0.884 0.857 0.852
0.577 0.821 0.865 0.865 0.882 0.855 0.85
0.578 0.821 0.864 0.863 0.879 0.853 0.848
0.579 0.82 0.863 0.862 0.876 0.851 0.846
0.58 0.82 0.861 0.861 0.874 0.849 0.844
0.581 0.82 0.86 0.859 0.871 0.847 0.842
0.582 0.82 0.858 0.858 0.868 0.845 0.839
0.583 0.819 0.857 0.856 0.865 0.844 0.837
0.584 0.819 0.855 0.855 0.863 0.842 0.835
0.585 0.819 0.854 0.853 0.86 0.84 0.833
0.586 0.819 0.852 0.851 0.857 0.838 0.831
0.587 0.818 0.851 0.85 0.854 0.836 0.829
0.588 0.818 0.849 0.848 0.851 0.834 0.827
0.589 0.818 0.848 0.847 0.848 0.832 0.825
0.59 0.817 0.846 0.845 0.846 0.83 0.823
0.591 0.817 0.845 0.843 0.843 0.828 0.821
0.592 0.817 0.843 0.842 0.84 0.826 0.819
0.593 0.816 0.842 0.84 0.837 0.824 0.817
0.594 0.816 0.84 0.838 0.834 0.822 0.815
0.595 0.816 0.838 0.836 0.831 0.82 0.813
0.596 0.815 0.837 0.835 0.828 0.818 0.811
0.597 0.815 0.835 0.833 0.825 0.816 0.809
0.598 0.814 0.833 0.831 0.822 0.814 0.807
0.599 0.814 0.832 0.829 0.819 0.812 0.805
0.6 0.814 0.83 0.828 0.816 0.81 0.803
0.601 0.813 0.828 0.826 0.813 0.808 0.801
0.602 0.813 0.827 0.824 0.81 0.806 0.799
0.603 0.812 0.825 0.822 0.807 0.804 0.797
0.604 0.812 0.823 0.82 0.804 0.802 0.795
0.605 0.811 0.821 0.818 0.801 0.8 0.793
0.606 0.811 0.82 0.816 0.798 0.798 0.791
0.607 0.81 0.818 0.814 0.795 0.796 0.789
0.608 0.81 0.816 0.813 0.792 0.794 0.786
0.609 0.81 0.814 0.811 0.789 0.792 0.784
0.61 0.809 0.812 0.809 0.786 0.79 0.782
0.611 0.809 0.81 0.807 0.783 0.787 0.78
0.612 0.808 0.809 0.805 0.78 0.785 0.778
0.613 0.807 0.807 0.803 0.777 0.783 0.776
0.614 0.807 0.805 0.801 0.774 0.781 0.774
0.615 0.806 0.803 0.799 0.77 0.779 0.772
0.616 0.806 0.801 0.797 0.767 0.777 0.77
0.617 0.805 0.799 0.795 0.764 0.775 0.768
0.618 0.805 0.797 0.792 0.761 0.773 0.766
0.619 0.804 0.795 0.79 0.758 0.771 0.764
0.62 0.803 0.793 0.788 0.755 0.768 0.762
0.621 0.803 0.791 0.786 0.752 0.766 0.76
0.622 0.802 0.789 0.784 0.749 0.764 0.758
0.623 0.802 0.787 0.782 0.746 0.762 0.756
0.624 0.801 0.785 0.78 0.743 0.76 0.754
0.625 0.8 0.783 0.778 0.741 0.758 0.752
0.626 0.8 0.781 0.775 0.738 0.756 0.75
0.627 0.799 0.779 0.773 0.735 0.753 0.748
0.628 0.798 0.777 0.771 0.732 0.751 0.746
0.629 0.798 0.775 0.769 0.729 0.749 0.744
0.63 0.797 0.773 0.767 0.726 0.747 0.742
0.631 0.796 0.771 0.764 0.723 0.745 0.74
0.632 0.796 0.769 0.762 0.72 0.743 0.738
0.633 0.795 0.766 0.76 0.717 0.74 0.736
0.634 0.794 0.764 0.758 0.715 0.738 0.734
0.635 0.793 0.762 0.755 0.712 0.736 0.732
0.636 0.793 0.76 0.753 0.709 0.734 0.73
0.637 0.792 0.758 0.751 0.706 0.732 0.728
0.638 0.791 0.756 0.749 0.703 0.73 0.726
0.639 0.79 0.754 0.746 0.701 0.727 0.724
0.64 0.79 0.751 0.744 0.698 0.725 0.722
0.641 0.789 0.749 0.742 0.695 0.723 0.72
0.642 0.788 0.747 0.739 0.693 0.721 0.718
0.643 0.787 0.745 0.737 0.69 0.719 0.716
0.644 0.786 0.742 0.735 0.687 0.716 0.714
0.645 0.785 0.74 0.732 0.685 0.714 0.712
0.646 0.785 0.738 0.73 0.682 0.712 0.71
0.647 0.784 0.736 0.728 0.679 0.71 0.708
0.648 0.783 0.733 0.725 0.677 0.708 0.706
0.649 0.782 0.731 0.723 0.674 0.706 0.704
0.65 0.781 0.729 0.72 0.672 0.703 0.702
0.651 0.78 0.726 0.718 0.669 0.701 0.7
0.652 0.779 0.724 0.716 0.667 0.699 0.698
0.653 0.778 0.722 0.713 0.664 0.697 0.696
0.654 0.777 0.72 0.711 0.662 0.695 0.694
0.655 0.776 0.717 0.708 0.66 0.692 0.692
0.656 0.776 0.715 0.706 0.657 0.69 0.69
0.657 0.775 0.712 0.704 0.655 0.688 0.688
0.658 0.774 0.71 0.701 0.653 0.686 0.686
0.659 0.773 0.708 0.699 0.65 0.684 0.684
0.66 0.772 0.705 0.696 0.648 0.682 0.682
0.661 0.771 0.703 0.694 0.646 0.679 0.68
0.662 0.77 0.701 0.691 0.644 0.677 0.678
0.663 0.769 0.698 0.689 0.641 0.675 0.676
0.664 0.768 0.696 0.686 0.639 0.673 0.674
0.665 0.766 0.693 0.684 0.637 0.671 0.672
0.666 0.765 0.691 0.682 0.635 0.669 0.669
0.667 0.764 0.689 0.679 0.633 0.666 0.667
0.668 0.763 0.686 0.677 0.631 0.664 0.665
0.669 0.762 0.684 0.674 0.629 0.662 0.663
0.67 0.761 0.681 0.672 0.627 0.66 0.661
0.671 0.76 0.679 0.669 0.625 0.658 0.659
0.672 0.759 0.676 0.667 0.623 0.656 0.657
0.673 0.758 0.674 0.664 0.621 0.653 0.655
0.674 0.757 0.671 0.662 0.619 0.651 0.653
0.675 0.755 0.669 0.659 0.617 0.649 0.651
0.676 0.754 0.666 0.657 0.615 0.647 0.649
0.677 0.753 0.664 0.654 0.613 0.645 0.646
0.678 0.752 0.661 0.652 0.612 0.643 0.644
0.679 0.751 0.659 0.649 0.61 0.641 0.642
0.68 0.75 0.656 0.647 0.608 0.638 0.64
0.681 0.748 0.654 0.644 0.606 0.636 0.638
0.682 0.747 0.651 0.642 0.605 0.634 0.636
0.683 0.746 0.649 0.639 0.603 0.632 0.634
0.684 0.745 0.646 0.637 0.601 0.63 0.632
0.685 0.743 0.644 0.634 0.6 0.628 0.629
0.686 0.742 0.641 0.632 0.598 0.626 0.627
0.687 0.741 0.639 0.629 0.596 0.624 0.625
0.688 0.74 0.636 0.627 0.595 0.621 0.623
0.689 0.738 0.634 0.624 0.593 0.619 0.621
0.69 0.737 0.631 0.622 0.592 0.617 0.619
0.691 0.736 0.629 0.619 0.59 0.615 0.617
0.692 0.734 0.626 0.617 0.589 0.613 0.614
0.693 0.733 0.624 0.614 0.587 0.611 0.612
0.694 0.732 0.621 0.612 0.586 0.609 0.61
0.695 0.73 0.618 0.61 0.585 0.607 0.608
0.696 0.729 0.616 0.607 0.583 0.605 0.606
0.697 0.728 0.613 0.605 0.582 0.602 0.604
0.698 0.726 0.611 0.602 0.58 0.6 0.602
0.699 0.725 0.608 0.6 0.579 0.598 0.599
0.7 0.723 0.606 0.597 0.578 0.596 0.597
0.701 0.722 0.603 0.595 0.576 0.594 0.595
0.702 0.721 0.601 0.592 0.575 0.592 0.593
0.703 0.719 0.598 0.59 0.574 0.59 0.591
0.704 0.718 0.595 0.588 0.573 0.588 0.589
0.705 0.716 0.593 0.585 0.571 0.586 0.587
0.706 0.715 0.59 0.583 0.57 0.584 0.585
0.707 0.713 0.588 0.58 0.569 0.582 0.582
0.708 0.712 0.585 0.578 0.568 0.58 0.58
0.709 0.71 0.583 0.575 0.567 0.578 0.578
0.71 0.709 0.58 0.573 0.565 0.576 0.576
0.711 0.707 0.577 0.571 0.564 0.573 0.574
0.712 0.706 0.575 0.568 0.563 0.571 0.572
0.713 0.704 0.572 0.566 0.562 0.569 0.57
0.714 0.702 0.57 0.564 0.561 0.567 0.568
0.715 0.701 0.567 0.561 0.56 0.565 0.566
0.716 0.699 0.565 0.559 0.559 0.563 0.563
0.717 0.698 0.562 0.556 0.557 0.561 0.561
0.718 0.696 0.559 0.554 0.556 0.559 0.559
0.719 0.694 0.557 0.552 0.555 0.557 0.557
0.72 0.693 0.554 0.549 0.554 0.555 0.555
0.721 0.691 0.552 0.547 0.553 0.553 0.553
0.722 0.69 0.549 0.545 0.552 0.551 0.551
0.723 0.688 0.547 0.543 0.551 0.549 0.549
0.724 0.686 0.544 0.54 0.55 0.547 0.547
0.725 0.685 0.542 0.538 0.549 0.545 0.545
0.726 0.683 0.539 0.536 0.548 0.543 0.543
0.727 0.681 0.536 0.533 0.547 0.541 0.541
0.728 0.679 0.534 0.531 0.546 0.539 0.539
0.729 0.678 0.531 0.529 0.544 0.537 0.537
0.73 0.676 0.529 0.527 0.543 0.535 0.535
0.731 0.674 0.526 0.524 0.542 0.533 0.533
0.732 0.672 0.524 0.522 0.541 0.531 0.531
0.733 0.671 0.521 0.52 0.54 0.529 0.529
0.734 0.669 0.519 0.518 0.539 0.527 0.527
0.735 0.667 0.516 0.515 0.538 0.525 0.525
0.736 0.665 0.514 0.513 0.537 0.523 0.523
0.737 0.663 0.511 0.511 0.536 0.521 0.522
0.738 0.662 0.509 0.509 0.534 0.519 0.52
0.739 0.66 0.506 0.507 0.533 0.517 0.518
0.74 0.658 0.504 0.505 0.532 0.515 0.516
0.741 0.656 0.501 0.502 0.531 0.513 0.514
0.742 0.654 0.499 0.5 0.53 0.512 0.512
0.743 0.652 0.496 0.498 0.529 0.51 0.51
0.744 0.65 0.494 0.496 0.527 0.508 0.508
0.745 0.648 0.491 0.494 0.526 0.506 0.507
0.746 0.646 0.489 0.492 0.525 0.504 0.505
0.747 0.645 0.486 0.49 0.524 0.502 0.503
0.748 0.643 0.484 0.488 0.522 0.5 0.501
0.749 0.641 0.481 0.485 0.521 0.498 0.499
0.75 0.639 0.479 0.483 0.52 0.496 0.497
0.751 0.637 0.477 0.481 0.518 0.494 0.496
0.752 0.635 0.474 0.479 0.517 0.492 0.494
0.753 0.633 0.472 0.477 0.516 0.49 0.492
0.754 0.631 0.469 0.475 0.514 0.488 0.49
0.755 0.629 0.467 0.473 0.513 0.486 0.488
0.756 0.627 0.464 0.471 0.511 0.485 0.487
0.757 0.625 0.462 0.469 0.51 0.483 0.485
0.758 0.622 0.46 0.467 0.508 0.481 0.483
0.759 0.62 0.457 0.465 0.507 0.479 0.481
0.76 0.618 0.455 0.463 0.505 0.477 0.48
0.761 0.616 0.453 0.461 0.504 0.475 0.478
0.762 0.614 0.45 0.459 0.502 0.473 0.476
0.763 0.612 0.448 0.457 0.501 0.471 0.474
0.764 0.61 0.446 0.455 0.499 0.469 0.472
0.765 0.608 0.443 0.453 0.497 0.468 0.471
0.766 0.605 0.441 0.452 0.495 0.466 0.469
0.767 0.603 0.439 0.45 0.494 0.464 0.467
0.768 0.601 0.436 0.448 0.492 0.462 0.465
0.769 0.599 0.434 0.446 0.49 0.46 0.464
0.77 0.597 0.432 0.444 0.488 0.458 0.462
0.771 0.594 0.429 0.442 0.486 0.456 0.46
0.772 0.592 0.427 0.44 0.485 0.454 0.458
0.773 0.59 0.425 0.438 0.483 0.452 0.456
0.774 0.588 0.423 0.436 0.481 0.451 0.455
0.775 0.585 0.42 0.435 0.479 0.449 0.453
0.776 0.583 0.418 0.433 0.477 0.447 0.451
0.777 0.581 0.416 0.431 0.475 0.445 0.449
0.778 0.579 0.414 0.429 0.473 0.443 0.447
0.779 0.576 0.412 0.427 0.47 0.441 0.445
0.78 0.574 0.409 0.426 0.468 0.439 0.444
0.781 0.572 0.407 0.424 0.466 0.438 0.442
0.782 0.569 0.405 0.422 0.464 0.436 0.44
0.783 0.567 0.403 0.42 0.462 0.434 0.438
0.784 0.565 0.401 0.418 0.459 0.432 0.436
0.785 0.562 0.399 0.417 0.457 0.43 0.434
0.786 0.56 0.396 0.415 0.455 0.428 0.432
0.787 0.557 0.394 0.413 0.452 0.426 0.43
0.788 0.555 0.392 0.411 0.45 0.424 0.428
0.789 0.552 0.39 0.41 0.448 0.423 0.427
0.79 0.55 0.388 0.408 0.445 0.421 0.425
0.791 0.548 0.386 0.406 0.443 0.419 0.423
0.792 0.545 0.384 0.404 0.44 0.417 0.421
0.793 0.543 0.382 0.403 0.438 0.415 0.419
0.794 0.54 0.38 0.401 0.435 0.413 0.417
0.795 0.538 0.378 0.399 0.433 0.411 0.415
0.796 0.535 0.376 0.398 0.43 0.41 0.413
0.797 0.533 0.374 0.396 0.428 0.408 0.411
0.798 0.53 0.372 0.394 0.425 0.406 0.409
0.799 0.527 0.37 0.392 0.422 0.404 0.407
0.8 0.525 0.368 0.391 0.42 0.402 0.404
0.801 0.522 0.366 0.389 0.417 0.4 0.402
0.802 0.52 0.364 0.387 0.414 0.398 0.4
0.803 0.517 0.362 0.386 0.411 0.396 0.398
0.804 0.514 0.36 0.384 0.409 0.394 0.396
0.805 0.512 0.358 0.382 0.406 0.393 0.394
0.806 0.509 0.356 0.381 0.403 0.391 0.392
0.807 0.507 0.354 0.379 0.4 0.389 0.39
0.808 0.504 0.353 0.377 0.398 0.387 0.388
0.809 0.501 0.351 0.376 0.395 0.385 0.385
0.81 0.498 0.349 0.374 0.392 0.383 0.383
0.811 0.496 0.347 0.373 0.389 0.381 0.381
0.812 0.493 0.345 0.371 0.386 0.379 0.379
0.813 0.49 0.343 0.369 0.383 0.377 0.377
0.814 0.488 0.342 0.368 0.38 0.375 0.374
0.815 0.485 0.34 0.366 0.377 0.373 0.372
0.816 0.482 0.338 0.364 0.375 0.371 0.37
0.817 0.479 0.336 0.363 0.372 0.37 0.368
0.818 0.476 0.335 0.361 0.369 0.368 0.366
0.819 0.474 0.333 0.359 0.366 0.366 0.363
0.82 0.471 0.331 0.358 0.363 0.364 0.361
0.821 0.468 0.329 0.356 0.36 0.362 0.359
0.822 0.465 0.328 0.355 0.357 0.36 0.357
0.823 0.462 0.326 0.353 0.354 0.358 0.354
0.824 0.459 0.324 0.351 0.351 0.356 0.352
0.825 0.457 0.323 0.35 0.348 0.354 0.35
0.826 0.454 0.321 0.348 0.345 0.352 0.348
0.827 0.451 0.319 0.347 0.343 0.35 0.345
0.828 0.448 0.318 0.345 0.34 0.348 0.343
0.829 0.445 0.316 0.343 0.337 0.346 0.341
0.83 0.442 0.315 0.342 0.334 0.344 0.338
0.831 0.439 0.313 0.34 0.331 0.342 0.336
0.832 0.436 0.311 0.338 0.328 0.34 0.334
0.833 0.433 0.31 0.337 0.325 0.338 0.332
0.834 0.43 0.308 0.335 0.323 0.336 0.329
0.835 0.427 0.307 0.333 0.32 0.334 0.327
0.836 0.424 0.305 0.332 0.317 0.332 0.325
0.837 0.421 0.304 0.33 0.314 0.33 0.323
0.838 0.418 0.302 0.329 0.311 0.328 0.32
0.839 0.415 0.301 0.327 0.309 0.326 0.318
0.84 0.412 0.299 0.325 0.306 0.323 0.316
0.841 0.409 0.298 0.324 0.303 0.321 0.314
0.842 0.406 0.296 0.322 0.3 0.319 0.312
0.843 0.402 0.295 0.32 0.298 0.317 0.309
0.844 0.399 0.293 0.319 0.295 0.315 0.307
0.845 0.396 0.292 0.317 0.292 0.313 0.305
0.846 0.393 0.291 0.315 0.29 0.311 0.303
0.847 0.39 0.289 0.313 0.287 0.309 0.301
0.848 0.387 0.288 0.312 0.285 0.307 0.299
0.849 0.383 0.286 0.31 0.282 0.305 0.296
0.85 0.38 0.285 0.308 0.28 0.303 0.294
0.851 0.377 0.284 0.307 0.277 0.3 0.292
0.852 0.374 0.282 0.305 0.275 0.298 0.29
0.853 0.371 0.281 0.303 0.272 0.296 0.288
0.854 0.367 0.28 0.301 0.27 0.294 0.286
0.855 0.364 0.278 0.3 0.268 0.292 0.284
0.856 0.361 0.277 0.298 0.265 0.29 0.282
0.857 0.358 0.276 0.296 0.263 0.288 0.28
0.858 0.354 0.274 0.294 0.261 0.286 0.278
0.859 0.351 0.273 0.293 0.258 0.283 0.276
0.86 0.348 0.272 0.291 0.256 0.281 0.274
0.861 0.344 0.27 0.289 0.254 0.279 0.273
0.862 0.341 0.269 0.287 0.252 0.277 0.271
0.863 0.337 0.268 0.286 0.25 0.275 0.269
0.864 0.334 0.267 0.284 0.248 0.273 0.267
0.865 0.331 0.265 0.282 0.246 0.27 0.265
0.866 0.327 0.264 0.28 0.244 0.268 0.263
0.867 0.324 0.263 0.278 0.242 0.266 0.262
0.868 0.32 0.262 0.276 0.24 0.264 0.26
0.869 0.317 0.26 0.274 0.238 0.262 0.258
0.87 0.314 0.259 0.273 0.236 0.26 0.256
0.871 0.31 0.258 0.271 0.234 0.257 0.255
0.872 0.307 0.257 0.269 0.233 0.255 0.253
0.873 0.303 0.255 0.267 0.231 0.253 0.251
0.874 0.3 0.254 0.265 0.229 0.251 0.25
0.875 0.296 0.253 0.263 0.228 0.249 0.248
0.876 0.292 0.252 0.261 0.226 0.246 0.247
0.877 0.289 0.251 0.259 0.224 0.244 0.245
0.878 0.285 0.249 0.257 0.223 0.242 0.243
0.879 0.282 0.248 0.255 0.221 0.24 0.242
0.88 0.278 0.247 0.253 0.22 0.238 0.24
0.881 0.275 0.246 0.251 0.218 0.236 0.239
0.882 0.271 0.245 0.249 0.217 0.233 0.237
0.883 0.267 0.243 0.247 0.216 0.231 0.235
0.884 0.264 0.242 0.245 0.214 0.229 0.234
0.885 0.26 0.241 0.243 0.213 0.227 0.232
0.886 0.256 0.24 0.241 0.212 0.225 0.231
0.887 0.253 0.239 0.239 0.211 0.223 0.229
0.888 0.249 0.237 0.237 0.209 0.221 0.227
0.889 0.245 0.236 0.235 0.208 0.218 0.226
0.89 0.241 0.235 0.233 0.207 0.216 0.224
0.891 0.238 0.234 0.23 0.206 0.214 0.223
0.892 0.234 0.232 0.228 0.205 0.212 0.221
0.893 0.23 0.231 0.226 0.204 0.21 0.219
0.894 0.226 0.23 0.224 0.203 0.208 0.217
0.895 0.223 0.229 0.222 0.202 0.206 0.216
0.896 0.219 0.227 0.22 0.201 0.204 0.214
0.897 0.215 0.226 0.217 0.2 0.202 0.212
0.898 0.211 0.225 0.215 0.199 0.199 0.21
0.899 0.207 0.224 0.213 0.198 0.197 0.209
0.9 0.203 0.222 0.211 0.197 0.195 0.207
0.901 0.2 0.221 0.208 0.197 0.193 0.205
0.902 0.196 0.22 0.206 0.196 0.191 0.203
0.903 0.192 0.218 0.204 0.195 0.189 0.201
0.904 0.188 0.217 0.202 0.194 0.187 0.199
0.905 0.184 0.216 0.199 0.193 0.185 0.197
0.906 0.18 0.214 0.197 0.193 0.183 0.195
0.907 0.176 0.213 0.195 0.192 0.181 0.193
0.908 0.172 0.212 0.192 0.191 0.179 0.191
0.909 0.168 0.21 0.19 0.19 0.178 0.188
0.91 0.164 0.209 0.187 0.189 0.176 0.186
0.911 0.16 0.207 0.185 0.188 0.174 0.184
0.912 0.156 0.206 0.183 0.188 0.172 0.182
0.913 0.152 0.205 0.18 0.187 0.17 0.18
0.914 0.148 0.203 0.178 0.186 0.168 0.177
0.915 0.144 0.202 0.175 0.185 0.166 0.175
0.916 0.14 0.2 0.173 0.184 0.165 0.172
0.917 0.136 0.198 0.17 0.183 0.163 0.17
0.918 0.132 0.197 0.168 0.182 0.161 0.168
0.919 0.128 0.195 0.166 0.181 0.159 0.165
0.92 0.123 0.194 0.163 0.18 0.157 0.163
0.921 0.119 0.192 0.161 0.179 0.156 0.16
0.922 0.115 0.19 0.158 0.178 0.154 0.158
0.923 0.111 0.189 0.156 0.177 0.152 0.155
0.924 0.107 0.187 0.153 0.176 0.15 0.153
0.925 0.103 0.185 0.151 0.174 0.149 0.15
0.926 0.0983 0.184 0.148 0.173 0.147 0.148
0.927 0.0941 0.182 0.146 0.172 0.145 0.145
0.928 0.0899 0.18 0.143 0.17 0.144 0.142
0.929 0.0856 0.178 0.141 0.169 0.142 0.14
0.93 0.0813 0.176 0.138 0.167 0.141 0.137
0.931 0.0771 0.174 0.135 0.165 0.139 0.135
0.932 0.0728 0.173 0.133 0.163 0.137 0.132
0.933 0.0685 0.171 0.13 0.162 0.136 0.13
0.934 0.0641 0.169 0.128 0.16 0.134 0.127
0.935 0.0598 0.167 0.125 0.158 0.132 0.125
0.936 0.0555 0.165 0.123 0.155 0.131 0.122
0.937 0.0511 0.162 0.12 0.153 0.129 0.12
0.938 0.0467 0.16 0.118 0.151 0.128 0.117
0.939 0.0423 0.158 0.115 0.148 0.126 0.115
0.94 0.0379 0.156 0.113 0.146 0.124 0.113
0.941 0.0335 0.154 0.11 0.143 0.123 0.11
0.942 0.0291 0.151 0.108 0.141 0.121 0.108
0.943 0.0246 0.149 0.105 0.138 0.119 0.106
0.944 0.0202 0.147 0.103 0.135 0.117 0.104
0.945 0.0157 0.144 0.101 0.132 0.116 0.102
0.946 0.0112 0.142 0.0982 0.129 0.114 0.1
0.947 0.00673 0.139 0.0958 0.126 0.112 0.0982
0.948 0.00221 0.137 0.0934 0.123 0.11 0.0964
0.949 -0.00231 0.134 0.091 0.119 0.109 0.0947
0.95 -0.00685 0.132 0.0887 0.116 0.107 0.0931
0.951 -0.0114 0.129 0.0864 0.112 0.105 0.0916
0.952 -0.016 0.126 0.0841 0.109 0.103 0.0901
0.953 -0.0206 0.124 0.0818 0.105 0.101 0.0887
0.954 -0.0252 0.121 0.0795 0.102 0.0988 0.0874
0.955 -0.0298 0.118 0.0773 0.098 0.0967 0.0862
0.956 -0.0344 0.115 0.0751 0.0943 0.0946 0.085
0.957 -0.039 0.112 0.073 0.0906 0.0925 0.0839
0.958 -0.0437 0.109 0.0708 0.0868 0.0903 0.0829
0.959 -0.0483 0.106 0.0687 0.083 0.088 0.0818
0.96 -0.053 0.103 0.0667 0.0792 0.0858 0.0808
0.961 -0.0577 0.0996 0.0646 0.0754 0.0835 0.0799
0.962 -0.0624 0.0964 0.0626 0.0716 0.0811 0.0789
0.963 -0.0671 0.0931 0.0607 0.0678 0.0787 0.0778
0.964 -0.0719 0.0898 0.0588 0.064 0.0763 0.0768
0.965 -0.0766 0.0864 0.0569 0.0603 0.0738 0.0757
0.966 -0.0814 0.0829 0.0551 0.0566 0.0713 0.0745
0.967 -0.0861 0.0794 0.0533 0.0529 0.0688 0.0732
0.968 -0.0909 0.0759 0.0515 0.0494 0.0662 0.0718
0.969 -0.0957 0.0722 0.0498 0.0459 0.0636 0.0703
0.97 -0.101 0.0685 0.0482 0.0424 0.061 0.0687
0.971 -0.105 0.0648 0.0465 0.0391 0.0584 0.0669
0.972 -0.11 0.061 0.045 0.0359 0.0557 0.065
0.973 -0.115 0.0571 0.0435 0.0328 0.053 0.0629
0.974 -0.12 0.0532 0.042 0.0298 0.0504 0.0606
0.975 -0.125 0.0492 0.0406 0.027 0.0477 0.0583
0.976 -0.13 0.0451 0.0392 0.0243 0.0451 0.0557
0.977 -0.135 0.041 0.0379 0.0218 0.0424 0.053
0.978 -0.14 0.0368 0.0366 0.0195 0.0398 0.0502
0.979 -0.145 0.0326 0.0354 0.0173 0.0372 0.0473
0.98 -0.149 0.0283 0.0343 0.0154 0.0347 0.0442
0.981 -0.154 0.0239 0.0332 0.0137 0.0322 0.041
0.982 -0.159 0.0195 0.0321 0.0122 0.0297 0.0378
0.983 -0.164 0.0149 0.0311 0.011 0.0273 0.0345
0.984 -0.169 0.0104 0.0302 0.01 0.025 0.0311
0.985 -0.174 0.00571 0.0293 0.00933 0.0228 0.0278
0.986 -0.179 0.000994 0.0285 0.00897 0.0207 0.0244
0.987 -0.185 -0.00379 0.0277 0.00894 0.0187 0.0211
0.988 -0.19 -0.00864 0.0269 0.00927 0.0169 0.0179
0.989 -0.195 -0.0136 0.0263 0.00999 0.0153 0.0148
0.99 -0.2 -0.0186 0.0256 0.0111 0.0138 0.0118
0.991 -0.205 -0.0236 0.0251 0.0127 0.0125 0.00913
0.992 -0.21 -0.0288 0.0246 0.0148 0.0115 0.00676
0.993 -0.215 -0.034 0.0241 0.0174 0.0108 0.00483
0.994 -0.22 -0.0392 0.0237 0.0206 0.0105 0.00351
0.995 -0.225 -0.0446 0.0233 0.0245 0.0105 0.00304
0.996 -0.231 -0.05 0.023 0.0291 0.0109 0.00377
0.997 -0.236 -0.0555 0.0227 0.0344 0.0119 0.00631
0.998 -0.241 -0.061 0.0225 0.0407 0.0135 0.0117
0.999 -0.246 -0.0667 0.0223 0.048 0.0159 0.0217
1 -0.251 -0.0724 0.0222 0.0564 0.0191 0.0408
