      
-1 -0.00583 0.00916 0.00957 -0.0172 0.0116 -0.00493
-0.999 -0.0084 0.00703 0.00754 -0.0193 0.00976 -0.00651
-0.998 -0.011 0.0049 0.00549 -0.0214 0.00787 -0.00808
-0.997 -0.0135 0.00276 0.00344 -0.0234 0.00596 -0.00963
-0.996 -0.0161 0.000625 0.00139 -0.0254 0.00404 -0.0112
-0.995 -0.0187 -0.00151 -0.000666 -0.0274 0.00209 -0.0127
-0.994 -0.0212 -0.00365 -0.00273 -0.0294 0.000132 -0.0143
-0.993 -0.0238 -0.00579 -0.00479 -0.0313 -0.00185 -0.0158
-0.992 -0.0264 -0.00794 -0.00686 -0.0333 -0.00385 -0.0173
-0.991 -0.0289 -0.0101 -0.00894 -0.0352 -0.00586 -0.0189
-0.99 -0.0315 -0.0122 -0.011 -0.0371 -0.0079 -0.0204
-0.989 -0.0341 -0.0144 -0.0131 -0.0389 -0.00995 -0.0219
-0.988 -0.0366 -0.0165 -0.0152 -0.0408 -0.012 -0.0234
-0.987 -0.0392 -0.0187 -0.0173 -0.0427 -0.0141 -0.025
-0.986 -0.0417 -0.0208 -0.0194 -0.0445 -0.0162 -0.0265
-0.985 -0.0443 -0.023 -0.0215 -0.0463 -0.0183 -0.0281
-0.984 -0.0469 -0.0251 -0.0236 -0.0481 -0.0205 -0.0296
-0.983 -0.0494 -0.0273 -0.0257 -0.0499 -0.0227 -0.0311
-0.982 -0.052 -0.0295 -0.0278 -0.0516 -0.0248 -0.0327
-0.981 -0.0545 -0.0316 -0.0299 -0.0534 -0.027 -0.0343
-0.98 -0.0571 -0.0338 -0.032 -0.0551 -0.0292 -0.0358
-0.979 -0.0597 -0.0359 -0.0342 -0.0568 -0.0315 -0.0374
-0.978 -0.0622 -0.0381 -0.0363 -0.0585 -0.0337 -0.039
-0.977 -0.0648 -0.0403 -0.0384 -0.0602 -0.036 -0.0406
-0.976 -0.0673 -0.0424 -0.0405 -0.0619 -0.0383 -0.0423
-0.975 -0.0699 -0.0446 -0.0427 -0.0635 -0.0406 -0.0439
-0.974 -0.0724 -0.0468 -0.0448 -0.0652 -0.0429 -0.0455
-0.973 -0.075 -0.0489 -0.047 -0.0668 -0.0452 -0.0472
-0.972 -0.0775 -0.0511 -0.0491 -0.0684 -0.0475 -0.0489
-0.971 -0.0801 -0.0533 -0.0512 -0.07 -0.0499 -0.0506
-0.97 -0.0826 -0.0554 -0.0534 -0.0716 -0.0522 -0.0523
-0.969 -0.0852 -0.0576 -0.0556 -0.0732 -0.0546 -0.054
-0.968 -0.0877 -0.0598 -0.0577 -0.0748 -0.057 -0.0558
-0.967 -0.0903 -0.0619 -0.0599 -0.0764 -0.0594 -0.0575
-0.966 -0.0928 -0.0641 -0.062 -0.0779 -0.0618 -0.0593
-0.965 -0.0954 -0.0663 -0.0642 -0.0795 -0.0642 -0.0611
-0.964 -0.0979 -0.0684 -0.0664 -0.081 -0.0666 -0.063
-0.963 -0.1 -0.0706 -0.0685 -0.0826 -0.0691 -0.0648
-0.962 -0.103 -0.0728 -0.0707 -0.0841 -0.0715 -0.0667
-0.961 -0.106 -0.0749 -0.0729 -0.0856 -0.074 -0.0686
-0.96 -0.108 -0.0771 -0.075 -0.0871 -0.0764 -0.0705
-0.959 -0.111 -0.0793 -0.0772 -0.0886 -0.0789 -0.0724
-0.958 -0.113 -0.0814 -0.0794 -0.0901 -0.0814 -0.0744
-0.957 -0.116 -0.0836 -0.0816 -0.0916 -0.0838 -0.0763
-0.956 -0.118 -0.0858 -0.0838 -0.0931 -0.0863 -0.0783
-0.955 -0.121 -0.0879 -0.0859 -0.0946 -0.0888 -0.0803
-0.954 -0.123 -0.0901 -0.0881 -0.0961 -0.0913 -0.0824
-0.953 -0.126 -0.0923 -0.0903 -0.0975 -0.0937 -0.0844
-0.952 -0.128 -0.0944 -0.0925 -0.099 -0.0962 -0.0865
-0.951 -0.131 -0.0966 -0.0947 -0.1 -0.0987 -0.0886
-0.95 -0.133 -0.0988 -0.0969 -0.102 -0.101 -0.0907
-0.949 -0.136 -0.101 -0.0991 -0.103 -0.104 -0.0929
-0.948 -0.138 -0.103 -0.101 -0.105 -0.106 -0.095
-0.947 -0.141 -0.105 -0.103 -0.106 -0.109 -0.0972
-0.946 -0.143 -0.107 -0.106 -0.108 -0.111 -0.0994
-0.945 -0.146 -0.11 -0.108 -0.109 -0.114 -0.102
-0.944 -0.148 -0.112 -0.11 -0.111 -0.116 -0.104
-0.943 -0.151 -0.114 -0.112 -0.112 -0.118 -0.106
-0.942 -0.153 -0.116 -0.114 -0.114 -0.121 -0.108
-0.941 -0.156 -0.118 -0.117 -0.115 -0.123 -0.111
-0.94 -0.158 -0.12 -0.119 -0.117 -0.126 -0.113
-0.939 -0.161 -0.122 -0.121 -0.118 -0.128 -0.115
-0.938 -0.163 -0.125 -0.123 -0.12 -0.131 -0.118
-0.937 -0.166 -0.127 -0.125 -0.121 -0.133 -0.12
-0.936 -0.168 -0.129 -0.128 -0.123 -0.135 -0.122
-0.935 -0.171 -0.131 -0.13 -0.124 -0.138 -0.125
-0.934 -0.173 -0.133 -0.132 -0.126 -0.14 -0.127
-0.933 -0.176 -0.135 -0.134 -0.127 -0.142 -0.129
-0.932 -0.178 -0.137 -0.136 -0.129 -0.145 -0.132
-0.931 -0.181 -0.14 -0.139 -0.13 -0.147 -0.134
-0.93 -0.183 -0.142 -0.141 -0.132 -0.149 -0.136
-0.929 -0.186 -0.144 -0.143 -0.134 -0.152 -0.139
-0.928 -0.188 -0.146 -0.145 -0.135 -0.154 -0.141
-0.927 -0.191 -0.148 -0.147 -0.137 -0.156 -0.144
-0.926 -0.193 -0.15 -0.149 -0.138 -0.158 -0.146
-0.925 -0.196 -0.152 -0.152 -0.14 -0.161 -0.149
-0.924 -0.198 -0.155 -0.154 -0.141 -0.163 -0.151
-0.923 -0.201 -0.157 -0.156 -0.143 -0.165 -0.153
-0.922 -0.203 -0.159 -0.158 -0.145 -0.167 -0.156
-0.921 -0.206 -0.161 -0.16 -0.146 -0.169 -0.158
-0.92 -0.208 -0.163 -0.163 -0.148 -0.171 -0.161
-0.919 -0.211 -0.165 -0.165 -0.15 -0.174 -0.163
-0.918 -0.213 -0.167 -0.167 -0.151 -0.176 -0.165
-0.917 -0.216 -0.169 -0.169 -0.153 -0.178 -0.168
-0.916 -0.218 -0.171 -0.171 -0.155 -0.18 -0.17
-0.915 -0.22 -0.174 -0.173 -0.157 -0.182 -0.173
-0.914 -0.223 -0.176 -0.176 -0.158 -0.184 -0.175
-0.913 -0.225 -0.178 -0.178 -0.16 -0.186 -0.177
-0.912 -0.228 -0.18 -0.18 -0.162 -0.188 -0.18
-0.911 -0.23 -0.182 -0.182 -0.164 -0.19 -0.182
-0.91 -0.233 -0.184 -0.184 -0.165 -0.192 -0.184
-0.909 -0.235 -0.186 -0.186 -0.167 -0.194 -0.187
-0.908 -0.238 -0.188 -0.189 -0.169 -0.196 -0.189
-0.907 -0.24 -0.19 -0.191 -0.171 -0.197 -0.191
-0.906 -0.242 -0.192 -0.193 -0.173 -0.199 -0.194
-0.905 -0.245 -0.194 -0.195 -0.175 -0.201 -0.196
-0.904 -0.247 -0.197 -0.197 -0.177 -0.203 -0.198
-0.903 -0.25 -0.199 -0.199 -0.179 -0.205 -0.2
-0.902 -0.252 -0.201 -0.201 -0.181 -0.207 -0.203
-0.901 -0.255 -0.203 -0.204 -0.182 -0.208 -0.205
-0.9 -0.257 -0.205 -0.206 -0.184 -0.21 -0.207
-0.899 -0.259 -0.207 -0.208 -0.186 -0.212 -0.209
-0.898 -0.262 -0.209 -0.21 -0.188 -0.214 -0.211
-0.897 -0.264 -0.211 -0.212 -0.19 -0.215 -0.213
-0.896 -0.267 -0.213 -0.214 -0.192 -0.217 -0.216
-0.895 -0.269 -0.215 -0.216 -0.195 -0.219 -0.218
-0.894 -0.271 -0.217 -0.218 -0.197 -0.22 -0.22
-0.893 -0.274 -0.219 -0.221 -0.199 -0.222 -0.222
-0.892 -0.276 -0.221 -0.223 -0.201 -0.224 -0.224
-0.891 -0.279 -0.223 -0.225 -0.203 -0.225 -0.226
-0.89 -0.281 -0.225 -0.227 -0.205 -0.227 -0.228
-0.889 -0.283 -0.227 -0.229 -0.207 -0.228 -0.23
-0.888 -0.286 -0.229 -0.231 -0.209 -0.23 -0.232
-0.887 -0.288 -0.231 -0.233 -0.212 -0.232 -0.234
-0.886 -0.29 -0.233 -0.235 -0.214 -0.233 -0.236
-0.885 -0.293 -0.235 -0.237 -0.216 -0.235 -0.238
-0.884 -0.295 -0.237 -0.239 -0.218 -0.236 -0.24
-0.883 -0.298 -0.239 -0.242 -0.22 -0.238 -0.241
-0.882 -0.3 -0.241 -0.244 -0.223 -0.239 -0.243
-0.881 -0.302 -0.243 -0.246 -0.225 -0.241 -0.245
-0.88 -0.305 -0.245 -0.248 -0.227 -0.242 -0.247
-0.879 -0.307 -0.247 -0.25 -0.23 -0.244 -0.249
-0.878 -0.309 -0.249 -0.252 -0.232 -0.246 -0.251
-0.877 -0.312 -0.251 -0.254 -0.234 -0.247 -0.252
-0.876 -0.314 -0.253 -0.256 -0.237 -0.249 -0.254
-0.875 -0.316 -0.255 -0.258 -0.239 -0.25 -0.256
-0.874 -0.319 -0.257 -0.26 -0.241 -0.252 -0.258
-0.873 -0.321 -0.259 -0.262 -0.244 -0.253 -0.259
-0.872 -0.323 -0.261 -0.264 -0.246 -0.255 -0.261
-0.871 -0.326 -0.263 -0.266 -0.248 -0.256 -0.263
-0.87 -0.328 -0.265 -0.268 -0.251 -0.258 -0.264
-0.869 -0.33 -0.267 -0.27 -0.253 -0.259 -0.266
-0.868 -0.333 -0.269 -0.272 -0.256 -0.261 -0.268
-0.867 -0.335 -0.271 -0.274 -0.258 -0.262 -0.269
-0.866 -0.337 -0.273 -0.276 -0.261 -0.264 -0.271
-0.865 -0.34 -0.275 -0.278 -0.263 -0.265 -0.273
-0.864 -0.342 -0.277 -0.28 -0.266 -0.267 -0.274
-0.863 -0.344 -0.279 -0.282 -0.268 -0.268 -0.276
-0.862 -0.346 -0.281 -0.284 -0.27 -0.27 -0.278
-0.861 -0.349 -0.283 -0.286 -0.273 -0.272 -0.279
-0.86 -0.351 -0.285 -0.288 -0.275 -0.273 -0.281
-0.859 -0.353 -0.287 -0.29 -0.278 -0.275 -0.283
-0.858 -0.356 -0.289 -0.292 -0.28 -0.276 -0.284
-0.857 -0.358 -0.291 -0.294 -0.283 -0.278 -0.286
-0.856 -0.36 -0.293 -0.296 -0.285 -0.28 -0.287
-0.855 -0.362 -0.295 -0.298 -0.288 -0.281 -0.289
-0.854 -0.365 -0.297 -0.3 -0.29 -0.283 -0.291
-0.853 -0.367 -0.299 -0.302 -0.293 -0.284 -0.292
-0.852 -0.369 -0.3 -0.304 -0.295 -0.286 -0.294
-0.851 -0.371 -0.302 -0.306 -0.298 -0.288 -0.296
-0.85 -0.374 -0.304 -0.308 -0.3 -0.29 -0.297
-0.849 -0.376 -0.306 -0.31 -0.303 -0.291 -0.299
-0.848 -0.378 -0.308 -0.312 -0.305 -0.293 -0.301
-0.847 -0.38 -0.31 -0.314 -0.308 -0.295 -0.302
-0.846 -0.383 -0.312 -0.316 -0.31 -0.296 -0.304
-0.845 -0.385 -0.314 -0.318 -0.313 -0.298 -0.306
-0.844 -0.387 -0.316 -0.32 -0.315 -0.3 -0.307
-0.843 -0.389 -0.318 -0.322 -0.318 -0.302 -0.309
-0.842 -0.391 -0.32 -0.324 -0.32 -0.304 -0.311
-0.841 -0.394 -0.322 -0.325 -0.323 -0.305 -0.313
-0.84 -0.396 -0.324 -0.327 -0.325 -0.307 -0.314
-0.839 -0.398 -0.325 -0.329 -0.328 -0.309 -0.316
-0.838 -0.4 -0.327 -0.331 -0.33 -0.311 -0.318
-0.837 -0.403 -0.329 -0.333 -0.332 -0.313 -0.32
-0.836 -0.405 -0.331 -0.335 -0.335 -0.315 -0.321
-0.835 -0.407 -0.333 -0.337 -0.337 -0.317 -0.323
-0.834 -0.409 -0.335 -0.339 -0.34 -0.319 -0.325
-0.833 -0.411 -0.337 -0.341 -0.342 -0.321 -0.327
-0.832 -0.413 -0.339 -0.343 -0.344 -0.323 -0.329
-0.831 -0.416 -0.341 -0.345 -0.347 -0.325 -0.331
-0.83 -0.418 -0.343 -0.346 -0.349 -0.327 -0.333
-0.829 -0.42 -0.344 -0.348 -0.351 -0.329 -0.334
-0.828 -0.422 -0.346 -0.35 -0.354 -0.331 -0.336
-0.827 -0.424 -0.348 -0.352 -0.356 -0.333 -0.338
-0.826 -0.426 -0.35 -0.354 -0.358 -0.335 -0.34
-0.825 -0.429 -0.352 -0.356 -0.361 -0.338 -0.342
-0.824 -0.431 -0.354 -0.358 -0.363 -0.34 -0.344
-0.823 -0.433 -0.356 -0.359 -0.365 -0.342 -0.346
-0.822 -0.435 -0.358 -0.361 -0.367 -0.344 -0.348
-0.821 -0.437 -0.36 -0.363 -0.37 -0.346 -0.35
-0.82 -0.439 -0.362 -0.365 -0.372 -0.349 -0.352
-0.819 -0.441 -0.363 -0.367 -0.374 -0.351 -0.355
-0.818 -0.443 -0.365 -0.369 -0.376 -0.353 -0.357
-0.817 -0.445 -0.367 -0.371 -0.378 -0.356 -0.359
-0.816 -0.448 -0.369 -0.372 -0.381 -0.358 -0.361
-0.815 -0.45 -0.371 -0.374 -0.383 -0.36 -0.363
-0.814 -0.452 -0.373 -0.376 -0.385 -0.363 -0.365
-0.813 -0.454 -0.375 -0.378 -0.387 -0.365 -0.367
-0.812 -0.456 -0.377 -0.38 -0.389 -0.367 -0.37
-0.811 -0.458 -0.379 -0.382 -0.391 -0.37 -0.372
-0.81 -0.46 -0.38 -0.383 -0.393 -0.372 -0.374
-0.809 -0.462 -0.382 -0.385 -0.395 -0.375 -0.376
-0.808 -0.464 -0.384 -0.387 -0.397 -0.377 -0.379
-0.807 -0.466 -0.386 -0.389 -0.399 -0.38 -0.381
-0.806 -0.468 -0.388 -0.391 -0.401 -0.382 -0.383
-0.805 -0.47 -0.39 -0.393 -0.403 -0.384 -0.385
-0.804 -0.472 -0.392 -0.394 -0.405 -0.387 -0.388
-0.803 -0.475 -0.394 -0.396 -0.407 -0.389 -0.39
-0.802 -0.477 -0.396 -0.398 -0.409 -0.392 -0.392
-0.801 -0.479 -0.397 -0.4 -0.411 -0.395 -0.395
-0.8 -0.481 -0.399 -0.402 -0.413 -0.397 -0.397
-0.799 -0.483 -0.401 -0.403 -0.415 -0.4 -0.399
-0.798 -0.485 -0.403 -0.405 -0.417 -0.402 -0.402
-0.797 -0.487 -0.405 -0.407 -0.419 -0.405 -0.404
-0.796 -0.489 -0.407 -0.409 -0.42 -0.407 -0.406
-0.795 -0.491 -0.409 -0.411 -0.422 -0.41 -0.409
-0.794 -0.493 -0.411 -0.412 -0.424 -0.412 -0.411
-0.793 -0.495 -0.413 -0.414 -0.426 -0.415 -0.413
-0.792 -0.497 -0.415 -0.416 -0.428 -0.417 -0.416
-0.791 -0.499 -0.416 -0.418 -0.429 -0.42 -0.418
-0.79 -0.501 -0.418 -0.42 -0.431 -0.423 -0.421
-0.789 -0.503 -0.42 -0.421 -0.433 -0.425 -0.423
-0.788 -0.505 -0.422 -0.423 -0.435 -0.428 -0.425
-0.787 -0.506 -0.424 -0.425 -0.436 -0.43 -0.428
-0.786 -0.508 -0.426 -0.427 -0.438 -0.433 -0.43
-0.785 -0.51 -0.428 -0.429 -0.44 -0.435 -0.432
-0.784 -0.512 -0.43 -0.43 -0.442 -0.438 -0.435
-0.783 -0.514 -0.432 -0.432 -0.443 -0.44 -0.437
-0.782 -0.516 -0.434 -0.434 -0.445 -0.443 -0.439
-0.781 -0.518 -0.436 -0.436 -0.447 -0.445 -0.442
-0.78 -0.52 -0.438 -0.438 -0.448 -0.448 -0.444
-0.779 -0.522 -0.44 -0.439 -0.45 -0.45 -0.446
-0.778 -0.524 -0.441 -0.441 -0.452 -0.453 -0.448
-0.777 -0.526 -0.443 -0.443 -0.453 -0.455 -0.451
-0.776 -0.528 -0.445 -0.445 -0.455 -0.458 -0.453
-0.775 -0.53 -0.447 -0.447 -0.456 -0.46 -0.455
-0.774 -0.532 -0.449 -0.448 -0.458 -0.462 -0.457
-0.773 -0.533 -0.451 -0.45 -0.46 -0.465 -0.46
-0.772 -0.535 -0.453 -0.452 -0.461 -0.467 -0.462
-0.771 -0.537 -0.455 -0.454 -0.463 -0.469 -0.464
-0.77 -0.539 -0.457 -0.456 -0.465 -0.472 -0.466
-0.769 -0.541 -0.459 -0.457 -0.466 -0.474 -0.468
-0.768 -0.543 -0.461 -0.459 -0.468 -0.476 -0.47
-0.767 -0.545 -0.463 -0.461 -0.469 -0.479 -0.473
-0.766 -0.546 -0.465 -0.463 -0.471 -0.481 -0.475
-0.765 -0.548 -0.467 -0.465 -0.472 -0.483 -0.477
-0.764 -0.55 -0.469 -0.466 -0.474 -0.485 -0.479
-0.763 -0.552 -0.471 -0.468 -0.476 -0.488 -0.481
-0.762 -0.554 -0.473 -0.47 -0.477 -0.49 -0.483
-0.761 -0.556 -0.475 -0.472 -0.479 -0.492 -0.485
-0.76 -0.557 -0.477 -0.474 -0.48 -0.494 -0.487
-0.759 -0.559 -0.479 -0.476 -0.482 -0.496 -0.489
-0.758 -0.561 -0.481 -0.477 -0.484 -0.498 -0.491
-0.757 -0.563 -0.483 -0.479 -0.485 -0.5 -0.493
-0.756 -0.565 -0.485 -0.481 -0.487 -0.502 -0.495
-0.755 -0.566 -0.487 -0.483 -0.488 -0.504 -0.497
-0.754 -0.568 -0.489 -0.485 -0.49 -0.506 -0.499
-0.753 -0.57 -0.491 -0.487 -0.491 -0.508 -0.501
-0.752 -0.572 -0.493 -0.488 -0.493 -0.51 -0.503
-0.751 -0.574 -0.495 -0.49 -0.495 -0.512 -0.504
-0.75 -0.575 -0.497 -0.492 -0.496 -0.514 -0.506
-0.749 -0.577 -0.499 -0.494 -0.498 -0.516 -0.508
-0.748 -0.579 -0.501 -0.496 -0.499 -0.518 -0.51
-0.747 -0.581 -0.503 -0.498 -0.501 -0.52 -0.512
-0.746 -0.582 -0.505 -0.5 -0.503 -0.522 -0.514
-0.745 -0.584 -0.507 -0.502 -0.504 -0.523 -0.515
-0.744 -0.586 -0.509 -0.503 -0.506 -0.525 -0.517
-0.743 -0.587 -0.511 -0.505 -0.508 -0.527 -0.519
-0.742 -0.589 -0.513 -0.507 -0.509 -0.529 -0.521
-0.741 -0.591 -0.515 -0.509 -0.511 -0.53 -0.522
-0.74 -0.593 -0.517 -0.511 -0.513 -0.532 -0.524
-0.739 -0.594 -0.519 -0.513 -0.514 -0.534 -0.526
-0.738 -0.596 -0.521 -0.515 -0.516 -0.536 -0.528
-0.737 -0.598 -0.523 -0.517 -0.518 -0.537 -0.529
-0.736 -0.599 -0.525 -0.519 -0.519 -0.539 -0.531
-0.735 -0.601 -0.527 -0.52 -0.521 -0.54 -0.533
-0.734 -0.603 -0.53 -0.522 -0.523 -0.542 -0.534
-0.733 -0.604 -0.532 -0.524 -0.525 -0.544 -0.536
-0.732 -0.606 -0.534 -0.526 -0.526 -0.545 -0.538
-0.731 -0.608 -0.536 -0.528 -0.528 -0.547 -0.54
-0.73 -0.609 -0.538 -0.53 -0.53 -0.548 -0.541
-0.729 -0.611 -0.54 -0.532 -0.532 -0.55 -0.543
-0.728 -0.613 -0.542 -0.534 -0.534 -0.551 -0.545
-0.727 -0.614 -0.544 -0.536 -0.535 -0.553 -0.546
-0.726 -0.616 -0.546 -0.538 -0.537 -0.554 -0.548
-0.725 -0.617 -0.548 -0.54 -0.539 -0.556 -0.55
-0.724 -0.619 -0.55 -0.542 -0.541 -0.557 -0.551
-0.723 -0.621 -0.553 -0.544 -0.543 -0.559 -0.553
-0.722 -0.622 -0.555 -0.546 -0.545 -0.56 -0.555
-0.721 -0.624 -0.557 -0.548 -0.547 -0.562 -0.556
-0.72 -0.625 -0.559 -0.55 -0.548 -0.563 -0.558
-0.719 -0.627 -0.561 -0.552 -0.55 -0.565 -0.56
-0.718 -0.629 -0.563 -0.554 -0.552 -0.566 -0.562
-0.717 -0.63 -0.565 -0.556 -0.554 -0.567 -0.563
-0.716 -0.632 -0.567 -0.558 -0.556 -0.569 -0.565
-0.715 -0.633 -0.57 -0.56 -0.558 -0.57 -0.567
-0.714 -0.635 -0.572 -0.562 -0.56 -0.572 -0.568
-0.713 -0.636 -0.574 -0.564 -0.562 -0.573 -0.57
-0.712 -0.638 -0.576 -0.566 -0.564 -0.575 -0.572
-0.711 -0.639 -0.578 -0.568 -0.566 -0.576 -0.574
-0.71 -0.641 -0.58 -0.57 -0.568 -0.578 -0.576
-0.709 -0.642 -0.583 -0.572 -0.57 -0.579 -0.577
-0.708 -0.644 -0.585 -0.574 -0.572 -0.58 -0.579
-0.707 -0.645 -0.587 -0.576 -0.575 -0.582 -0.581
-0.706 -0.647 -0.589 -0.578 -0.577 -0.583 -0.583
-0.705 -0.648 -0.591 -0.58 -0.579 -0.585 -0.585
-0.704 -0.65 -0.593 -0.582 -0.581 -0.586 -0.587
-0.703 -0.651 -0.596 -0.584 -0.583 -0.588 -0.588
-0.702 -0.653 -0.598 -0.586 -0.585 -0.589 -0.59
-0.701 -0.654 -0.6 -0.588 -0.587 -0.591 -0.592
-0.7 -0.656 -0.602 -0.59 -0.59 -0.592 -0.594
-0.699 -0.657 -0.604 -0.592 -0.592 -0.594 -0.596
-0.698 -0.659 -0.607 -0.594 -0.594 -0.595 -0.598
-0.697 -0.66 -0.609 -0.596 -0.596 -0.597 -0.6
-0.696 -0.661 -0.611 -0.598 -0.598 -0.598 -0.602
-0.695 -0.663 -0.613 -0.601 -0.601 -0.6 -0.604
-0.694 -0.664 -0.615 -0.603 -0.603 -0.602 -0.606
-0.693 -0.666 -0.618 -0.605 -0.605 -0.603 -0.608
-0.692 -0.667 -0.62 -0.607 -0.607 -0.605 -0.61
-0.691 -0.668 -0.622 -0.609 -0.61 -0.606 -0.612
-0.69 -0.67 -0.624 -0.611 -0.612 -0.608 -0.614
-0.689 -0.671 -0.626 -0.613 -0.614 -0.61 -0.616
-0.688 -0.673 -0.629 -0.615 -0.617 -0.611 -0.618
-0.687 -0.674 -0.631 -0.618 -0.619 -0.613 -0.62
-0.686 -0.675 -0.633 -0.62 -0.621 -0.615 -0.622
-0.685 -0.677 -0.635 -0.622 -0.624 -0.616 -0.625
-0.684 -0.678 -0.637 -0.624 -0.626 -0.618 -0.627
-0.683 -0.679 -0.64 -0.626 -0.628 -0.62 -0.629
-0.682 -0.681 -0.642 -0.628 -0.631 -0.622 -0.631
-0.681 -0.682 -0.644 -0.63 -0.633 -0.624 -0.633
-0.68 -0.683 -0.646 -0.633 -0.635 -0.625 -0.635
-0.679 -0.685 -0.649 -0.635 -0.638 -0.627 -0.637
-0.678 -0.686 -0.651 -0.637 -0.64 -0.629 -0.64
-0.677 -0.687 -0.653 -0.639 -0.643 -0.631 -0.642
-0.676 -0.689 -0.655 -0.641 -0.645 -0.633 -0.644
-0.675 -0.69 -0.658 -0.643 -0.647 -0.635 -0.646
-0.674 -0.691 -0.66 -0.646 -0.65 -0.637 -0.648
-0.673 -0.692 -0.662 -0.648 -0.652 -0.639 -0.651
-0.672 -0.694 -0.664 -0.65 -0.655 -0.641 -0.653
-0.671 -0.695 -0.666 -0.652 -0.657 -0.643 -0.655
-0.67 -0.696 -0.669 -0.654 -0.659 -0.645 -0.657
-0.669 -0.698 -0.671 -0.657 -0.662 -0.647 -0.66
-0.668 -0.699 -0.673 -0.659 -0.664 -0.649 -0.662
-0.667 -0.7 -0.675 -0.661 -0.667 -0.651 -0.664
-0.666 -0.701 -0.678 -0.663 -0.669 -0.653 -0.666
-0.665 -0.702 -0.68 -0.665 -0.671 -0.655 -0.669
-0.664 -0.704 -0.682 -0.668 -0.674 -0.658 -0.671
-0.663 -0.705 -0.684 -0.67 -0.676 -0.66 -0.673
-0.662 -0.706 -0.687 -0.672 -0.678 -0.662 -0.675
-0.661 -0.707 -0.689 -0.674 -0.681 -0.664 -0.678
-0.66 -0.708 -0.691 -0.677 -0.683 -0.666 -0.68
-0.659 -0.71 -0.693 -0.679 -0.686 -0.669 -0.682
-0.658 -0.711 -0.696 -0.681 -0.688 -0.671 -0.684
-0.657 -0.712 -0.698 -0.683 -0.69 -0.673 -0.687
-0.656 -0.713 -0.7 -0.686 -0.693 -0.676 -0.689
-0.655 -0.714 -0.702 -0.688 -0.695 -0.678 -0.691
-0.654 -0.715 -0.704 -0.69 -0.697 -0.68 -0.693
-0.653 -0.717 -0.707 -0.692 -0.7 -0.683 -0.695
-0.652 -0.718 -0.709 -0.695 -0.702 -0.685 -0.698
-0.651 -0.719 -0.711 -0.697 -0.704 -0.688 -0.7
-0.65 -0.72 -0.713 -0.699 -0.707 -0.69 -0.702
-0.649 -0.721 -0.715 -0.701 -0.709 -0.692 -0.704
-0.648 -0.722 -0.718 -0.704 -0.711 -0.695 -0.706
-0.647 -0.723 -0.72 -0.706 -0.713 -0.697 -0.709
-0.646 -0.724 -0.722 -0.708 -0.716 -0.7 -0.711
-0.645 -0.725 -0.724 -0.71 -0.718 -0.702 -0.713
-0.644 -0.727 -0.726 -0.713 -0.72 -0.705 -0.715
-0.643 -0.728 -0.729 -0.715 -0.722 -0.707 -0.717
-0.642 -0.729 -0.731 -0.717 -0.725 -0.71 -0.719
-0.641 -0.73 -0.733 -0.72 -0.727 -0.713 -0.721
-0.64 -0.731 -0.735 -0.722 -0.729 -0.715 -0.723
-0.639 -0.732 -0.737 -0.724 -0.731 -0.718 -0.726
-0.638 -0.733 -0.74 -0.726 -0.733 -0.72 -0.728
-0.637 -0.734 -0.742 -0.729 -0.736 -0.723 -0.73
-0.636 -0.735 -0.744 -0.731 -0.738 -0.725 -0.732
-0.635 -0.736 -0.746 -0.733 -0.74 -0.728 -0.734
-0.634 -0.737 -0.748 -0.735 -0.742 -0.731 -0.736
-0.633 -0.738 -0.75 -0.738 -0.744 -0.733 -0.738
-0.632 -0.739 -0.753 -0.74 -0.746 -0.736 -0.74
-0.631 -0.74 -0.755 -0.742 -0.748 -0.738 -0.742
-0.63 -0.741 -0.757 -0.745 -0.75 -0.741 -0.744
-0.629 -0.742 -0.759 -0.747 -0.752 -0.744 -0.746
-0.628 -0.743 -0.761 -0.749 -0.754 -0.746 -0.748
-0.627 -0.744 -0.763 -0.751 -0.756 -0.749 -0.75
-0.626 -0.745 -0.765 -0.754 -0.758 -0.751 -0.752
-0.625 -0.746 -0.767 -0.756 -0.76 -0.754 -0.754
-0.624 -0.747 -0.77 -0.758 -0.762 -0.757 -0.756
-0.623 -0.748 -0.772 -0.76 -0.764 -0.759 -0.757
-0.622 -0.748 -0.774 -0.763 -0.766 -0.762 -0.759
-0.621 -0.749 -0.776 -0.765 -0.768 -0.764 -0.761
-0.62 -0.75 -0.778 -0.767 -0.77 -0.767 -0.763
-0.619 -0.751 -0.78 -0.77 -0.772 -0.77 -0.765
-0.618 -0.752 -0.782 -0.772 -0.774 -0.772 -0.767
-0.617 -0.753 -0.784 -0.774 -0.776 -0.775 -0.769
-0.616 -0.754 -0.786 -0.776 -0.778 -0.777 -0.771
-0.615 -0.755 -0.788 -0.779 -0.78 -0.78 -0.773
-0.614 -0.756 -0.79 -0.781 -0.782 -0.782 -0.774
-0.613 -0.756 -0.792 -0.783 -0.784 -0.785 -0.776
-0.612 -0.757 -0.794 -0.785 -0.786 -0.787 -0.778
-0.611 -0.758 -0.796 -0.788 -0.787 -0.79 -0.78
-0.61 -0.759 -0.798 -0.79 -0.789 -0.792 -0.782
-0.609 -0.76 -0.8 -0.792 -0.791 -0.794 -0.784
-0.608 -0.761 -0.802 -0.794 -0.793 -0.797 -0.785
-0.607 -0.761 -0.804 -0.797 -0.795 -0.799 -0.787
-0.606 -0.762 -0.806 -0.799 -0.797 -0.802 -0.789
-0.605 -0.763 -0.808 -0.801 -0.798 -0.804 -0.791
-0.604 -0.764 -0.81 -0.803 -0.8 -0.806 -0.793
-0.603 -0.765 -0.812 -0.806 -0.802 -0.809 -0.795
-0.602 -0.765 -0.814 -0.808 -0.804 -0.811 -0.796
-0.601 -0.766 -0.816 -0.81 -0.805 -0.813 -0.798
-0.6 -0.767 -0.818 -0.812 -0.807 -0.815 -0.8
-0.599 -0.768 -0.82 -0.814 -0.809 -0.818 -0.802
-0.598 -0.768 -0.821 -0.817 -0.811 -0.82 -0.804
-0.597 -0.769 -0.823 -0.819 -0.812 -0.822 -0.806
-0.596 -0.77 -0.825 -0.821 -0.814 -0.824 -0.807
-0.595 -0.771 -0.827 -0.823 -0.816 -0.826 -0.809
-0.594 -0.771 -0.829 -0.825 -0.818 -0.829 -0.811
-0.593 -0.772 -0.831 -0.828 -0.819 -0.831 -0.813
-0.592 -0.773 -0.832 -0.83 -0.821 -0.833 -0.815
-0.591 -0.773 -0.834 -0.832 -0.823 -0.835 -0.817
-0.59 -0.774 -0.836 -0.834 -0.825 -0.837 -0.819
-0.589 -0.775 -0.838 -0.836 -0.826 -0.839 -0.821
-0.588 -0.775 -0.84 -0.838 -0.828 -0.841 -0.823
-0.587 -0.776 -0.841 -0.84 -0.83 -0.843 -0.824
-0.586 -0.777 -0.843 -0.843 -0.831 -0.845 -0.826
-0.585 -0.777 -0.845 -0.845 -0.833 -0.847 -0.828
-0.584 -0.778 -0.847 -0.847 -0.835 -0.849 -0.83
-0.583 -0.779 -0.848 -0.849 -0.836 -0.85 -0.832
-0.582 -0.779 -0.85 -0.851 -0.838 -0.852 -0.834
-0.581 -0.78 -0.852 -0.853 -0.84 -0.854 -0.836
-0.58 -0.78 -0.853 -0.855 -0.841 -0.856 -0.838
-0.579 -0.781 -0.855 -0.857 -0.843 -0.858 -0.84
-0.578 -0.782 -0.857 -0.859 -0.845 -0.859 -0.842
-0.577 -0.782 -0.858 -0.861 -0.846 -0.861 -0.844
-0.576 -0.783 -0.86 -0.863 -0.848 -0.863 -0.846
-0.575 -0.783 -0.861 -0.865 -0.85 -0.865 -0.848
-0.574 -0.784 -0.863 -0.867 -0.852 -0.866 -0.85
-0.573 -0.785 -0.864 -0.869 -0.853 -0.868 -0.852
-0.572 -0.785 -0.866 -0.871 -0.855 -0.87 -0.854
-0.571 -0.786 -0.868 -0.873 -0.857 -0.871 -0.857
-0.57 -0.786 -0.869 -0.875 -0.858 -0.873 -0.859
-0.569 -0.787 -0.871 -0.877 -0.86 -0.875 -0.861
-0.568 -0.787 -0.872 -0.879 -0.862 -0.876 -0.863
-0.567 -0.788 -0.873 -0.881 -0.863 -0.878 -0.865
-0.566 -0.788 -0.875 -0.883 -0.865 -0.879 -0.867
-0.565 -0.789 -0.876 -0.885 -0.867 -0.881 -0.869
-0.564 -0.789 -0.878 -0.887 -0.868 -0.882 -0.871
-0.563 -0.79 -0.879 -0.889 -0.87 -0.884 -0.874
-0.562 -0.79 -0.881 -0.891 -0.872 -0.885 -0.876
-0.561 -0.791 -0.882 -0.892 -0.873 -0.887 -0.878
-0.56 -0.791 -0.883 -0.894 -0.875 -0.888 -0.88
-0.559 -0.792 -0.885 -0.896 -0.877 -0.89 -0.882
-0.558 -0.792 -0.886 -0.898 -0.878 -0.891 -0.884
-0.557 -0.792 -0.887 -0.9 -0.88 -0.892 -0.886
-0.556 -0.793 -0.888 -0.901 -0.882 -0.894 -0.889
-0.555 -0.793 -0.89 -0.903 -0.883 -0.895 -0.891
-0.554 -0.794 -0.891 -0.905 -0.885 -0.897 -0.893
-0.553 -0.794 -0.892 -0.907 -0.887 -0.898 -0.895
-0.552 -0.794 -0.893 -0.908 -0.888 -0.899 -0.897
-0.551 -0.795 -0.895 -0.91 -0.89 -0.901 -0.899
-0.55 -0.795 -0.896 -0.912 -0.892 -0.902 -0.902
-0.549 -0.796 -0.897 -0.913 -0.894 -0.903 -0.904
-0.548 -0.796 -0.898 -0.915 -0.895 -0.905 -0.906
-0.547 -0.796 -0.899 -0.916 -0.897 -0.906 -0.908
-0.546 -0.797 -0.9 -0.918 -0.899 -0.907 -0.91
-0.545 -0.797 -0.901 -0.92 -0.9 -0.909 -0.912
-0.544 -0.797 -0.902 -0.921 -0.902 -0.91 -0.914
-0.543 -0.798 -0.903 -0.923 -0.904 -0.911 -0.916
-0.542 -0.798 -0.904 -0.924 -0.905 -0.912 -0.919
-0.541 -0.798 -0.905 -0.926 -0.907 -0.914 -0.921
-0.54 -0.799 -0.906 -0.927 -0.909 -0.915 -0.923
-0.539 -0.799 -0.907 -0.928 -0.91 -0.916 -0.925
-0.538 -0.799 -0.908 -0.93 -0.912 -0.917 -0.927
-0.537 -0.8 -0.909 -0.931 -0.914 -0.919 -0.929
-0.536 -0.8 -0.91 -0.933 -0.915 -0.92 -0.931
-0.535 -0.8 -0.911 -0.934 -0.917 -0.921 -0.933
-0.534 -0.8 -0.912 -0.935 -0.919 -0.922 -0.935
-0.533 -0.801 -0.913 -0.937 -0.92 -0.923 -0.936
-0.532 -0.801 -0.913 -0.938 -0.922 -0.925 -0.938
-0.531 -0.801 -0.914 -0.939 -0.923 -0.926 -0.94
-0.53 -0.801 -0.915 -0.94 -0.925 -0.927 -0.942
-0.529 -0.802 -0.916 -0.941 -0.927 -0.928 -0.944
-0.528 -0.802 -0.917 -0.942 -0.928 -0.929 -0.946
-0.527 -0.802 -0.917 -0.944 -0.93 -0.93 -0.947
-0.526 -0.802 -0.918 -0.945 -0.931 -0.932 -0.949
-0.525 -0.802 -0.919 -0.946 -0.933 -0.933 -0.951
-0.524 -0.803 -0.919 -0.947 -0.935 -0.934 -0.952
-0.523 -0.803 -0.92 -0.948 -0.936 -0.935 -0.954
-0.522 -0.803 -0.92 -0.949 -0.938 -0.936 -0.956
-0.521 -0.803 -0.921 -0.95 -0.939 -0.937 -0.957
-0.52 -0.803 -0.922 -0.951 -0.941 -0.938 -0.959
-0.519 -0.803 -0.922 -0.951 -0.942 -0.939 -0.96
-0.518 -0.804 -0.923 -0.952 -0.944 -0.94 -0.961
-0.517 -0.804 -0.923 -0.953 -0.945 -0.941 -0.963
-0.516 -0.804 -0.924 -0.954 -0.947 -0.942 -0.964
-0.515 -0.804 -0.924 -0.955 -0.948 -0.943 -0.965
-0.514 -0.804 -0.924 -0.955 -0.949 -0.944 -0.967
-0.513 -0.804 -0.925 -0.956 -0.951 -0.945 -0.968
-0.512 -0.804 -0.925 -0.957 -0.952 -0.946 -0.969
-0.511 -0.804 -0.926 -0.957 -0.953 -0.947 -0.97
-0.51 -0.804 -0.926 -0.958 -0.955 -0.948 -0.971
-0.509 -0.804 -0.926 -0.958 -0.956 -0.949 -0.972
-0.508 -0.804 -0.927 -0.959 -0.957 -0.95 -0.973
-0.507 -0.805 -0.927 -0.959 -0.959 -0.951 -0.974
-0.506 -0.805 -0.927 -0.96 -0.96 -0.952 -0.974
-0.505 -0.805 -0.927 -0.96 -0.961 -0.953 -0.975
-0.504 -0.805 -0.927 -0.961 -0.962 -0.953 -0.976
-0.503 -0.805 -0.928 -0.961 -0.963 -0.954 -0.976
-0.502 -0.805 -0.928 -0.961 -0.964 -0.955 -0.977
-0.501 -0.805 -0.928 -0.961 -0.965 -0.956 -0.977
-0.5 -0.805 -0.928 -0.962 -0.966 -0.957 -0.978
-0.499 -0.805 -0.928 -0.962 -0.967 -0.957 -0.978
-0.498 -0.805 -0.928 -0.962 -0.968 -0.958 -0.978
-0.497 -0.805 -0.928 -0.962 -0.969 -0.959 -0.979
-0.496 -0.805 -0.928 -0.962 -0.97 -0.959 -0.979
-0.495 -0.805 -0.928 -0.962 -0.971 -0.96 -0.979
-0.494 -0.805 -0.928 -0.962 -0.972 -0.96 -0.979
-0.493 -0.804 -0.928 -0.962 -0.972 -0.961 -0.979
-0.492 -0.804 -0.928 -0.962 -0.973 -0.962 -0.979
-0.491 -0.804 -0.928 -0.962 -0.974 -0.962 -0.979
-0.49 -0.804 -0.928 -0.962 -0.974 -0.962 -0.978
-0.489 -0.804 -0.928 -0.961 -0.975 -0.963 -0.978
-0.488 -0.804 -0.928 -0.961 -0.975 -0.963 -0.977
-0.487 -0.804 -0.927 -0.961 -0.976 -0.964 -0.977
-0.486 -0.804 -0.927 -0.961 -0.976 -0.964 -0.976
-0.485 -0.804 -0.927 -0.96 -0.976 -0.964 -0.976
-0.484 -0.804 -0.927 -0.96 -0.977 -0.964 -0.975
-0.483 -0.804 -0.926 -0.959 -0.977 -0.964 -0.974
-0.482 -0.803 -0.926 -0.959 -0.977 -0.965 -0.973
-0.481 -0.803 -0.926 -0.958 -0.977 -0.965 -0.972
-0.48 -0.803 -0.925 -0.958 -0.977 -0.965 -0.971
-0.479 -0.803 -0.925 -0.957 -0.977 -0.965 -0.97
-0.478 -0.803 -0.925 -0.956 -0.977 -0.964 -0.969
-0.477 -0.803 -0.924 -0.956 -0.977 -0.964 -0.968
-0.476 -0.802 -0.924 -0.955 -0.977 -0.964 -0.967
-0.475 -0.802 -0.923 -0.954 -0.976 -0.964 -0.965
-0.474 -0.802 -0.923 -0.953 -0.976 -0.964 -0.964
-0.473 -0.802 -0.922 -0.952 -0.976 -0.963 -0.962
-0.472 -0.802 -0.922 -0.951 -0.975 -0.963 -0.961
-0.471 -0.801 -0.921 -0.951 -0.975 -0.962 -0.959
-0.47 -0.801 -0.92 -0.95 -0.974 -0.962 -0.957
-0.469 -0.801 -0.92 -0.949 -0.973 -0.961 -0.956
-0.468 -0.801 -0.919 -0.947 -0.973 -0.961 -0.954
-0.467 -0.8 -0.919 -0.946 -0.972 -0.96 -0.952
-0.466 -0.8 -0.918 -0.945 -0.971 -0.959 -0.95
-0.465 -0.8 -0.917 -0.944 -0.97 -0.958 -0.948
-0.464 -0.8 -0.916 -0.943 -0.969 -0.957 -0.946
-0.463 -0.799 -0.916 -0.942 -0.968 -0.956 -0.943
-0.462 -0.799 -0.915 -0.94 -0.967 -0.955 -0.941
-0.461 -0.799 -0.914 -0.939 -0.966 -0.954 -0.939
-0.46 -0.798 -0.913 -0.937 -0.964 -0.953 -0.936
-0.459 -0.798 -0.913 -0.936 -0.963 -0.952 -0.934
-0.458 -0.798 -0.912 -0.935 -0.961 -0.95 -0.932
-0.457 -0.797 -0.911 -0.933 -0.96 -0.949 -0.929
-0.456 -0.797 -0.91 -0.932 -0.958 -0.947 -0.927
-0.455 -0.797 -0.909 -0.93 -0.957 -0.946 -0.924
-0.454 -0.796 -0.908 -0.928 -0.955 -0.944 -0.921
-0.453 -0.796 -0.907 -0.927 -0.953 -0.943 -0.919
-0.452 -0.796 -0.906 -0.925 -0.951 -0.941 -0.916
-0.451 -0.795 -0.905 -0.923 -0.949 -0.939 -0.913
-0.45 -0.795 -0.904 -0.922 -0.947 -0.937 -0.91
-0.449 -0.794 -0.903 -0.92 -0.945 -0.935 -0.908
-0.448 -0.794 -0.902 -0.918 -0.943 -0.933 -0.905
-0.447 -0.794 -0.901 -0.916 -0.941 -0.931 -0.902
-0.446 -0.793 -0.9 -0.914 -0.938 -0.929 -0.899
-0.445 -0.793 -0.899 -0.912 -0.936 -0.927 -0.896
-0.444 -0.792 -0.897 -0.911 -0.934 -0.924 -0.893
-0.443 -0.792 -0.896 -0.909 -0.931 -0.922 -0.89
-0.442 -0.792 -0.895 -0.907 -0.929 -0.92 -0.887
-0.441 -0.791 -0.894 -0.905 -0.926 -0.917 -0.885
-0.44 -0.791 -0.893 -0.902 -0.924 -0.914 -0.882
-0.439 -0.79 -0.891 -0.9 -0.921 -0.912 -0.879
-0.438 -0.79 -0.89 -0.898 -0.918 -0.909 -0.876
-0.437 -0.789 -0.889 -0.896 -0.915 -0.906 -0.873
-0.436 -0.789 -0.887 -0.894 -0.912 -0.904 -0.87
-0.435 -0.788 -0.886 -0.892 -0.91 -0.901 -0.867
-0.434 -0.788 -0.885 -0.89 -0.907 -0.898 -0.864
-0.433 -0.787 -0.883 -0.887 -0.904 -0.895 -0.861
-0.432 -0.787 -0.882 -0.885 -0.901 -0.892 -0.858
-0.431 -0.786 -0.881 -0.883 -0.897 -0.889 -0.856
-0.43 -0.786 -0.879 -0.88 -0.894 -0.886 -0.853
-0.429 -0.785 -0.878 -0.878 -0.891 -0.883 -0.85
-0.428 -0.785 -0.876 -0.876 -0.888 -0.88 -0.847
-0.427 -0.784 -0.875 -0.873 -0.885 -0.877 -0.845
-0.426 -0.783 -0.873 -0.871 -0.882 -0.873 -0.842
-0.425 -0.783 -0.872 -0.869 -0.878 -0.87 -0.839
-0.424 -0.782 -0.87 -0.866 -0.875 -0.867 -0.837
-0.423 -0.782 -0.869 -0.864 -0.872 -0.864 -0.834
-0.422 -0.781 -0.867 -0.861 -0.868 -0.86 -0.832
-0.421 -0.78 -0.865 -0.859 -0.865 -0.857 -0.829
-0.42 -0.78 -0.864 -0.856 -0.861 -0.854 -0.827
-0.419 -0.779 -0.862 -0.854 -0.858 -0.85 -0.824
-0.418 -0.779 -0.861 -0.851 -0.855 -0.847 -0.822
-0.417 -0.778 -0.859 -0.849 -0.851 -0.844 -0.82
-0.416 -0.777 -0.857 -0.846 -0.848 -0.84 -0.817
-0.415 -0.777 -0.856 -0.844 -0.844 -0.837 -0.815
-0.414 -0.776 -0.854 -0.841 -0.841 -0.834 -0.813
-0.413 -0.775 -0.852 -0.839 -0.837 -0.83 -0.811
-0.412 -0.775 -0.85 -0.836 -0.834 -0.827 -0.809
-0.411 -0.774 -0.849 -0.833 -0.83 -0.824 -0.807
-0.41 -0.773 -0.847 -0.831 -0.827 -0.82 -0.805
-0.409 -0.773 -0.845 -0.828 -0.824 -0.817 -0.803
-0.408 -0.772 -0.843 -0.826 -0.82 -0.814 -0.801
-0.407 -0.771 -0.841 -0.823 -0.817 -0.811 -0.799
-0.406 -0.77 -0.84 -0.82 -0.813 -0.807 -0.797
-0.405 -0.77 -0.838 -0.818 -0.81 -0.804 -0.795
-0.404 -0.769 -0.836 -0.815 -0.806 -0.801 -0.793
-0.403 -0.768 -0.834 -0.812 -0.803 -0.798 -0.792
-0.402 -0.768 -0.832 -0.81 -0.8 -0.795 -0.79
-0.401 -0.767 -0.83 -0.807 -0.796 -0.791 -0.788
-0.4 -0.766 -0.828 -0.804 -0.793 -0.788 -0.787
-0.399 -0.765 -0.826 -0.802 -0.79 -0.785 -0.785
-0.398 -0.764 -0.824 -0.799 -0.786 -0.782 -0.783
-0.397 -0.764 -0.822 -0.796 -0.783 -0.779 -0.782
-0.396 -0.763 -0.82 -0.794 -0.78 -0.776 -0.78
-0.395 -0.762 -0.818 -0.791 -0.777 -0.773 -0.779
-0.394 -0.761 -0.816 -0.788 -0.773 -0.771 -0.777
-0.393 -0.76 -0.814 -0.786 -0.77 -0.768 -0.776
-0.392 -0.76 -0.812 -0.783 -0.767 -0.765 -0.775
-0.391 -0.759 -0.81 -0.781 -0.764 -0.762 -0.773
-0.39 -0.758 -0.808 -0.778 -0.761 -0.76 -0.772
-0.389 -0.757 -0.806 -0.775 -0.758 -0.757 -0.77
-0.388 -0.756 -0.804 -0.773 -0.755 -0.754 -0.769
-0.387 -0.755 -0.802 -0.77 -0.752 -0.752 -0.768
-0.386 -0.755 -0.8 -0.767 -0.749 -0.749 -0.766
-0.385 -0.754 -0.798 -0.765 -0.746 -0.747 -0.765
-0.384 -0.753 -0.796 -0.762 -0.743 -0.744 -0.764
-0.383 -0.752 -0.794 -0.76 -0.74 -0.742 -0.762
-0.382 -0.751 -0.791 -0.757 -0.738 -0.74 -0.761
-0.381 -0.75 -0.789 -0.755 -0.735 -0.737 -0.76
-0.38 -0.749 -0.787 -0.752 -0.732 -0.735 -0.758
-0.379 -0.748 -0.785 -0.749 -0.729 -0.733 -0.757
-0.378 -0.747 -0.783 -0.747 -0.727 -0.731 -0.756
-0.377 -0.746 -0.781 -0.744 -0.724 -0.729 -0.754
-0.376 -0.746 -0.778 -0.742 -0.722 -0.727 -0.753
-0.375 -0.745 -0.776 -0.739 -0.719 -0.725 -0.752
-0.374 -0.744 -0.774 -0.737 -0.717 -0.723 -0.75
-0.373 -0.743 -0.772 -0.734 -0.714 -0.721 -0.749
-0.372 -0.742 -0.77 -0.732 -0.712 -0.719 -0.748
-0.371 -0.741 -0.767 -0.729 -0.709 -0.717 -0.746
-0.37 -0.74 -0.765 -0.727 -0.707 -0.715 -0.745
-0.369 -0.739 -0.763 -0.724 -0.705 -0.713 -0.743
-0.368 -0.738 -0.761 -0.722 -0.702 -0.712 -0.742
-0.367 -0.737 -0.758 -0.72 -0.7 -0.71 -0.74
-0.366 -0.736 -0.756 -0.717 -0.698 -0.708 -0.739
-0.365 -0.735 -0.754 -0.715 -0.696 -0.706 -0.737
-0.364 -0.734 -0.751 -0.712 -0.694 -0.705 -0.736
-0.363 -0.733 -0.749 -0.71 -0.692 -0.703 -0.734
-0.362 -0.732 -0.747 -0.708 -0.69 -0.702 -0.733
-0.361 -0.731 -0.744 -0.705 -0.688 -0.7 -0.731
-0.36 -0.73 -0.742 -0.703 -0.686 -0.699 -0.729
-0.359 -0.729 -0.74 -0.701 -0.684 -0.697 -0.728
-0.358 -0.727 -0.737 -0.698 -0.682 -0.696 -0.726
-0.357 -0.726 -0.735 -0.696 -0.68 -0.694 -0.724
-0.356 -0.725 -0.733 -0.694 -0.678 -0.693 -0.723
-0.355 -0.724 -0.73 -0.692 -0.676 -0.692 -0.721
-0.354 -0.723 -0.728 -0.689 -0.675 -0.69 -0.719
-0.353 -0.722 -0.726 -0.687 -0.673 -0.689 -0.717
-0.352 -0.721 -0.723 -0.685 -0.671 -0.688 -0.715
-0.351 -0.72 -0.721 -0.683 -0.67 -0.686 -0.713
-0.35 -0.719 -0.719 -0.681 -0.668 -0.685 -0.712
-0.349 -0.718 -0.716 -0.678 -0.666 -0.684 -0.71
-0.348 -0.716 -0.714 -0.676 -0.665 -0.683 -0.708
-0.347 -0.715 -0.712 -0.674 -0.663 -0.681 -0.706
-0.346 -0.714 -0.709 -0.672 -0.662 -0.68 -0.704
-0.345 -0.713 -0.707 -0.67 -0.66 -0.679 -0.702
-0.344 -0.712 -0.704 -0.668 -0.659 -0.678 -0.7
-0.343 -0.711 -0.702 -0.666 -0.658 -0.677 -0.697
-0.342 -0.709 -0.7 -0.664 -0.656 -0.676 -0.695
-0.341 -0.708 -0.697 -0.662 -0.655 -0.674 -0.693
-0.34 -0.707 -0.695 -0.66 -0.653 -0.673 -0.691
-0.339 -0.706 -0.692 -0.658 -0.652 -0.672 -0.689
-0.338 -0.705 -0.69 -0.656 -0.651 -0.671 -0.687
-0.337 -0.703 -0.688 -0.654 -0.65 -0.67 -0.684
-0.336 -0.702 -0.685 -0.652 -0.648 -0.669 -0.682
-0.335 -0.701 -0.683 -0.65 -0.647 -0.667 -0.68
-0.334 -0.7 -0.68 -0.648 -0.646 -0.666 -0.678
-0.333 -0.699 -0.678 -0.646 -0.645 -0.665 -0.675
-0.332 -0.697 -0.676 -0.644 -0.643 -0.664 -0.673
-0.331 -0.696 -0.673 -0.642 -0.642 -0.663 -0.671
-0.33 -0.695 -0.671 -0.64 -0.641 -0.662 -0.668
-0.329 -0.694 -0.668 -0.638 -0.64 -0.66 -0.666
-0.328 -0.692 -0.666 -0.636 -0.639 -0.659 -0.663
-0.327 -0.691 -0.664 -0.635 -0.638 -0.658 -0.661
-0.326 -0.69 -0.661 -0.633 -0.637 -0.657 -0.659
-0.325 -0.688 -0.659 -0.631 -0.636 -0.656 -0.656
-0.324 -0.687 -0.656 -0.629 -0.634 -0.654 -0.654
-0.323 -0.686 -0.654 -0.627 -0.633 -0.653 -0.651
-0.322 -0.684 -0.651 -0.626 -0.632 -0.652 -0.649
-0.321 -0.683 -0.649 -0.624 -0.631 -0.651 -0.646
-0.32 -0.682 -0.647 -0.622 -0.63 -0.649 -0.644
-0.319 -0.68 -0.644 -0.62 -0.629 -0.648 -0.641
-0.318 -0.679 -0.642 -0.619 -0.628 -0.647 -0.639
-0.317 -0.678 -0.639 -0.617 -0.627 -0.645 -0.636
-0.316 -0.676 -0.637 -0.615 -0.626 -0.644 -0.634
-0.315 -0.675 -0.635 -0.613 -0.625 -0.642 -0.631
-0.314 -0.674 -0.632 -0.612 -0.624 -0.641 -0.629
-0.313 -0.672 -0.63 -0.61 -0.623 -0.64 -0.626
-0.312 -0.671 -0.627 -0.608 -0.622 -0.638 -0.624
-0.311 -0.67 -0.625 -0.607 -0.621 -0.637 -0.621
-0.31 -0.668 -0.623 -0.605 -0.62 -0.635 -0.619
-0.309 -0.667 -0.62 -0.603 -0.619 -0.634 -0.616
-0.308 -0.665 -0.618 -0.602 -0.618 -0.632 -0.614
-0.307 -0.664 -0.615 -0.6 -0.617 -0.63 -0.611
-0.306 -0.662 -0.613 -0.599 -0.616 -0.629 -0.609
-0.305 -0.661 -0.611 -0.597 -0.615 -0.627 -0.606
-0.304 -0.66 -0.608 -0.595 -0.614 -0.626 -0.604
-0.303 -0.658 -0.606 -0.594 -0.613 -0.624 -0.601
-0.302 -0.657 -0.604 -0.592 -0.612 -0.622 -0.599
-0.301 -0.655 -0.601 -0.591 -0.61 -0.62 -0.596
-0.3 -0.654 -0.599 -0.589 -0.609 -0.619 -0.594
-0.299 -0.652 -0.596 -0.588 -0.608 -0.617 -0.592
-0.298 -0.651 -0.594 -0.586 -0.607 -0.615 -0.589
-0.297 -0.649 -0.592 -0.584 -0.606 -0.613 -0.587
-0.296 -0.648 -0.589 -0.583 -0.605 -0.611 -0.584
-0.295 -0.646 -0.587 -0.581 -0.604 -0.609 -0.582
-0.294 -0.645 -0.585 -0.58 -0.603 -0.607 -0.58
-0.293 -0.643 -0.582 -0.578 -0.601 -0.605 -0.577
-0.292 -0.642 -0.58 -0.577 -0.6 -0.603 -0.575
-0.291 -0.64 -0.578 -0.575 -0.599 -0.601 -0.573
-0.29 -0.639 -0.575 -0.574 -0.598 -0.599 -0.571
-0.289 -0.637 -0.573 -0.572 -0.596 -0.597 -0.568
-0.288 -0.636 -0.571 -0.571 -0.595 -0.595 -0.566
-0.287 -0.634 -0.568 -0.569 -0.594 -0.593 -0.564
-0.286 -0.633 -0.566 -0.568 -0.593 -0.591 -0.562
-0.285 -0.631 -0.564 -0.566 -0.591 -0.589 -0.56
-0.284 -0.63 -0.561 -0.565 -0.59 -0.586 -0.558
-0.283 -0.628 -0.559 -0.563 -0.588 -0.584 -0.556
-0.282 -0.626 -0.557 -0.562 -0.587 -0.582 -0.554
-0.281 -0.625 -0.555 -0.56 -0.586 -0.58 -0.552
-0.28 -0.623 -0.552 -0.559 -0.584 -0.577 -0.55
-0.279 -0.622 -0.55 -0.557 -0.583 -0.575 -0.548
-0.278 -0.62 -0.548 -0.556 -0.581 -0.572 -0.546
-0.277 -0.619 -0.545 -0.554 -0.58 -0.57 -0.544
-0.276 -0.617 -0.543 -0.553 -0.578 -0.568 -0.542
-0.275 -0.615 -0.541 -0.551 -0.577 -0.565 -0.54
-0.274 -0.614 -0.539 -0.55 -0.575 -0.563 -0.538
-0.273 -0.612 -0.536 -0.548 -0.573 -0.56 -0.536
-0.272 -0.61 -0.534 -0.547 -0.572 -0.557 -0.534
-0.271 -0.609 -0.532 -0.545 -0.57 -0.555 -0.532
-0.27 -0.607 -0.53 -0.544 -0.568 -0.552 -0.531
-0.269 -0.605 -0.527 -0.542 -0.566 -0.55 -0.529
-0.268 -0.604 -0.525 -0.541 -0.565 -0.547 -0.527
-0.267 -0.602 -0.523 -0.539 -0.563 -0.544 -0.525
-0.266 -0.6 -0.521 -0.538 -0.561 -0.542 -0.524
-0.265 -0.599 -0.519 -0.536 -0.559 -0.539 -0.522
-0.264 -0.597 -0.516 -0.535 -0.557 -0.536 -0.52
-0.263 -0.595 -0.514 -0.533 -0.555 -0.534 -0.519
-0.262 -0.594 -0.512 -0.532 -0.553 -0.531 -0.517
-0.261 -0.592 -0.51 -0.53 -0.551 -0.528 -0.516
-0.26 -0.59 -0.508 -0.529 -0.549 -0.525 -0.514
-0.259 -0.589 -0.506 -0.527 -0.547 -0.523 -0.512
-0.258 -0.587 -0.503 -0.526 -0.545 -0.52 -0.511
-0.257 -0.585 -0.501 -0.524 -0.543 -0.517 -0.509
-0.256 -0.583 -0.499 -0.523 -0.541 -0.514 -0.508
-0.255 -0.582 -0.497 -0.521 -0.539 -0.512 -0.506
-0.254 -0.58 -0.495 -0.52 -0.537 -0.509 -0.505
-0.253 -0.578 -0.493 -0.518 -0.535 -0.506 -0.503
-0.252 -0.576 -0.49 -0.516 -0.532 -0.503 -0.502
-0.251 -0.575 -0.488 -0.515 -0.53 -0.5 -0.5
-0.25 -0.573 -0.486 -0.513 -0.528 -0.498 -0.499
-0.249 -0.571 -0.484 -0.512 -0.525 -0.495 -0.497
-0.248 -0.569 -0.482 -0.51 -0.523 -0.492 -0.496
-0.247 -0.568 -0.48 -0.508 -0.521 -0.489 -0.494
-0.246 -0.566 -0.478 -0.507 -0.518 -0.487 -0.493
-0.245 -0.564 -0.476 -0.505 -0.516 -0.484 -0.491
-0.244 -0.562 -0.474 -0.504 -0.513 -0.481 -0.49
-0.243 -0.56 -0.472 -0.502 -0.511 -0.478 -0.488
-0.242 -0.559 -0.469 -0.5 -0.508 -0.475 -0.487
-0.241 -0.557 -0.467 -0.499 -0.506 -0.473 -0.485
-0.24 -0.555 -0.465 -0.497 -0.503 -0.47 -0.484
-0.239 -0.553 -0.463 -0.495 -0.5 -0.467 -0.482
-0.238 -0.551 -0.461 -0.494 -0.498 -0.465 -0.481
-0.237 -0.549 -0.459 -0.492 -0.495 -0.462 -0.479
-0.236 -0.548 -0.457 -0.49 -0.493 -0.459 -0.478
-0.235 -0.546 -0.455 -0.488 -0.49 -0.457 -0.476
-0.234 -0.544 -0.453 -0.487 -0.487 -0.454 -0.474
-0.233 -0.542 -0.451 -0.485 -0.484 -0.451 -0.473
-0.232 -0.54 -0.449 -0.483 -0.482 -0.449 -0.471
-0.231 -0.538 -0.447 -0.481 -0.479 -0.446 -0.47
-0.23 -0.536 -0.445 -0.48 -0.476 -0.444 -0.468
-0.229 -0.535 -0.443 -0.478 -0.473 -0.441 -0.466
-0.228 -0.533 -0.441 -0.476 -0.47 -0.439 -0.465
-0.227 -0.531 -0.439 -0.474 -0.468 -0.436 -0.463
-0.226 -0.529 -0.437 -0.472 -0.465 -0.434 -0.461
-0.225 -0.527 -0.435 -0.471 -0.462 -0.432 -0.46
-0.224 -0.525 -0.433 -0.469 -0.459 -0.429 -0.458
-0.223 -0.523 -0.431 -0.467 -0.456 -0.427 -0.456
-0.222 -0.521 -0.429 -0.465 -0.453 -0.425 -0.454
-0.221 -0.519 -0.427 -0.463 -0.45 -0.422 -0.452
-0.22 -0.517 -0.425 -0.461 -0.447 -0.42 -0.451
-0.219 -0.515 -0.423 -0.459 -0.444 -0.418 -0.449
-0.218 -0.513 -0.421 -0.457 -0.442 -0.416 -0.447
-0.217 -0.512 -0.419 -0.455 -0.439 -0.414 -0.445
-0.216 -0.51 -0.417 -0.453 -0.436 -0.411 -0.443
-0.215 -0.508 -0.415 -0.451 -0.433 -0.409 -0.441
-0.214 -0.506 -0.413 -0.449 -0.43 -0.407 -0.439
-0.213 -0.504 -0.411 -0.447 -0.427 -0.405 -0.437
-0.212 -0.502 -0.41 -0.445 -0.424 -0.403 -0.435
-0.211 -0.5 -0.408 -0.443 -0.421 -0.401 -0.433
-0.21 -0.498 -0.406 -0.441 -0.418 -0.399 -0.431
-0.209 -0.496 -0.404 -0.439 -0.415 -0.398 -0.428
-0.208 -0.494 -0.402 -0.437 -0.412 -0.396 -0.426
-0.207 -0.492 -0.4 -0.435 -0.409 -0.394 -0.424
-0.206 -0.49 -0.398 -0.433 -0.406 -0.392 -0.422
-0.205 -0.488 -0.396 -0.431 -0.403 -0.39 -0.42
-0.204 -0.486 -0.394 -0.429 -0.4 -0.389 -0.417
-0.203 -0.484 -0.392 -0.427 -0.397 -0.387 -0.415
-0.202 -0.482 -0.39 -0.424 -0.394 -0.385 -0.413
-0.201 -0.48 -0.389 -0.422 -0.392 -0.384 -0.41
-0.2 -0.478 -0.387 -0.42 -0.389 -0.382 -0.408
-0.199 -0.476 -0.385 -0.418 -0.386 -0.38 -0.406
-0.198 -0.474 -0.383 -0.416 -0.383 -0.379 -0.403
-0.197 -0.472 -0.381 -0.414 -0.38 -0.377 -0.401
-0.196 -0.47 -0.379 -0.411 -0.377 -0.376 -0.399
-0.195 -0.467 -0.377 -0.409 -0.375 -0.374 -0.396
-0.194 -0.465 -0.376 -0.407 -0.372 -0.373 -0.394
-0.193 -0.463 -0.374 -0.405 -0.369 -0.372 -0.391
-0.192 -0.461 -0.372 -0.402 -0.366 -0.37 -0.389
-0.191 -0.459 -0.37 -0.4 -0.363 -0.369 -0.386
-0.19 -0.457 -0.368 -0.398 -0.361 -0.367 -0.384
-0.189 -0.455 -0.366 -0.395 -0.358 -0.366 -0.381
-0.188 -0.453 -0.364 -0.393 -0.355 -0.365 -0.379
-0.187 -0.451 -0.363 -0.391 -0.353 -0.363 -0.376
-0.186 -0.449 -0.361 -0.388 -0.35 -0.362 -0.374
-0.185 -0.447 -0.359 -0.386 -0.348 -0.361 -0.371
-0.184 -0.445 -0.357 -0.384 -0.345 -0.36 -0.369
-0.183 -0.442 -0.355 -0.381 -0.342 -0.358 -0.366
-0.182 -0.44 -0.353 -0.379 -0.34 -0.357 -0.364
-0.181 -0.438 -0.352 -0.376 -0.337 -0.356 -0.361
-0.18 -0.436 -0.35 -0.374 -0.335 -0.355 -0.359
-0.179 -0.434 -0.348 -0.372 -0.333 -0.353 -0.356
-0.178 -0.432 -0.346 -0.369 -0.33 -0.352 -0.354
-0.177 -0.43 -0.344 -0.367 -0.328 -0.351 -0.351
-0.176 -0.428 -0.342 -0.364 -0.325 -0.35 -0.349
-0.175 -0.425 -0.341 -0.362 -0.323 -0.349 -0.346
-0.174 -0.423 -0.339 -0.359 -0.321 -0.347 -0.344
-0.173 -0.421 -0.337 -0.357 -0.318 -0.346 -0.341
-0.172 -0.419 -0.335 -0.354 -0.316 -0.345 -0.339
-0.171 -0.417 -0.333 -0.352 -0.314 -0.344 -0.336
-0.17 -0.415 -0.332 -0.349 -0.312 -0.343 -0.334
-0.169 -0.412 -0.33 -0.347 -0.31 -0.341 -0.331
-0.168 -0.41 -0.328 -0.344 -0.308 -0.34 -0.329
-0.167 -0.408 -0.326 -0.342 -0.305 -0.339 -0.327
-0.166 -0.406 -0.324 -0.339 -0.303 -0.338 -0.324
-0.165 -0.404 -0.323 -0.337 -0.301 -0.336 -0.322
-0.164 -0.402 -0.321 -0.334 -0.299 -0.335 -0.32
-0.163 -0.399 -0.319 -0.332 -0.297 -0.334 -0.317
-0.162 -0.397 -0.317 -0.329 -0.295 -0.333 -0.315
-0.161 -0.395 -0.315 -0.327 -0.294 -0.331 -0.313
-0.16 -0.393 -0.314 -0.324 -0.292 -0.33 -0.311
-0.159 -0.39 -0.312 -0.322 -0.29 -0.329 -0.308
-0.158 -0.388 -0.31 -0.319 -0.288 -0.327 -0.306
-0.157 -0.386 -0.308 -0.317 -0.286 -0.326 -0.304
-0.156 -0.384 -0.306 -0.314 -0.284 -0.324 -0.302
-0.155 -0.382 -0.305 -0.311 -0.283 -0.323 -0.3
-0.154 -0.379 -0.303 -0.309 -0.281 -0.321 -0.298
-0.153 -0.377 -0.301 -0.306 -0.279 -0.32 -0.296
-0.152 -0.375 -0.299 -0.304 -0.278 -0.318 -0.294
-0.151 -0.373 -0.297 -0.301 -0.276 -0.317 -0.292
-0.15 -0.37 -0.296 -0.299 -0.274 -0.315 -0.29
-0.149 -0.368 -0.294 -0.296 -0.273 -0.314 -0.288
-0.148 -0.366 -0.292 -0.293 -0.271 -0.312 -0.286
-0.147 -0.364 -0.29 -0.291 -0.27 -0.311 -0.284
-0.146 -0.361 -0.288 -0.288 -0.268 -0.309 -0.282
-0.145 -0.359 -0.287 -0.286 -0.267 -0.307 -0.28
-0.144 -0.357 -0.285 -0.283 -0.265 -0.306 -0.278
-0.143 -0.355 -0.283 -0.281 -0.264 -0.304 -0.276
-0.142 -0.352 -0.281 -0.278 -0.262 -0.302 -0.275
-0.141 -0.35 -0.279 -0.276 -0.261 -0.3 -0.273
-0.14 -0.348 -0.278 -0.273 -0.259 -0.298 -0.271
-0.139 -0.345 -0.276 -0.27 -0.258 -0.296 -0.269
-0.138 -0.343 -0.274 -0.268 -0.257 -0.295 -0.268
-0.137 -0.341 -0.272 -0.265 -0.255 -0.293 -0.266
-0.136 -0.339 -0.27 -0.263 -0.254 -0.291 -0.264
-0.135 -0.336 -0.269 -0.26 -0.253 -0.289 -0.263
-0.134 -0.334 -0.267 -0.258 -0.251 -0.287 -0.261
-0.133 -0.332 -0.265 -0.255 -0.25 -0.285 -0.259
-0.132 -0.329 -0.263 -0.253 -0.249 -0.283 -0.258
-0.131 -0.327 -0.261 -0.25 -0.248 -0.281 -0.256
-0.13 -0.325 -0.259 -0.248 -0.246 -0.278 -0.254
-0.129 -0.322 -0.258 -0.245 -0.245 -0.276 -0.253
-0.128 -0.32 -0.256 -0.243 -0.244 -0.274 -0.251
-0.127 -0.318 -0.254 -0.24 -0.243 -0.272 -0.25
-0.126 -0.315 -0.252 -0.238 -0.242 -0.27 -0.248
-0.125 -0.313 -0.25 -0.236 -0.24 -0.267 -0.247
-0.124 -0.311 -0.249 -0.233 -0.239 -0.265 -0.245
-0.123 -0.308 -0.247 -0.231 -0.238 -0.263 -0.244
-0.122 -0.306 -0.245 -0.228 -0.237 -0.26 -0.242
-0.121 -0.304 -0.243 -0.226 -0.236 -0.258 -0.24
-0.12 -0.301 -0.241 -0.224 -0.234 -0.256 -0.239
-0.119 -0.299 -0.239 -0.221 -0.233 -0.253 -0.237
-0.118 -0.297 -0.238 -0.219 -0.232 -0.251 -0.236
-0.117 -0.294 -0.236 -0.216 -0.231 -0.248 -0.234
-0.116 -0.292 -0.234 -0.214 -0.23 -0.246 -0.233
-0.115 -0.29 -0.232 -0.212 -0.229 -0.243 -0.231
-0.114 -0.287 -0.23 -0.209 -0.227 -0.241 -0.23
-0.113 -0.285 -0.228 -0.207 -0.226 -0.238 -0.228
-0.112 -0.282 -0.227 -0.205 -0.225 -0.236 -0.227
-0.111 -0.28 -0.225 -0.202 -0.224 -0.233 -0.225
-0.11 -0.278 -0.223 -0.2 -0.223 -0.231 -0.224
-0.109 -0.275 -0.221 -0.198 -0.222 -0.228 -0.222
-0.108 -0.273 -0.219 -0.196 -0.22 -0.226 -0.22
-0.107 -0.27 -0.217 -0.193 -0.219 -0.223 -0.219
-0.106 -0.268 -0.215 -0.191 -0.218 -0.22 -0.217
-0.105 -0.266 -0.214 -0.189 -0.217 -0.218 -0.216
-0.104 -0.263 -0.212 -0.187 -0.215 -0.215 -0.214
-0.103 -0.261 -0.21 -0.185 -0.214 -0.212 -0.212
-0.102 -0.258 -0.208 -0.182 -0.213 -0.21 -0.211
-0.101 -0.256 -0.206 -0.18 -0.212 -0.207 -0.209
-0.1 -0.254 -0.204 -0.178 -0.21 -0.204 -0.207
-0.099 -0.251 -0.202 -0.176 -0.209 -0.202 -0.206
-0.098 -0.249 -0.2 -0.174 -0.208 -0.199 -0.204
-0.097 -0.246 -0.199 -0.172 -0.206 -0.196 -0.202
-0.096 -0.244 -0.197 -0.17 -0.205 -0.194 -0.2
-0.095 -0.242 -0.195 -0.168 -0.204 -0.191 -0.199
-0.094 -0.239 -0.193 -0.166 -0.202 -0.188 -0.197
-0.093 -0.237 -0.191 -0.163 -0.201 -0.186 -0.195
-0.092 -0.234 -0.189 -0.161 -0.2 -0.183 -0.193
-0.091 -0.232 -0.187 -0.159 -0.198 -0.18 -0.191
-0.09 -0.229 -0.185 -0.157 -0.197 -0.178 -0.189
-0.089 -0.227 -0.183 -0.155 -0.195 -0.175 -0.187
-0.088 -0.225 -0.181 -0.153 -0.194 -0.172 -0.186
-0.087 -0.222 -0.18 -0.151 -0.192 -0.17 -0.184
-0.086 -0.22 -0.178 -0.15 -0.191 -0.167 -0.182
-0.085 -0.217 -0.176 -0.148 -0.189 -0.164 -0.18
-0.084 -0.215 -0.174 -0.146 -0.188 -0.162 -0.178
-0.083 -0.212 -0.172 -0.144 -0.186 -0.159 -0.176
-0.082 -0.21 -0.17 -0.142 -0.184 -0.157 -0.174
-0.081 -0.207 -0.168 -0.14 -0.183 -0.154 -0.172
-0.08 -0.205 -0.166 -0.138 -0.181 -0.152 -0.169
-0.079 -0.202 -0.164 -0.136 -0.179 -0.149 -0.167
-0.078 -0.2 -0.162 -0.134 -0.178 -0.146 -0.165
-0.077 -0.198 -0.16 -0.133 -0.176 -0.144 -0.163
-0.076 -0.195 -0.158 -0.131 -0.174 -0.141 -0.161
-0.075 -0.193 -0.156 -0.129 -0.172 -0.139 -0.159
-0.074 -0.19 -0.154 -0.127 -0.171 -0.137 -0.156
-0.073 -0.188 -0.152 -0.125 -0.169 -0.134 -0.154
-0.072 -0.185 -0.15 -0.124 -0.167 -0.132 -0.152
-0.071 -0.183 -0.149 -0.122 -0.165 -0.129 -0.15
-0.07 -0.18 -0.147 -0.12 -0.163 -0.127 -0.147
-0.069 -0.178 -0.145 -0.118 -0.161 -0.125 -0.145
-0.068 -0.175 -0.143 -0.117 -0.159 -0.122 -0.143
-0.067 -0.173 -0.141 -0.115 -0.157 -0.12 -0.14
-0.066 -0.17 -0.139 -0.113 -0.155 -0.118 -0.138
-0.065 -0.168 -0.137 -0.111 -0.153 -0.115 -0.136
-0.064 -0.165 -0.135 -0.11 -0.151 -0.113 -0.133
-0.063 -0.163 -0.133 -0.108 -0.149 -0.111 -0.131
-0.062 -0.16 -0.131 -0.106 -0.147 -0.109 -0.129
-0.061 -0.158 -0.129 -0.105 -0.145 -0.107 -0.126
-0.06 -0.155 -0.127 -0.103 -0.143 -0.104 -0.124
-0.059 -0.153 -0.125 -0.102 -0.141 -0.102 -0.121
-0.058 -0.15 -0.123 -0.0999 -0.139 -0.1 -0.119
-0.057 -0.148 -0.121 -0.0983 -0.137 -0.0982 -0.117
-0.056 -0.145 -0.119 -0.0967 -0.134 -0.0962 -0.114
-0.055 -0.143 -0.117 -0.0951 -0.132 -0.0942 -0.112
-0.054 -0.14 -0.115 -0.0935 -0.13 -0.0922 -0.109
-0.053 -0.138 -0.113 -0.0919 -0.128 -0.0902 -0.107
-0.052 -0.135 -0.111 -0.0903 -0.125 -0.0883 -0.104
-0.051 -0.133 -0.109 -0.0887 -0.123 -0.0863 -0.102
-0.05 -0.13 -0.107 -0.0872 -0.121 -0.0845 -0.0995
-0.049 -0.128 -0.105 -0.0856 -0.118 -0.0826 -0.0971
-0.048 -0.125 -0.103 -0.0841 -0.116 -0.0807 -0.0946
-0.047 -0.123 -0.101 -0.0826 -0.114 -0.0789 -0.0922
-0.046 -0.12 -0.0987 -0.081 -0.111 -0.0771 -0.0898
-0.045 -0.118 -0.0966 -0.0795 -0.109 -0.0753 -0.0874
-0.044 -0.115 -0.0946 -0.078 -0.106 -0.0736 -0.085
-0.043 -0.113 -0.0926 -0.0765 -0.104 -0.0719 -0.0826
-0.042 -0.11 -0.0905 -0.0749 -0.101 -0.0702 -0.0802
-0.041 -0.108 -0.0885 -0.0734 -0.0989 -0.0685 -0.0778
-0.04 -0.105 -0.0865 -0.0719 -0.0964 -0.0668 -0.0754
-0.039 -0.103 -0.0844 -0.0704 -0.0939 -0.0652 -0.0731
-0.038 -0.1 -0.0824 -0.0689 -0.0914 -0.0635 -0.0707
-0.037 -0.0975 -0.0803 -0.0675 -0.0888 -0.0619 -0.0684
-0.036 -0.0949 -0.0783 -0.066 -0.0863 -0.0603 -0.0661
-0.035 -0.0924 -0.0762 -0.0645 -0.0837 -0.0588 -0.0638
-0.034 -0.0899 -0.0742 -0.063 -0.0812 -0.0572 -0.0615
-0.033 -0.0873 -0.0721 -0.0615 -0.0786 -0.0557 -0.0592
-0.032 -0.0848 -0.0701 -0.0601 -0.076 -0.0542 -0.0569
-0.031 -0.0823 -0.068 -0.0586 -0.0734 -0.0526 -0.0547
-0.03 -0.0797 -0.066 -0.0571 -0.0708 -0.0512 -0.0525
-0.029 -0.0772 -0.0639 -0.0556 -0.0682 -0.0497 -0.0503
-0.028 -0.0746 -0.0618 -0.0542 -0.0656 -0.0482 -0.0481
-0.027 -0.0721 -0.0598 -0.0527 -0.0629 -0.0468 -0.0459
-0.026 -0.0696 -0.0577 -0.0512 -0.0603 -0.0453 -0.0438
-0.025 -0.067 -0.0556 -0.0498 -0.0577 -0.0439 -0.0417
-0.024 -0.0645 -0.0536 -0.0483 -0.055 -0.0425 -0.0396
-0.023 -0.0619 -0.0515 -0.0468 -0.0524 -0.041 -0.0375
-0.022 -0.0594 -0.0494 -0.0454 -0.0497 -0.0396 -0.0354
-0.021 -0.0568 -0.0474 -0.0439 -0.0471 -0.0382 -0.0334
-0.02 -0.0543 -0.0453 -0.0424 -0.0444 -0.0368 -0.0313
-0.019 -0.0518 -0.0432 -0.0409 -0.0418 -0.0354 -0.0293
-0.018 -0.0492 -0.0411 -0.0395 -0.0391 -0.034 -0.0274
-0.017 -0.0467 -0.039 -0.038 -0.0365 -0.0327 -0.0254
-0.016 -0.0441 -0.037 -0.0365 -0.0338 -0.0313 -0.0235
-0.015 -0.0416 -0.0349 -0.035 -0.0312 -0.0299 -0.0215
-0.014 -0.039 -0.0328 -0.0335 -0.0285 -0.0285 -0.0196
-0.013 -0.0365 -0.0307 -0.0321 -0.0259 -0.0271 -0.0178
-0.012 -0.0339 -0.0286 -0.0306 -0.0232 -0.0257 -0.0159
-0.011 -0.0314 -0.0266 -0.0291 -0.0206 -0.0243 -0.0141
-0.01 -0.0288 -0.0245 -0.0276 -0.018 -0.0229 -0.0122
-0.009 -0.0263 -0.0224 -0.0261 -0.0153 -0.0215 -0.0104
-0.008 -0.0237 -0.0203 -0.0246 -0.0127 -0.0201 -0.00863
-0.007 -0.0212 -0.0182 -0.0231 -0.0101 -0.0187 -0.00686
-0.006 -0.0186 -0.0161 -0.0215 -0.00749 -0.0173 -0.0051
-0.005 -0.0161 -0.014 -0.02 -0.00489 -0.0159 -0.00336
-0.004 -0.0135 -0.0119 -0.0185 -0.00229 -0.0144 -0.00163
-0.003 -0.011 -0.00984 -0.017 0.000296 -0.013 7.79e-05
-0.002 -0.0084 -0.00774 -0.0154 0.00288 -0.0115 0.00178
-0.001 -0.00585 -0.00565 -0.0139 0.00545 -0.0101 0.00346
0 -0.00329 -0.00356 -0.0123 0.00801 -0.00857 0.00513
0.001 -0.000738 -0.00146 -0.0108 0.0106 -0.00708 0.00679
0.002 0.00182 0.000632 -0.0092 0.0131 -0.00556 0.00844
0.003 0.00437 0.00273 -0.00763 0.0156 -0.00404 0.0101
0.004 0.00692 0.00482 -0.00605 0.0181 -0.00249 0.0117
0.005 0.00948 0.00692 -0.00446 0.0207 -0.000934 0.0133
0.006 0.012 0.00901 -0.00287 0.0231 0.000643 0.015
0.007 0.0146 0.0111 -0.00126 0.0256 0.00224 0.0166
0.008 0.0171 0.0132 0.000345 0.0281 0.00385 0.0182
0.009 0.0197 0.0153 0.00196 0.0305 0.00548 0.0198
0.01 0.0222 0.0174 0.00359 0.033 0.00714 0.0214
0.011 0.0248 0.0195 0.00523 0.0354 0.00881 0.023
0.012 0.0274 0.0216 0.00687 0.0378 0.0105 0.0246
0.013 0.0299 0.0237 0.00852 0.0402 0.0122 0.0261
0.014 0.0325 0.0258 0.0102 0.0426 0.014 0.0277
0.015 0.035 0.0279 0.0119 0.045 0.0157 0.0293
0.016 0.0376 0.03 0.0135 0.0473 0.0175 0.0309
0.017 0.0401 0.0321 0.0152 0.0497 0.0193 0.0325
0.018 0.0427 0.0342 0.0169 0.052 0.0211 0.0341
0.019 0.0452 0.0362 0.0186 0.0543 0.023 0.0357
0.02 0.0478 0.0383 0.0204 0.0566 0.0248 0.0373
0.021 0.0503 0.0404 0.0221 0.0588 0.0267 0.0389
0.022 0.0529 0.0425 0.0238 0.0611 0.0287 0.0406
0.023 0.0554 0.0446 0.0256 0.0633 0.0306 0.0422
0.024 0.058 0.0467 0.0274 0.0655 0.0326 0.0438
0.025 0.0605 0.0488 0.0291 0.0677 0.0346 0.0455
0.026 0.0631 0.0509 0.0309 0.0699 0.0366 0.0472
0.027 0.0656 0.053 0.0327 0.0721 0.0386 0.0488
0.028 0.0682 0.0551 0.0345 0.0742 0.0407 0.0505
0.029 0.0707 0.0571 0.0364 0.0764 0.0428 0.0522
0.03 0.0733 0.0592 0.0382 0.0785 0.0449 0.0539
0.031 0.0758 0.0613 0.04 0.0806 0.047 0.0556
0.032 0.0784 0.0634 0.0419 0.0827 0.0492 0.0574
0.033 0.0809 0.0655 0.0438 0.0847 0.0514 0.0591
0.034 0.0834 0.0676 0.0457 0.0868 0.0536 0.0609
0.035 0.086 0.0696 0.0476 0.0888 0.0558 0.0627
0.036 0.0885 0.0717 0.0495 0.0908 0.058 0.0645
0.037 0.0911 0.0738 0.0514 0.0928 0.0603 0.0663
0.038 0.0936 0.0759 0.0533 0.0947 0.0626 0.0681
0.039 0.0961 0.078 0.0553 0.0967 0.0649 0.07
0.04 0.0987 0.08 0.0572 0.0986 0.0672 0.0718
0.041 0.101 0.0821 0.0592 0.101 0.0696 0.0737
0.042 0.104 0.0842 0.0612 0.102 0.0719 0.0756
0.043 0.106 0.0862 0.0632 0.104 0.0743 0.0776
0.044 0.109 0.0883 0.0652 0.106 0.0767 0.0795
0.045 0.111 0.0904 0.0672 0.108 0.0792 0.0815
0.046 0.114 0.0924 0.0692 0.11 0.0816 0.0834
0.047 0.116 0.0945 0.0713 0.112 0.084 0.0854
0.048 0.119 0.0966 0.0733 0.113 0.0865 0.0875
0.049 0.121 0.0986 0.0754 0.115 0.089 0.0895
0.05 0.124 0.101 0.0775 0.117 0.0915 0.0916
0.051 0.127 0.103 0.0796 0.119 0.094 0.0936
0.052 0.129 0.105 0.0817 0.12 0.0965 0.0957
0.053 0.132 0.107 0.0838 0.122 0.0991 0.0979
0.054 0.134 0.109 0.086 0.124 0.102 0.1
0.055 0.137 0.111 0.0881 0.126 0.104 0.102
0.056 0.139 0.113 0.0903 0.127 0.107 0.104
0.057 0.142 0.115 0.0925 0.129 0.109 0.107
0.058 0.144 0.117 0.0947 0.131 0.112 0.109
0.059 0.147 0.119 0.0969 0.132 0.114 0.111
0.06 0.149 0.121 0.0991 0.134 0.117 0.113
0.061 0.152 0.123 0.101 0.135 0.12 0.115
0.062 0.154 0.125 0.104 0.137 0.122 0.118
0.063 0.157 0.127 0.106 0.139 0.125 0.12
0.064 0.159 0.129 0.108 0.14 0.127 0.122
0.065 0.162 0.131 0.11 0.142 0.13 0.125
0.066 0.164 0.133 0.113 0.143 0.133 0.127
0.067 0.167 0.135 0.115 0.145 0.135 0.129
0.068 0.169 0.137 0.117 0.146 0.138 0.132
0.069 0.172 0.139 0.12 0.148 0.14 0.134
0.07 0.174 0.141 0.122 0.149 0.143 0.136
0.071 0.177 0.144 0.124 0.151 0.146 0.139
0.072 0.179 0.146 0.127 0.152 0.148 0.141
0.073 0.182 0.148 0.129 0.154 0.151 0.144
0.074 0.184 0.15 0.131 0.155 0.153 0.146
0.075 0.187 0.152 0.134 0.157 0.156 0.148
0.076 0.189 0.154 0.136 0.158 0.158 0.151
0.077 0.192 0.156 0.139 0.16 0.161 0.153
0.078 0.194 0.158 0.141 0.161 0.163 0.156
0.079 0.197 0.16 0.143 0.163 0.166 0.158
0.08 0.199 0.162 0.146 0.164 0.168 0.16
0.081 0.202 0.164 0.148 0.165 0.171 0.163
0.082 0.204 0.166 0.151 0.167 0.173 0.165
0.083 0.207 0.168 0.153 0.168 0.176 0.168
0.084 0.209 0.17 0.156 0.17 0.178 0.17
0.085 0.212 0.172 0.158 0.171 0.181 0.172
0.086 0.214 0.174 0.161 0.173 0.183 0.175
0.087 0.217 0.176 0.163 0.174 0.186 0.177
0.088 0.219 0.178 0.166 0.175 0.188 0.18
0.089 0.222 0.179 0.168 0.177 0.19 0.182
0.09 0.224 0.181 0.171 0.178 0.193 0.184
0.091 0.226 0.183 0.173 0.18 0.195 0.187
0.092 0.229 0.185 0.176 0.181 0.197 0.189
0.093 0.231 0.187 0.179 0.183 0.2 0.192
0.094 0.234 0.189 0.181 0.184 0.202 0.194
0.095 0.236 0.191 0.184 0.186 0.204 0.196
0.096 0.239 0.193 0.186 0.187 0.206 0.198
0.097 0.241 0.195 0.189 0.188 0.209 0.201
0.098 0.244 0.197 0.191 0.19 0.211 0.203
0.099 0.246 0.199 0.194 0.191 0.213 0.205
0.1 0.248 0.201 0.197 0.193 0.215 0.208
0.101 0.251 0.203 0.199 0.194 0.217 0.21
0.102 0.253 0.205 0.202 0.196 0.219 0.212
0.103 0.256 0.207 0.204 0.197 0.221 0.214
0.104 0.258 0.209 0.207 0.199 0.223 0.216
0.105 0.261 0.211 0.21 0.2 0.225 0.219
0.106 0.263 0.213 0.212 0.202 0.227 0.221
0.107 0.266 0.215 0.215 0.203 0.229 0.223
0.108 0.268 0.217 0.218 0.205 0.231 0.225
0.109 0.27 0.219 0.22 0.207 0.233 0.227
0.11 0.273 0.221 0.223 0.208 0.235 0.229
0.111 0.275 0.223 0.225 0.21 0.237 0.231
0.112 0.278 0.224 0.228 0.211 0.239 0.233
0.113 0.28 0.226 0.231 0.213 0.241 0.235
0.114 0.282 0.228 0.233 0.215 0.242 0.237
0.115 0.285 0.23 0.236 0.216 0.244 0.239
0.116 0.287 0.232 0.239 0.218 0.246 0.241
0.117 0.29 0.234 0.241 0.219 0.248 0.243
0.118 0.292 0.236 0.244 0.221 0.249 0.245
0.119 0.294 0.238 0.247 0.223 0.251 0.247
0.12 0.297 0.24 0.249 0.225 0.253 0.248
0.121 0.299 0.242 0.252 0.226 0.255 0.25
0.122 0.302 0.244 0.254 0.228 0.256 0.252
0.123 0.304 0.246 0.257 0.23 0.258 0.254
0.124 0.306 0.248 0.26 0.232 0.259 0.256
0.125 0.309 0.25 0.262 0.233 0.261 0.257
0.126 0.311 0.251 0.265 0.235 0.263 0.259
0.127 0.313 0.253 0.267 0.237 0.264 0.261
0.128 0.316 0.255 0.27 0.239 0.266 0.263
0.129 0.318 0.257 0.273 0.241 0.267 0.264
0.13 0.32 0.259 0.275 0.243 0.269 0.266
0.131 0.323 0.261 0.278 0.245 0.27 0.268
0.132 0.325 0.263 0.28 0.246 0.272 0.269
0.133 0.328 0.265 0.283 0.248 0.273 0.271
0.134 0.33 0.267 0.285 0.25 0.274 0.273
0.135 0.332 0.269 0.288 0.252 0.276 0.274
0.136 0.335 0.271 0.29 0.254 0.277 0.276
0.137 0.337 0.272 0.293 0.256 0.279 0.277
0.138 0.339 0.274 0.295 0.258 0.28 0.279
0.139 0.342 0.276 0.298 0.26 0.282 0.281
0.14 0.344 0.278 0.3 0.262 0.283 0.282
0.141 0.346 0.28 0.303 0.265 0.284 0.284
0.142 0.349 0.282 0.305 0.267 0.286 0.285
0.143 0.351 0.284 0.308 0.269 0.287 0.287
0.144 0.353 0.286 0.31 0.271 0.288 0.288
0.145 0.355 0.288 0.313 0.273 0.29 0.29
0.146 0.358 0.29 0.315 0.275 0.291 0.292
0.147 0.36 0.291 0.318 0.277 0.293 0.293
0.148 0.362 0.293 0.32 0.28 0.294 0.295
0.149 0.365 0.295 0.322 0.282 0.295 0.296
0.15 0.367 0.297 0.325 0.284 0.297 0.298
0.151 0.369 0.299 0.327 0.286 0.298 0.299
0.152 0.372 0.301 0.329 0.288 0.299 0.301
0.153 0.374 0.303 0.332 0.291 0.301 0.303
0.154 0.376 0.305 0.334 0.293 0.302 0.304
0.155 0.378 0.307 0.336 0.295 0.304 0.306
0.156 0.381 0.309 0.339 0.298 0.305 0.307
0.157 0.383 0.31 0.341 0.3 0.306 0.309
0.158 0.385 0.312 0.343 0.302 0.308 0.311
0.159 0.387 0.314 0.345 0.305 0.309 0.312
0.16 0.39 0.316 0.348 0.307 0.311 0.314
0.161 0.392 0.318 0.35 0.309 0.312 0.316
0.162 0.394 0.32 0.352 0.312 0.314 0.317
0.163 0.396 0.322 0.354 0.314 0.315 0.319
0.164 0.399 0.324 0.356 0.317 0.317 0.321
0.165 0.401 0.326 0.359 0.319 0.318 0.322
0.166 0.403 0.328 0.361 0.321 0.32 0.324
0.167 0.405 0.329 0.363 0.324 0.321 0.326
0.168 0.408 0.331 0.365 0.326 0.323 0.328
0.169 0.41 0.333 0.367 0.329 0.325 0.33
0.17 0.412 0.335 0.369 0.331 0.326 0.331
0.171 0.414 0.337 0.371 0.334 0.328 0.333
0.172 0.416 0.339 0.373 0.336 0.33 0.335
0.173 0.419 0.341 0.375 0.338 0.331 0.337
0.174 0.421 0.343 0.377 0.341 0.333 0.339
0.175 0.423 0.345 0.379 0.343 0.335 0.341
0.176 0.425 0.347 0.381 0.346 0.337 0.343
0.177 0.427 0.349 0.383 0.348 0.338 0.345
0.178 0.43 0.351 0.385 0.351 0.34 0.347
0.179 0.432 0.352 0.387 0.353 0.342 0.349
0.18 0.434 0.354 0.389 0.356 0.344 0.351
0.181 0.436 0.356 0.39 0.358 0.346 0.353
0.182 0.438 0.358 0.392 0.361 0.348 0.355
0.183 0.44 0.36 0.394 0.363 0.35 0.357
0.184 0.443 0.362 0.396 0.366 0.352 0.359
0.185 0.445 0.364 0.398 0.368 0.354 0.361
0.186 0.447 0.366 0.399 0.371 0.356 0.364
0.187 0.449 0.368 0.401 0.373 0.358 0.366
0.188 0.451 0.37 0.403 0.376 0.36 0.368
0.189 0.453 0.372 0.405 0.378 0.362 0.37
0.19 0.455 0.374 0.406 0.381 0.364 0.372
0.191 0.458 0.376 0.408 0.383 0.366 0.375
0.192 0.46 0.378 0.41 0.386 0.369 0.377
0.193 0.462 0.38 0.411 0.388 0.371 0.379
0.194 0.464 0.382 0.413 0.391 0.373 0.382
0.195 0.466 0.383 0.415 0.393 0.375 0.384
0.196 0.468 0.385 0.416 0.395 0.378 0.386
0.197 0.47 0.387 0.418 0.398 0.38 0.389
0.198 0.472 0.389 0.419 0.4 0.382 0.391
0.199 0.474 0.391 0.421 0.403 0.385 0.393
0.2 0.476 0.393 0.423 0.405 0.387 0.396
0.201 0.479 0.395 0.424 0.408 0.389 0.398
0.202 0.481 0.397 0.426 0.41 0.392 0.401
0.203 0.483 0.399 0.427 0.412 0.394 0.403
0.204 0.485 0.401 0.429 0.415 0.397 0.405
0.205 0.487 0.403 0.43 0.417 0.399 0.408
0.206 0.489 0.405 0.432 0.42 0.402 0.41
0.207 0.491 0.407 0.433 0.422 0.404 0.413
0.208 0.493 0.409 0.434 0.424 0.407 0.415
0.209 0.495 0.411 0.436 0.427 0.409 0.418
0.21 0.497 0.413 0.437 0.429 0.412 0.42
0.211 0.499 0.415 0.439 0.431 0.414 0.422
0.212 0.501 0.417 0.44 0.434 0.417 0.425
0.213 0.503 0.419 0.442 0.436 0.419 0.427
0.214 0.505 0.421 0.443 0.438 0.422 0.43
0.215 0.507 0.423 0.444 0.44 0.425 0.432
0.216 0.509 0.425 0.446 0.443 0.427 0.435
0.217 0.511 0.427 0.447 0.445 0.43 0.437
0.218 0.513 0.429 0.448 0.447 0.432 0.439
0.219 0.515 0.431 0.45 0.449 0.435 0.442
0.22 0.517 0.433 0.451 0.452 0.438 0.444
0.221 0.519 0.435 0.452 0.454 0.44 0.446
0.222 0.521 0.437 0.454 0.456 0.443 0.449
0.223 0.523 0.44 0.455 0.458 0.445 0.451
0.224 0.525 0.442 0.456 0.46 0.448 0.454
0.225 0.527 0.444 0.458 0.463 0.451 0.456
0.226 0.529 0.446 0.459 0.465 0.453 0.458
0.227 0.531 0.448 0.46 0.467 0.456 0.46
0.228 0.533 0.45 0.461 0.469 0.458 0.463
0.229 0.535 0.452 0.463 0.471 0.461 0.465
0.23 0.537 0.454 0.464 0.473 0.464 0.467
0.231 0.539 0.456 0.465 0.475 0.466 0.469
0.232 0.541 0.458 0.466 0.477 0.469 0.472
0.233 0.542 0.46 0.468 0.479 0.471 0.474
0.234 0.544 0.462 0.469 0.481 0.474 0.476
0.235 0.546 0.464 0.47 0.484 0.476 0.478
0.236 0.548 0.466 0.472 0.486 0.479 0.48
0.237 0.55 0.469 0.473 0.488 0.481 0.482
0.238 0.552 0.471 0.474 0.49 0.484 0.485
0.239 0.554 0.473 0.475 0.492 0.486 0.487
0.24 0.556 0.475 0.477 0.494 0.489 0.489
0.241 0.558 0.477 0.478 0.496 0.491 0.491
0.242 0.559 0.479 0.479 0.497 0.494 0.493
0.243 0.561 0.481 0.48 0.499 0.496 0.495
0.244 0.563 0.483 0.482 0.501 0.498 0.497
0.245 0.565 0.486 0.483 0.503 0.501 0.499
0.246 0.567 0.488 0.484 0.505 0.503 0.501
0.247 0.569 0.49 0.486 0.507 0.505 0.502
0.248 0.571 0.492 0.487 0.509 0.508 0.504
0.249 0.572 0.494 0.488 0.511 0.51 0.506
0.25 0.574 0.496 0.489 0.513 0.512 0.508
0.251 0.576 0.498 0.491 0.515 0.515 0.51
0.252 0.578 0.501 0.492 0.516 0.517 0.512
0.253 0.58 0.503 0.493 0.518 0.519 0.514
0.254 0.581 0.505 0.495 0.52 0.521 0.515
0.255 0.583 0.507 0.496 0.522 0.524 0.517
0.256 0.585 0.509 0.497 0.524 0.526 0.519
0.257 0.587 0.511 0.499 0.526 0.528 0.521
0.258 0.589 0.514 0.5 0.527 0.53 0.522
0.259 0.59 0.516 0.501 0.529 0.532 0.524
0.26 0.592 0.518 0.503 0.531 0.534 0.526
0.261 0.594 0.52 0.504 0.533 0.536 0.527
0.262 0.596 0.522 0.506 0.534 0.538 0.529
0.263 0.597 0.525 0.507 0.536 0.54 0.531
0.264 0.599 0.527 0.508 0.538 0.542 0.533
0.265 0.601 0.529 0.51 0.54 0.544 0.534
0.266 0.603 0.531 0.511 0.541 0.546 0.536
0.267 0.604 0.533 0.513 0.543 0.548 0.537
0.268 0.606 0.536 0.514 0.545 0.55 0.539
0.269 0.608 0.538 0.516 0.547 0.552 0.541
0.27 0.61 0.54 0.517 0.548 0.554 0.542
0.271 0.611 0.542 0.519 0.55 0.556 0.544
0.272 0.613 0.544 0.52 0.552 0.558 0.546
0.273 0.615 0.547 0.522 0.553 0.559 0.547
0.274 0.616 0.549 0.523 0.555 0.561 0.549
0.275 0.618 0.551 0.525 0.557 0.563 0.551
0.276 0.62 0.553 0.526 0.558 0.565 0.552
0.277 0.621 0.556 0.528 0.56 0.566 0.554
0.278 0.623 0.558 0.53 0.562 0.568 0.555
0.279 0.625 0.56 0.531 0.563 0.57 0.557
0.28 0.626 0.562 0.533 0.565 0.572 0.559
0.281 0.628 0.565 0.534 0.567 0.573 0.56
0.282 0.63 0.567 0.536 0.568 0.575 0.562
0.283 0.631 0.569 0.538 0.57 0.577 0.564
0.284 0.633 0.571 0.539 0.572 0.578 0.565
0.285 0.634 0.574 0.541 0.573 0.58 0.567
0.286 0.636 0.576 0.543 0.575 0.581 0.569
0.287 0.638 0.578 0.545 0.577 0.583 0.57
0.288 0.639 0.581 0.546 0.578 0.585 0.572
0.289 0.641 0.583 0.548 0.58 0.586 0.574
0.29 0.642 0.585 0.55 0.581 0.588 0.576
0.291 0.644 0.587 0.552 0.583 0.589 0.577
0.292 0.646 0.59 0.554 0.585 0.591 0.579
0.293 0.647 0.592 0.555 0.586 0.592 0.581
0.294 0.649 0.594 0.557 0.588 0.594 0.583
0.295 0.65 0.596 0.559 0.59 0.595 0.584
0.296 0.652 0.599 0.561 0.591 0.597 0.586
0.297 0.653 0.601 0.563 0.593 0.598 0.588
0.298 0.655 0.603 0.565 0.595 0.6 0.59
0.299 0.656 0.606 0.567 0.596 0.601 0.592
0.3 0.658 0.608 0.569 0.598 0.603 0.594
0.301 0.659 0.61 0.571 0.6 0.604 0.595
0.302 0.661 0.612 0.573 0.601 0.606 0.597
0.303 0.662 0.615 0.575 0.603 0.607 0.599
0.304 0.664 0.617 0.577 0.605 0.609 0.601
0.305 0.665 0.619 0.579 0.606 0.61 0.603
0.306 0.667 0.622 0.581 0.608 0.611 0.605
0.307 0.668 0.624 0.583 0.61 0.613 0.607
0.308 0.67 0.626 0.585 0.611 0.614 0.609
0.309 0.671 0.629 0.587 0.613 0.616 0.611
0.31 0.673 0.631 0.59 0.615 0.617 0.613
0.311 0.674 0.633 0.592 0.616 0.619 0.615
0.312 0.676 0.635 0.594 0.618 0.62 0.617
0.313 0.677 0.638 0.596 0.62 0.622 0.619
0.314 0.678 0.64 0.598 0.621 0.623 0.621
0.315 0.68 0.642 0.601 0.623 0.625 0.623
0.316 0.681 0.645 0.603 0.625 0.626 0.626
0.317 0.683 0.647 0.605 0.627 0.628 0.628
0.318 0.684 0.649 0.608 0.628 0.629 0.63
0.319 0.686 0.651 0.61 0.63 0.631 0.632
0.32 0.687 0.654 0.612 0.632 0.632 0.634
0.321 0.688 0.656 0.615 0.634 0.634 0.636
0.322 0.69 0.658 0.617 0.635 0.635 0.639
0.323 0.691 0.661 0.619 0.637 0.637 0.641
0.324 0.692 0.663 0.622 0.639 0.638 0.643
0.325 0.694 0.665 0.624 0.641 0.64 0.645
0.326 0.695 0.667 0.627 0.643 0.642 0.648
0.327 0.696 0.67 0.629 0.644 0.643 0.65
0.328 0.698 0.672 0.631 0.646 0.645 0.652
0.329 0.699 0.674 0.634 0.648 0.647 0.654
0.33 0.7 0.677 0.636 0.65 0.648 0.657
0.331 0.702 0.679 0.639 0.652 0.65 0.659
0.332 0.703 0.681 0.642 0.654 0.652 0.661
0.333 0.704 0.683 0.644 0.656 0.653 0.664
0.334 0.706 0.686 0.647 0.657 0.655 0.666
0.335 0.707 0.688 0.649 0.659 0.657 0.668
0.336 0.708 0.69 0.652 0.661 0.659 0.671
0.337 0.709 0.692 0.654 0.663 0.66 0.673
0.338 0.711 0.695 0.657 0.665 0.662 0.675
0.339 0.712 0.697 0.66 0.667 0.664 0.678
0.34 0.713 0.699 0.662 0.669 0.666 0.68
0.341 0.714 0.701 0.665 0.671 0.668 0.682
0.342 0.716 0.704 0.668 0.673 0.67 0.685
0.343 0.717 0.706 0.67 0.675 0.672 0.687
0.344 0.718 0.708 0.673 0.677 0.674 0.689
0.345 0.719 0.71 0.676 0.679 0.676 0.692
0.346 0.721 0.713 0.679 0.681 0.678 0.694
0.347 0.722 0.715 0.681 0.683 0.68 0.697
0.348 0.723 0.717 0.684 0.685 0.682 0.699
0.349 0.724 0.719 0.687 0.687 0.684 0.701
0.35 0.725 0.721 0.69 0.689 0.686 0.703
0.351 0.727 0.724 0.692 0.691 0.688 0.706
0.352 0.728 0.726 0.695 0.693 0.69 0.708
0.353 0.729 0.728 0.698 0.695 0.692 0.71
0.354 0.73 0.73 0.701 0.697 0.694 0.713
0.355 0.731 0.732 0.704 0.699 0.697 0.715
0.356 0.732 0.735 0.706 0.701 0.699 0.717
0.357 0.733 0.737 0.709 0.703 0.701 0.719
0.358 0.735 0.739 0.712 0.706 0.703 0.722
0.359 0.736 0.741 0.715 0.708 0.706 0.724
0.36 0.737 0.743 0.718 0.71 0.708 0.726
0.361 0.738 0.745 0.721 0.712 0.71 0.728
0.362 0.739 0.747 0.723 0.714 0.713 0.73
0.363 0.74 0.75 0.726 0.716 0.715 0.733
0.364 0.741 0.752 0.729 0.718 0.717 0.735
0.365 0.742 0.754 0.732 0.721 0.72 0.737
0.366 0.743 0.756 0.735 0.723 0.722 0.739
0.367 0.744 0.758 0.738 0.725 0.724 0.741
0.368 0.745 0.76 0.741 0.727 0.727 0.743
0.369 0.746 0.762 0.744 0.729 0.729 0.745
0.37 0.747 0.764 0.746 0.732 0.732 0.747
0.371 0.748 0.766 0.749 0.734 0.734 0.749
0.372 0.749 0.768 0.752 0.736 0.737 0.751
0.373 0.75 0.77 0.755 0.738 0.739 0.753
0.374 0.751 0.772 0.758 0.741 0.742 0.755
0.375 0.752 0.774 0.761 0.743 0.744 0.757
0.376 0.753 0.777 0.764 0.745 0.747 0.759
0.377 0.754 0.779 0.767 0.747 0.749 0.761
0.378 0.755 0.781 0.77 0.75 0.752 0.763
0.379 0.756 0.783 0.772 0.752 0.754 0.765
0.38 0.757 0.785 0.775 0.754 0.757 0.767
0.381 0.758 0.787 0.778 0.756 0.759 0.768
0.382 0.759 0.789 0.781 0.759 0.762 0.77
0.383 0.76 0.79 0.784 0.761 0.765 0.772
0.384 0.761 0.792 0.787 0.763 0.767 0.774
0.385 0.762 0.794 0.79 0.766 0.77 0.776
0.386 0.763 0.796 0.792 0.768 0.772 0.777
0.387 0.764 0.798 0.795 0.77 0.775 0.779
0.388 0.765 0.8 0.798 0.773 0.777 0.781
0.389 0.766 0.802 0.801 0.775 0.78 0.783
0.39 0.767 0.804 0.804 0.777 0.782 0.784
0.391 0.767 0.806 0.806 0.78 0.785 0.786
0.392 0.768 0.808 0.809 0.782 0.788 0.788
0.393 0.769 0.81 0.812 0.784 0.79 0.789
0.394 0.77 0.811 0.815 0.787 0.793 0.791
0.395 0.771 0.813 0.817 0.789 0.795 0.793
0.396 0.772 0.815 0.82 0.791 0.798 0.794
0.397 0.773 0.817 0.823 0.794 0.8 0.796
0.398 0.773 0.819 0.826 0.796 0.803 0.798
0.399 0.774 0.821 0.828 0.798 0.805 0.799
0.4 0.775 0.822 0.831 0.801 0.807 0.801
0.401 0.776 0.824 0.834 0.803 0.81 0.803
0.402 0.777 0.826 0.836 0.805 0.812 0.804
0.403 0.777 0.828 0.839 0.808 0.815 0.806
0.404 0.778 0.829 0.842 0.81 0.817 0.808
0.405 0.779 0.831 0.844 0.812 0.82 0.809
0.406 0.78 0.833 0.847 0.815 0.822 0.811
0.407 0.78 0.834 0.849 0.817 0.824 0.813
0.408 0.781 0.836 0.852 0.819 0.827 0.815
0.409 0.782 0.838 0.854 0.822 0.829 0.816
0.41 0.783 0.839 0.857 0.824 0.831 0.818
0.411 0.783 0.841 0.859 0.826 0.834 0.82
0.412 0.784 0.843 0.862 0.829 0.836 0.821
0.413 0.785 0.844 0.864 0.831 0.838 0.823
0.414 0.785 0.846 0.867 0.833 0.84 0.825
0.415 0.786 0.848 0.869 0.836 0.843 0.827
0.416 0.787 0.849 0.871 0.838 0.845 0.829
0.417 0.788 0.851 0.874 0.84 0.847 0.83
0.418 0.788 0.852 0.876 0.843 0.849 0.832
0.419 0.789 0.854 0.878 0.845 0.851 0.834
0.42 0.79 0.855 0.881 0.847 0.854 0.836
0.421 0.79 0.857 0.883 0.85 0.856 0.838
0.422 0.791 0.858 0.885 0.852 0.858 0.84
0.423 0.791 0.86 0.887 0.854 0.86 0.841
0.424 0.792 0.861 0.889 0.857 0.862 0.843
0.425 0.793 0.863 0.891 0.859 0.864 0.845
0.426 0.793 0.864 0.894 0.861 0.866 0.847
0.427 0.794 0.866 0.896 0.863 0.868 0.849
0.428 0.794 0.867 0.898 0.866 0.87 0.851
0.429 0.795 0.868 0.9 0.868 0.872 0.853
0.43 0.796 0.87 0.902 0.87 0.874 0.855
0.431 0.796 0.871 0.904 0.872 0.876 0.857
0.432 0.797 0.872 0.905 0.875 0.878 0.859
0.433 0.797 0.874 0.907 0.877 0.88 0.861
0.434 0.798 0.875 0.909 0.879 0.882 0.863
0.435 0.798 0.876 0.911 0.881 0.884 0.865
0.436 0.799 0.878 0.913 0.883 0.885 0.867
0.437 0.799 0.879 0.915 0.886 0.887 0.869
0.438 0.8 0.88 0.916 0.888 0.889 0.872
0.439 0.8 0.881 0.918 0.89 0.891 0.874
0.44 0.801 0.883 0.92 0.892 0.893 0.876
0.441 0.801 0.884 0.921 0.894 0.894 0.878
0.442 0.802 0.885 0.923 0.896 0.896 0.88
0.443 0.802 0.886 0.924 0.898 0.898 0.882
0.444 0.803 0.887 0.926 0.9 0.9 0.884
0.445 0.803 0.888 0.927 0.902 0.901 0.887
0.446 0.804 0.89 0.929 0.904 0.903 0.889
0.447 0.804 0.891 0.93 0.906 0.905 0.891
0.448 0.805 0.892 0.932 0.909 0.906 0.893
0.449 0.805 0.893 0.933 0.911 0.908 0.895
0.45 0.805 0.894 0.934 0.912 0.909 0.898
0.451 0.806 0.895 0.936 0.914 0.911 0.9
0.452 0.806 0.896 0.937 0.916 0.913 0.902
0.453 0.807 0.897 0.938 0.918 0.914 0.904
0.454 0.807 0.898 0.939 0.92 0.916 0.907
0.455 0.807 0.899 0.94 0.922 0.917 0.909
0.456 0.808 0.9 0.941 0.924 0.919 0.911
0.457 0.808 0.901 0.943 0.926 0.92 0.913
0.458 0.809 0.902 0.944 0.928 0.922 0.915
0.459 0.809 0.902 0.945 0.929 0.923 0.918
0.46 0.809 0.903 0.945 0.931 0.925 0.92
0.461 0.81 0.904 0.946 0.933 0.926 0.922
0.462 0.81 0.905 0.947 0.935 0.927 0.924
0.463 0.81 0.906 0.948 0.936 0.929 0.926
0.464 0.81 0.907 0.949 0.938 0.93 0.929
0.465 0.811 0.907 0.95 0.94 0.931 0.931
0.466 0.811 0.908 0.95 0.941 0.933 0.933
0.467 0.811 0.909 0.951 0.943 0.934 0.935
0.468 0.812 0.91 0.952 0.944 0.935 0.937
0.469 0.812 0.91 0.952 0.946 0.937 0.939
0.47 0.812 0.911 0.953 0.947 0.938 0.941
0.471 0.812 0.912 0.953 0.949 0.939 0.943
0.472 0.813 0.912 0.954 0.95 0.94 0.945
0.473 0.813 0.913 0.954 0.952 0.941 0.947
0.474 0.813 0.913 0.955 0.953 0.943 0.949
0.475 0.813 0.914 0.955 0.954 0.944 0.951
0.476 0.813 0.915 0.955 0.956 0.945 0.953
0.477 0.814 0.915 0.956 0.957 0.946 0.955
0.478 0.814 0.916 0.956 0.958 0.947 0.957
0.479 0.814 0.916 0.956 0.959 0.948 0.959
0.48 0.814 0.917 0.956 0.961 0.949 0.961
0.481 0.814 0.917 0.956 0.962 0.95 0.962
0.482 0.815 0.917 0.956 0.963 0.951 0.964
0.483 0.815 0.918 0.957 0.964 0.952 0.966
0.484 0.815 0.918 0.957 0.965 0.953 0.967
0.485 0.815 0.919 0.957 0.966 0.954 0.969
0.486 0.815 0.919 0.957 0.967 0.955 0.97
0.487 0.815 0.919 0.956 0.967 0.956 0.972
0.488 0.815 0.92 0.956 0.968 0.957 0.973
0.489 0.815 0.92 0.956 0.969 0.957 0.974
0.49 0.816 0.92 0.956 0.97 0.958 0.976
0.491 0.816 0.921 0.956 0.97 0.959 0.977
0.492 0.816 0.921 0.956 0.971 0.96 0.978
0.493 0.816 0.921 0.955 0.972 0.96 0.979
0.494 0.816 0.921 0.955 0.972 0.961 0.98
0.495 0.816 0.921 0.955 0.973 0.962 0.981
0.496 0.816 0.922 0.954 0.973 0.962 0.982
0.497 0.816 0.922 0.954 0.974 0.963 0.983
0.498 0.816 0.922 0.953 0.974 0.963 0.984
0.499 0.816 0.922 0.953 0.974 0.964 0.984
0.5 0.816 0.922 0.952 0.975 0.964 0.985
0.501 0.816 0.922 0.952 0.975 0.965 0.986
0.502 0.816 0.922 0.951 0.975 0.965 0.986
0.503 0.816 0.922 0.95 0.975 0.965 0.986
0.504 0.816 0.922 0.95 0.975 0.965 0.987
0.505 0.816 0.922 0.949 0.975 0.966 0.987
0.506 0.816 0.922 0.948 0.975 0.966 0.987
0.507 0.816 0.922 0.948 0.975 0.966 0.987
0.508 0.816 0.922 0.947 0.975 0.966 0.987
0.509 0.816 0.922 0.946 0.974 0.966 0.987
0.51 0.816 0.922 0.945 0.974 0.966 0.987
0.511 0.816 0.922 0.944 0.974 0.966 0.986
0.512 0.816 0.921 0.943 0.973 0.966 0.986
0.513 0.816 0.921 0.942 0.973 0.966 0.985
0.514 0.815 0.921 0.942 0.972 0.966 0.985
0.515 0.815 0.921 0.941 0.972 0.966 0.984
0.516 0.815 0.92 0.94 0.971 0.965 0.983
0.517 0.815 0.92 0.938 0.971 0.965 0.982
0.518 0.815 0.92 0.937 0.97 0.965 0.981
0.519 0.815 0.92 0.936 0.969 0.964 0.98
0.52 0.815 0.919 0.935 0.968 0.964 0.979
0.521 0.814 0.919 0.934 0.967 0.963 0.978
0.522 0.814 0.919 0.933 0.966 0.962 0.976
0.523 0.814 0.918 0.932 0.965 0.962 0.975
0.524 0.814 0.918 0.93 0.964 0.961 0.973
0.525 0.814 0.917 0.929 0.963 0.96 0.972
0.526 0.814 0.917 0.928 0.962 0.959 0.97
0.527 0.813 0.916 0.927 0.961 0.959 0.968
0.528 0.813 0.916 0.925 0.959 0.958 0.966
0.529 0.813 0.915 0.924 0.958 0.957 0.964
0.53 0.813 0.915 0.923 0.957 0.955 0.962
0.531 0.812 0.914 0.921 0.955 0.954 0.96
0.532 0.812 0.914 0.92 0.954 0.953 0.958
0.533 0.812 0.913 0.918 0.952 0.952 0.955
0.534 0.812 0.912 0.917 0.951 0.951 0.953
0.535 0.811 0.912 0.916 0.949 0.949 0.95
0.536 0.811 0.911 0.914 0.947 0.948 0.948
0.537 0.811 0.91 0.913 0.945 0.946 0.945
0.538 0.811 0.91 0.911 0.944 0.945 0.943
0.539 0.81 0.909 0.909 0.942 0.943 0.94
0.54 0.81 0.908 0.908 0.94 0.941 0.937
0.541 0.81 0.907 0.906 0.938 0.94 0.934
0.542 0.809 0.907 0.905 0.936 0.938 0.931
0.543 0.809 0.906 0.903 0.934 0.936 0.928
0.544 0.809 0.905 0.902 0.932 0.934 0.925
0.545 0.808 0.904 0.9 0.93 0.932 0.922
0.546 0.808 0.903 0.898 0.928 0.93 0.919
0.547 0.808 0.902 0.897 0.925 0.928 0.916
0.548 0.807 0.902 0.895 0.923 0.926 0.913
0.549 0.807 0.901 0.893 0.921 0.924 0.91
0.55 0.806 0.9 0.891 0.918 0.922 0.907
0.551 0.806 0.899 0.89 0.916 0.92 0.903
0.552 0.806 0.898 0.888 0.914 0.917 0.9
0.553 0.805 0.897 0.886 0.911 0.915 0.897
0.554 0.805 0.896 0.885 0.909 0.913 0.894
0.555 0.804 0.895 0.883 0.906 0.91 0.891
0.556 0.804 0.894 0.881 0.904 0.908 0.888
0.557 0.803 0.893 0.879 0.901 0.905 0.884
0.558 0.803 0.891 0.877 0.899 0.903 0.881
0.559 0.803 0.89 0.876 0.896 0.9 0.878
0.56 0.802 0.889 0.874 0.893 0.898 0.875
0.561 0.802 0.888 0.872 0.891 0.895 0.872
0.562 0.801 0.887 0.87 0.888 0.892 0.869
0.563 0.801 0.886 0.868 0.885 0.89 0.866
0.564 0.8 0.884 0.866 0.883 0.887 0.863
0.565 0.8 0.883 0.864 0.88 0.884 0.86
0.566 0.799 0.882 0.863 0.877 0.882 0.857
0.567 0.799 0.881 0.861 0.874 0.879 0.854
0.568 0.798 0.879 0.859 0.872 0.876 0.851
0.569 0.798 0.878 0.857 0.869 0.873 0.848
0.57 0.797 0.877 0.855 0.866 0.87 0.845
0.571 0.796 0.875 0.853 0.863 0.868 0.843
0.572 0.796 0.874 0.851 0.86 0.865 0.84
0.573 0.795 0.873 0.849 0.858 0.862 0.837
0.574 0.795 0.871 0.847 0.855 0.859 0.835
0.575 0.794 0.87 0.845 0.852 0.856 0.832
0.576 0.793 0.868 0.843 0.849 0.854 0.83
0.577 0.793 0.867 0.842 0.846 0.851 0.827
0.578 0.792 0.866 0.84 0.844 0.848 0.825
0.579 0.792 0.864 0.838 0.841 0.845 0.823
0.58 0.791 0.863 0.836 0.838 0.842 0.82
0.581 0.79 0.861 0.834 0.835 0.839 0.818
0.582 0.79 0.859 0.832 0.832 0.837 0.816
0.583 0.789 0.858 0.83 0.829 0.834 0.814
0.584 0.788 0.856 0.828 0.827 0.831 0.812
0.585 0.788 0.855 0.826 0.824 0.828 0.81
0.586 0.787 0.853 0.824 0.821 0.825 0.808
0.587 0.786 0.852 0.822 0.818 0.823 0.806
0.588 0.786 0.85 0.82 0.815 0.82 0.804
0.589 0.785 0.848 0.818 0.813 0.817 0.803
0.59 0.784 0.847 0.816 0.81 0.815 0.801
0.591 0.784 0.845 0.814 0.807 0.812 0.799
0.592 0.783 0.843 0.812 0.805 0.809 0.797
0.593 0.782 0.841 0.81 0.802 0.807 0.796
0.594 0.781 0.84 0.808 0.799 0.804 0.794
0.595 0.781 0.838 0.806 0.796 0.801 0.793
0.596 0.78 0.836 0.804 0.794 0.799 0.791
0.597 0.779 0.834 0.802 0.791 0.796 0.79
0.598 0.778 0.833 0.8 0.789 0.794 0.788
0.599 0.778 0.831 0.798 0.786 0.791 0.787
0.6 0.777 0.829 0.796 0.783 0.789 0.786
0.601 0.776 0.827 0.794 0.781 0.786 0.784
0.602 0.775 0.825 0.792 0.778 0.784 0.783
0.603 0.774 0.823 0.79 0.776 0.782 0.782
0.604 0.774 0.822 0.789 0.773 0.779 0.78
0.605 0.773 0.82 0.787 0.771 0.777 0.779
0.606 0.772 0.818 0.785 0.769 0.775 0.778
0.607 0.771 0.816 0.783 0.766 0.772 0.777
0.608 0.77 0.814 0.781 0.764 0.77 0.775
0.609 0.769 0.812 0.779 0.761 0.768 0.774
0.61 0.768 0.81 0.777 0.759 0.766 0.773
0.611 0.768 0.808 0.775 0.757 0.764 0.772
0.612 0.767 0.806 0.773 0.755 0.761 0.771
0.613 0.766 0.804 0.771 0.752 0.759 0.77
0.614 0.765 0.802 0.769 0.75 0.757 0.768
0.615 0.764 0.8 0.767 0.748 0.755 0.767
0.616 0.763 0.798 0.765 0.746 0.753 0.766
0.617 0.762 0.796 0.763 0.744 0.751 0.765
0.618 0.761 0.794 0.761 0.742 0.749 0.764
0.619 0.76 0.792 0.759 0.739 0.747 0.763
0.62 0.759 0.79 0.757 0.737 0.745 0.761
0.621 0.758 0.788 0.755 0.735 0.743 0.76
0.622 0.757 0.786 0.754 0.733 0.741 0.759
0.623 0.757 0.783 0.752 0.731 0.74 0.758
0.624 0.756 0.781 0.75 0.729 0.738 0.757
0.625 0.755 0.779 0.748 0.727 0.736 0.755
0.626 0.754 0.777 0.746 0.726 0.734 0.754
0.627 0.753 0.775 0.744 0.724 0.732 0.753
0.628 0.752 0.773 0.742 0.722 0.731 0.752
0.629 0.751 0.77 0.74 0.72 0.729 0.75
0.63 0.75 0.768 0.738 0.718 0.727 0.749
0.631 0.749 0.766 0.736 0.716 0.726 0.748
0.632 0.748 0.764 0.735 0.715 0.724 0.746
0.633 0.746 0.762 0.733 0.713 0.722 0.745
0.634 0.745 0.759 0.731 0.711 0.721 0.743
0.635 0.744 0.757 0.729 0.71 0.719 0.742
0.636 0.743 0.755 0.727 0.708 0.717 0.74
0.637 0.742 0.753 0.725 0.706 0.716 0.739
0.638 0.741 0.75 0.723 0.705 0.714 0.737
0.639 0.74 0.748 0.721 0.703 0.713 0.736
0.64 0.739 0.746 0.72 0.702 0.711 0.734
0.641 0.738 0.744 0.718 0.7 0.71 0.732
0.642 0.737 0.741 0.716 0.698 0.708 0.731
0.643 0.736 0.739 0.714 0.697 0.707 0.729
0.644 0.735 0.737 0.712 0.695 0.705 0.727
0.645 0.733 0.734 0.71 0.694 0.704 0.725
0.646 0.732 0.732 0.708 0.693 0.702 0.723
0.647 0.731 0.73 0.707 0.691 0.701 0.722
0.648 0.73 0.727 0.705 0.69 0.699 0.72
0.649 0.729 0.725 0.703 0.688 0.698 0.718
0.65 0.728 0.723 0.701 0.687 0.696 0.716
0.651 0.726 0.72 0.699 0.686 0.695 0.714
0.652 0.725 0.718 0.697 0.684 0.693 0.712
0.653 0.724 0.716 0.695 0.683 0.692 0.71
0.654 0.723 0.713 0.694 0.681 0.69 0.707
0.655 0.722 0.711 0.692 0.68 0.689 0.705
0.656 0.721 0.708 0.69 0.679 0.687 0.703
0.657 0.719 0.706 0.688 0.678 0.686 0.701
0.658 0.718 0.704 0.686 0.676 0.685 0.699
0.659 0.717 0.701 0.684 0.675 0.683 0.696
0.66 0.716 0.699 0.683 0.674 0.682 0.694
0.661 0.714 0.696 0.681 0.672 0.68 0.692
0.662 0.713 0.694 0.679 0.671 0.679 0.689
0.663 0.712 0.692 0.677 0.67 0.677 0.687
0.664 0.711 0.689 0.675 0.669 0.676 0.684
0.665 0.709 0.687 0.673 0.667 0.674 0.682
0.666 0.708 0.684 0.672 0.666 0.673 0.679
0.667 0.707 0.682 0.67 0.665 0.671 0.677
0.668 0.705 0.679 0.668 0.664 0.67 0.674
0.669 0.704 0.677 0.666 0.662 0.668 0.672
0.67 0.703 0.675 0.664 0.661 0.667 0.669
0.671 0.702 0.672 0.662 0.66 0.665 0.666
0.672 0.7 0.67 0.661 0.659 0.664 0.664
0.673 0.699 0.667 0.659 0.657 0.662 0.661
0.674 0.698 0.665 0.657 0.656 0.661 0.658
0.675 0.696 0.662 0.655 0.655 0.659 0.656
0.676 0.695 0.66 0.653 0.654 0.657 0.653
0.677 0.693 0.657 0.651 0.652 0.656 0.65
0.678 0.692 0.655 0.65 0.651 0.654 0.648
0.679 0.691 0.653 0.648 0.65 0.652 0.645
0.68 0.689 0.65 0.646 0.648 0.651 0.642
0.681 0.688 0.648 0.644 0.647 0.649 0.639
0.682 0.687 0.645 0.642 0.646 0.647 0.637
0.683 0.685 0.643 0.64 0.645 0.646 0.634
0.684 0.684 0.64 0.638 0.643 0.644 0.631
0.685 0.682 0.638 0.637 0.642 0.642 0.628
0.686 0.681 0.635 0.635 0.641 0.64 0.625
0.687 0.679 0.633 0.633 0.639 0.639 0.623
0.688 0.678 0.63 0.631 0.638 0.637 0.62
0.689 0.677 0.628 0.629 0.636 0.635 0.617
0.69 0.675 0.626 0.627 0.635 0.633 0.614
0.691 0.674 0.623 0.625 0.634 0.631 0.612
0.692 0.672 0.621 0.623 0.632 0.629 0.609
0.693 0.671 0.618 0.622 0.631 0.627 0.606
0.694 0.669 0.616 0.62 0.629 0.625 0.604
0.695 0.668 0.613 0.618 0.628 0.623 0.601
0.696 0.666 0.611 0.616 0.626 0.621 0.598
0.697 0.665 0.608 0.614 0.625 0.619 0.596
0.698 0.663 0.606 0.612 0.623 0.617 0.593
0.699 0.662 0.603 0.61 0.622 0.615 0.59
0.7 0.66 0.601 0.608 0.62 0.613 0.588
0.701 0.659 0.599 0.606 0.618 0.611 0.585
0.702 0.657 0.596 0.604 0.617 0.609 0.583
0.703 0.656 0.594 0.603 0.615 0.607 0.58
0.704 0.654 0.591 0.601 0.613 0.604 0.578
0.705 0.653 0.589 0.599 0.612 0.602 0.576
0.706 0.651 0.586 0.597 0.61 0.6 0.573
0.707 0.649 0.584 0.595 0.608 0.598 0.571
0.708 0.648 0.582 0.593 0.606 0.596 0.569
0.709 0.646 0.579 0.591 0.605 0.593 0.566
0.71 0.645 0.577 0.589 0.603 0.591 0.564
0.711 0.643 0.574 0.587 0.601 0.589 0.562
0.712 0.642 0.572 0.585 0.599 0.586 0.56
0.713 0.64 0.57 0.583 0.597 0.584 0.558
0.714 0.638 0.567 0.581 0.595 0.581 0.556
0.715 0.637 0.565 0.579 0.593 0.579 0.554
0.716 0.635 0.562 0.577 0.591 0.577 0.552
0.717 0.634 0.56 0.575 0.589 0.574 0.55
0.718 0.632 0.558 0.573 0.587 0.572 0.548
0.719 0.63 0.555 0.571 0.585 0.569 0.546
0.72 0.629 0.553 0.569 0.583 0.567 0.544
0.721 0.627 0.551 0.567 0.581 0.564 0.542
0.722 0.625 0.548 0.565 0.579 0.562 0.541
0.723 0.624 0.546 0.563 0.577 0.559 0.539
0.724 0.622 0.543 0.561 0.575 0.557 0.537
0.725 0.62 0.541 0.559 0.572 0.554 0.536
0.726 0.619 0.539 0.557 0.57 0.552 0.534
0.727 0.617 0.536 0.555 0.568 0.549 0.532
0.728 0.615 0.534 0.553 0.566 0.547 0.531
0.729 0.613 0.532 0.551 0.563 0.544 0.529
0.73 0.612 0.529 0.549 0.561 0.541 0.528
0.731 0.61 0.527 0.547 0.559 0.539 0.526
0.732 0.608 0.525 0.545 0.556 0.536 0.525
0.733 0.607 0.523 0.543 0.554 0.534 0.523
0.734 0.605 0.52 0.541 0.551 0.531 0.522
0.735 0.603 0.518 0.539 0.549 0.529 0.521
0.736 0.601 0.516 0.537 0.547 0.526 0.519
0.737 0.6 0.513 0.535 0.544 0.524 0.518
0.738 0.598 0.511 0.532 0.542 0.521 0.516
0.739 0.596 0.509 0.53 0.539 0.518 0.515
0.74 0.594 0.507 0.528 0.537 0.516 0.514
0.741 0.593 0.504 0.526 0.534 0.513 0.513
0.742 0.591 0.502 0.524 0.531 0.511 0.511
0.743 0.589 0.5 0.522 0.529 0.508 0.51
0.744 0.587 0.498 0.52 0.526 0.506 0.509
0.745 0.585 0.495 0.518 0.524 0.503 0.507
0.746 0.584 0.493 0.516 0.521 0.501 0.506
0.747 0.582 0.491 0.513 0.518 0.498 0.505
0.748 0.58 0.489 0.511 0.516 0.496 0.503
0.749 0.578 0.486 0.509 0.513 0.494 0.502
0.75 0.576 0.484 0.507 0.51 0.491 0.501
0.751 0.574 0.482 0.505 0.508 0.489 0.5
0.752 0.573 0.48 0.503 0.505 0.486 0.498
0.753 0.571 0.478 0.501 0.502 0.484 0.497
0.754 0.569 0.476 0.498 0.499 0.482 0.496
0.755 0.567 0.473 0.496 0.497 0.479 0.494
0.756 0.565 0.471 0.494 0.494 0.477 0.493
0.757 0.563 0.469 0.492 0.491 0.475 0.491
0.758 0.561 0.467 0.49 0.489 0.472 0.49
0.759 0.56 0.465 0.488 0.486 0.47 0.489
0.76 0.558 0.463 0.485 0.483 0.468 0.487
0.761 0.556 0.46 0.483 0.48 0.466 0.486
0.762 0.554 0.458 0.481 0.477 0.464 0.484
0.763 0.552 0.456 0.479 0.475 0.461 0.483
0.764 0.55 0.454 0.477 0.472 0.459 0.481
0.765 0.548 0.452 0.474 0.469 0.457 0.48
0.766 0.546 0.45 0.472 0.466 0.455 0.478
0.767 0.544 0.448 0.47 0.464 0.453 0.476
0.768 0.542 0.446 0.468 0.461 0.451 0.475
0.769 0.54 0.444 0.466 0.458 0.449 0.473
0.77 0.539 0.442 0.463 0.455 0.447 0.471
0.771 0.537 0.44 0.461 0.453 0.445 0.47
0.772 0.535 0.437 0.459 0.45 0.443 0.468
0.773 0.533 0.435 0.457 0.447 0.441 0.466
0.774 0.531 0.433 0.455 0.445 0.439 0.464
0.775 0.529 0.431 0.452 0.442 0.437 0.462
0.776 0.527 0.429 0.45 0.439 0.435 0.461
0.777 0.525 0.427 0.448 0.436 0.433 0.459
0.778 0.523 0.425 0.446 0.434 0.431 0.457
0.779 0.521 0.423 0.444 0.431 0.43 0.455
0.78 0.519 0.421 0.441 0.429 0.428 0.453
0.781 0.517 0.419 0.439 0.426 0.426 0.451
0.782 0.515 0.417 0.437 0.423 0.424 0.449
0.783 0.513 0.415 0.435 0.421 0.422 0.447
0.784 0.511 0.413 0.432 0.418 0.421 0.445
0.785 0.509 0.411 0.43 0.416 0.419 0.442
0.786 0.507 0.409 0.428 0.413 0.417 0.44
0.787 0.505 0.407 0.426 0.41 0.416 0.438
0.788 0.503 0.405 0.424 0.408 0.414 0.436
0.789 0.501 0.403 0.421 0.405 0.412 0.434
0.79 0.499 0.402 0.419 0.403 0.41 0.431
0.791 0.497 0.4 0.417 0.401 0.409 0.429
0.792 0.494 0.398 0.415 0.398 0.407 0.427
0.793 0.492 0.396 0.412 0.396 0.406 0.424
0.794 0.49 0.394 0.41 0.393 0.404 0.422
0.795 0.488 0.392 0.408 0.391 0.402 0.42
0.796 0.486 0.39 0.406 0.389 0.401 0.417
0.797 0.484 0.388 0.404 0.386 0.399 0.415
0.798 0.482 0.386 0.401 0.384 0.398 0.412
0.799 0.48 0.384 0.399 0.382 0.396 0.41
0.8 0.478 0.382 0.397 0.379 0.395 0.407
0.801 0.476 0.38 0.395 0.377 0.393 0.405
0.802 0.474 0.379 0.393 0.375 0.391 0.402
0.803 0.472 0.377 0.39 0.373 0.39 0.4
0.804 0.469 0.375 0.388 0.37 0.388 0.397
0.805 0.467 0.373 0.386 0.368 0.387 0.395
0.806 0.465 0.371 0.384 0.366 0.385 0.392
0.807 0.463 0.369 0.381 0.364 0.384 0.39
0.808 0.461 0.367 0.379 0.362 0.382 0.387
0.809 0.459 0.366 0.377 0.36 0.381 0.384
0.81 0.457 0.364 0.375 0.358 0.379 0.382
0.811 0.454 0.362 0.373 0.356 0.378 0.379
0.812 0.452 0.36 0.371 0.354 0.376 0.377
0.813 0.45 0.358 0.368 0.352 0.375 0.374
0.814 0.448 0.356 0.366 0.35 0.373 0.371
0.815 0.446 0.355 0.364 0.348 0.372 0.369
0.816 0.444 0.353 0.362 0.346 0.37 0.366
0.817 0.441 0.351 0.36 0.344 0.369 0.364
0.818 0.439 0.349 0.357 0.342 0.367 0.361
0.819 0.437 0.347 0.355 0.341 0.365 0.359
0.82 0.435 0.346 0.353 0.339 0.364 0.356
0.821 0.433 0.344 0.351 0.337 0.362 0.353
0.822 0.431 0.342 0.349 0.335 0.361 0.351
0.823 0.428 0.34 0.347 0.333 0.359 0.348
0.824 0.426 0.338 0.345 0.332 0.358 0.346
0.825 0.424 0.337 0.342 0.33 0.356 0.343
0.826 0.422 0.335 0.34 0.328 0.354 0.341
0.827 0.419 0.333 0.338 0.327 0.353 0.338
0.828 0.417 0.331 0.336 0.325 0.351 0.336
0.829 0.415 0.329 0.334 0.323 0.35 0.334
0.83 0.413 0.328 0.332 0.322 0.348 0.331
0.831 0.411 0.326 0.33 0.32 0.346 0.329
0.832 0.408 0.324 0.327 0.318 0.345 0.326
0.833 0.406 0.322 0.325 0.317 0.343 0.324
0.834 0.404 0.321 0.323 0.315 0.341 0.322
0.835 0.402 0.319 0.321 0.314 0.339 0.319
0.836 0.399 0.317 0.319 0.312 0.338 0.317
0.837 0.397 0.315 0.317 0.311 0.336 0.315
0.838 0.395 0.314 0.315 0.309 0.334 0.313
0.839 0.393 0.312 0.313 0.308 0.332 0.31
0.84 0.39 0.31 0.311 0.306 0.331 0.308
0.841 0.388 0.308 0.309 0.305 0.329 0.306
0.842 0.386 0.307 0.307 0.303 0.327 0.304
0.843 0.383 0.305 0.304 0.302 0.325 0.302
0.844 0.381 0.303 0.302 0.301 0.323 0.3
0.845 0.379 0.301 0.3 0.299 0.321 0.298
0.846 0.377 0.3 0.298 0.298 0.32 0.296
0.847 0.374 0.298 0.296 0.296 0.318 0.294
0.848 0.372 0.296 0.294 0.295 0.316 0.292
0.849 0.37 0.294 0.292 0.294 0.314 0.29
0.85 0.367 0.293 0.29 0.292 0.312 0.288
0.851 0.365 0.291 0.288 0.291 0.31 0.286
0.852 0.363 0.289 0.286 0.29 0.308 0.284
0.853 0.36 0.288 0.284 0.288 0.306 0.282
0.854 0.358 0.286 0.282 0.287 0.304 0.281
0.855 0.356 0.284 0.28 0.286 0.302 0.279
0.856 0.353 0.282 0.278 0.284 0.3 0.277
0.857 0.351 0.281 0.276 0.283 0.297 0.275
0.858 0.349 0.279 0.274 0.282 0.295 0.274
0.859 0.346 0.277 0.272 0.28 0.293 0.272
0.86 0.344 0.275 0.27 0.279 0.291 0.27
0.861 0.342 0.274 0.268 0.278 0.289 0.269
0.862 0.339 0.272 0.266 0.276 0.287 0.267
0.863 0.337 0.27 0.264 0.275 0.284 0.265
0.864 0.335 0.269 0.262 0.274 0.282 0.264
0.865 0.332 0.267 0.26 0.272 0.28 0.262
0.866 0.33 0.265 0.258 0.271 0.278 0.261
0.867 0.328 0.263 0.256 0.27 0.275 0.259
0.868 0.325 0.262 0.254 0.268 0.273 0.258
0.869 0.323 0.26 0.253 0.267 0.271 0.256
0.87 0.32 0.258 0.251 0.266 0.268 0.255
0.871 0.318 0.256 0.249 0.264 0.266 0.253
0.872 0.316 0.255 0.247 0.263 0.264 0.252
0.873 0.313 0.253 0.245 0.262 0.261 0.25
0.874 0.311 0.251 0.243 0.26 0.259 0.249
0.875 0.309 0.249 0.241 0.259 0.257 0.248
0.876 0.306 0.248 0.239 0.257 0.254 0.246
0.877 0.304 0.246 0.237 0.256 0.252 0.245
0.878 0.301 0.244 0.235 0.255 0.249 0.243
0.879 0.299 0.243 0.233 0.253 0.247 0.242
0.88 0.297 0.241 0.232 0.252 0.245 0.241
0.881 0.294 0.239 0.23 0.25 0.242 0.239
0.882 0.292 0.237 0.228 0.249 0.24 0.238
0.883 0.289 0.236 0.226 0.247 0.237 0.236
0.884 0.287 0.234 0.224 0.246 0.235 0.235
0.885 0.284 0.232 0.222 0.244 0.232 0.233
0.886 0.282 0.23 0.22 0.243 0.23 0.232
0.887 0.28 0.229 0.219 0.241 0.227 0.23
0.888 0.277 0.227 0.217 0.24 0.225 0.229
0.889 0.275 0.225 0.215 0.238 0.222 0.227
0.89 0.272 0.223 0.213 0.237 0.22 0.226
0.891 0.27 0.222 0.211 0.235 0.217 0.224
0.892 0.267 0.22 0.209 0.233 0.215 0.223
0.893 0.265 0.218 0.208 0.232 0.212 0.221
0.894 0.263 0.216 0.206 0.23 0.21 0.22
0.895 0.26 0.214 0.204 0.228 0.207 0.218
0.896 0.258 0.213 0.202 0.227 0.205 0.217
0.897 0.255 0.211 0.2 0.225 0.202 0.215
0.898 0.253 0.209 0.198 0.223 0.2 0.213
0.899 0.25 0.207 0.197 0.221 0.197 0.212
0.9 0.248 0.206 0.195 0.22 0.195 0.21
0.901 0.245 0.204 0.193 0.218 0.192 0.208
0.902 0.243 0.202 0.191 0.216 0.19 0.207
0.903 0.24 0.2 0.189 0.214 0.188 0.205
0.904 0.238 0.198 0.188 0.212 0.185 0.203
0.905 0.236 0.197 0.186 0.211 0.183 0.201
0.906 0.233 0.195 0.184 0.209 0.18 0.199
0.907 0.231 0.193 0.182 0.207 0.178 0.198
0.908 0.228 0.191 0.18 0.205 0.176 0.196
0.909 0.226 0.189 0.179 0.203 0.173 0.194
0.91 0.223 0.188 0.177 0.201 0.171 0.192
0.911 0.221 0.186 0.175 0.199 0.169 0.19
0.912 0.218 0.184 0.173 0.197 0.166 0.188
0.913 0.216 0.182 0.172 0.195 0.164 0.186
0.914 0.213 0.18 0.17 0.193 0.162 0.184
0.915 0.211 0.178 0.168 0.191 0.159 0.182
0.916 0.208 0.177 0.166 0.188 0.157 0.18
0.917 0.206 0.175 0.164 0.186 0.155 0.177
0.918 0.203 0.173 0.163 0.184 0.153 0.175
0.919 0.201 0.171 0.161 0.182 0.151 0.173
0.92 0.198 0.169 0.159 0.18 0.148 0.171
0.921 0.196 0.167 0.157 0.177 0.146 0.169
0.922 0.193 0.165 0.156 0.175 0.144 0.166
0.923 0.191 0.164 0.154 0.173 0.142 0.164
0.924 0.188 0.162 0.152 0.171 0.14 0.162
0.925 0.186 0.16 0.15 0.168 0.138 0.16
0.926 0.183 0.158 0.148 0.166 0.136 0.157
0.927 0.181 0.156 0.147 0.164 0.134 0.155
0.928 0.178 0.154 0.145 0.161 0.132 0.152
0.929 0.176 0.152 0.143 0.159 0.13 0.15
0.93 0.173 0.15 0.141 0.157 0.128 0.148
0.931 0.171 0.149 0.14 0.154 0.126 0.145
0.932 0.168 0.147 0.138 0.152 0.124 0.143
0.933 0.165 0.145 0.136 0.149 0.122 0.14
0.934 0.163 0.143 0.134 0.147 0.12 0.138
0.935 0.16 0.141 0.132 0.144 0.118 0.135
0.936 0.158 0.139 0.131 0.142 0.116 0.133
0.937 0.155 0.137 0.129 0.139 0.115 0.13
0.938 0.153 0.135 0.127 0.137 0.113 0.128
0.939 0.15 0.133 0.125 0.134 0.111 0.125
0.94 0.148 0.131 0.124 0.132 0.109 0.123
0.941 0.145 0.129 0.122 0.129 0.107 0.12
0.942 0.143 0.128 0.12 0.127 0.106 0.118
0.943 0.14 0.126 0.118 0.124 0.104 0.115
0.944 0.138 0.124 0.116 0.121 0.102 0.113
0.945 0.135 0.122 0.115 0.119 0.101 0.11
0.946 0.133 0.12 0.113 0.116 0.0989 0.108
0.947 0.13 0.118 0.111 0.114 0.0972 0.105
0.948 0.127 0.116 0.109 0.111 0.0956 0.103
0.949 0.125 0.114 0.107 0.108 0.0939 0.1
0.95 0.122 0.112 0.106 0.106 0.0923 0.0978
0.951 0.12 0.11 0.104 0.103 0.0907 0.0953
0.952 0.117 0.108 0.102 0.1 0.0891 0.0928
0.953 0.115 0.106 0.1 0.0978 0.0875 0.0903
0.954 0.112 0.104 0.0982 0.0951 0.0859 0.0879
0.955 0.11 0.102 0.0964 0.0925 0.0843 0.0854
0.956 0.107 0.1 0.0946 0.0898 0.0827 0.083
0.957 0.104 0.098 0.0927 0.0872 0.0812 0.0805
0.958 0.102 0.0961 0.0909 0.0845 0.0796 0.0781
0.959 0.0994 0.0941 0.089 0.0819 0.0781 0.0757
0.96 0.0968 0.092 0.0872 0.0792 0.0765 0.0733
0.961 0.0943 0.09 0.0853 0.0766 0.075 0.071
0.962 0.0917 0.088 0.0835 0.074 0.0735 0.0686
0.963 0.0891 0.086 0.0816 0.0714 0.0719 0.0663
0.964 0.0866 0.084 0.0798 0.0687 0.0704 0.064
0.965 0.084 0.082 0.0779 0.0661 0.0689 0.0617
0.966 0.0815 0.0799 0.076 0.0635 0.0674 0.0594
0.967 0.0789 0.0779 0.0741 0.0609 0.0658 0.0572
0.968 0.0763 0.0759 0.0723 0.0583 0.0643 0.0549
0.969 0.0738 0.0738 0.0704 0.0557 0.0628 0.0527
0.97 0.0712 0.0718 0.0685 0.0532 0.0613 0.0505
0.971 0.0686 0.0698 0.0666 0.0506 0.0597 0.0484
0.972 0.0661 0.0677 0.0647 0.048 0.0582 0.0462
0.973 0.0635 0.0657 0.0628 0.0455 0.0567 0.0441
0.974 0.0609 0.0636 0.0609 0.043 0.0551 0.042
0.975 0.0584 0.0616 0.059 0.0404 0.0536 0.0399
0.976 0.0558 0.0595 0.0571 0.0379 0.0521 0.0379
0.977 0.0532 0.0574 0.0551 0.0355 0.0505 0.0358
0.978 0.0507 0.0554 0.0532 0.033 0.0489 0.0338
0.979 0.0481 0.0533 0.0513 0.0305 0.0474 0.0319
0.98 0.0455 0.0512 0.0493 0.0281 0.0458 0.0299
0.981 0.043 0.0491 0.0474 0.0256 0.0442 0.028
0.982 0.0404 0.0471 0.0455 0.0232 0.0426 0.0261
0.983 0.0378 0.045 0.0435 0.0208 0.041 0.0242
0.984 0.0353 0.0429 0.0415 0.0184 0.0394 0.0223
0.985 0.0327 0.0408 0.0396 0.0161 0.0377 0.0205
0.986 0.0301 0.0387 0.0376 0.0137 0.0361 0.0186
0.987 0.0276 0.0366 0.0356 0.0114 0.0344 0.0168
0.988 0.025 0.0345 0.0337 0.00907 0.0328 0.0151
0.989 0.0224 0.0324 0.0317 0.00678 0.0311 0.0133
0.99 0.0199 0.0303 0.0297 0.0045 0.0294 0.0116
0.991 0.0173 0.0282 0.0277 0.00224 0.0277 0.00984
0.992 0.0147 0.0261 0.0257 -1.24e-07 0.026 0.00813
0.993 0.0121 0.024 0.0237 -0.00222 0.0242 0.00645
0.994 0.00958 0.0219 0.0217 -0.00442 0.0225 0.00478
0.995 0.00701 0.0198 0.0197 -0.00661 0.0207 0.00313
0.996 0.00444 0.0177 0.0177 -0.00877 0.0189 0.00149
0.997 0.00187 0.0155 0.0157 -0.0109 0.0171 -0.000137
0.998 -0.000697 0.0134 0.0136 -0.013 0.0153 -0.00175
0.999 -0.00326 0.0113 0.0116 -0.0152 0.0135 -0.00335
1 -0.00583 0.00916 0.00957 -0.0172 0.0116 -0.00493
