 
1 1
2 1.6
3 1.6
4 1.8
5 1.6
6 2.4
7 2.2
8 2.4
9 2.8
10 2.6
11 3
12 2.8
13 2.8
14 3
15 2.8
16 3
17 3
18 3
19 3
20 3
21 3
22 3
23 3
24 3
25 3
26 3
27 3
28 3
29 2.8
30 3
31 3
32 3
33 3
34 3
35 3
36 3
37 3
38 3
39 3
40 3
41 3
42 3
43 3
44 3
45 3
46 3
47 3
48 3
49 3
50 3
51 3
52 3
53 3
54 3
55 3
56 3
57 3
58 3
59 3
60 3
61 3
62 3
63 3
64 3
65 3
66 3.4
67 3
68 3
69 3
70 3
71 3
72 3.4
73 3
74 3
75 3.4
76 3
77 3
78 3
79 3.4
80 3
81 3
82 3
83 3
84 3
85 3
86 3
87 3
88 3
89 3
90 3
91 3
92 3
93 3
94 3
95 3
96 3
97 3
98 3
99 3.4
100 3
110 3.4
120 3
130 3
140 3
150 3
160 3.4
170 3.8
180 3
190 3.4
200 3
210 3.4
220 4.2
230 3.4
240 3
250 5
260 3
270 3.8
280 3.4
290 3.4
300 4.2
310 4.2
320 3.8
330 3.8
340 3.4
350 3.4
360 3.4
370 3.4
380 3
390 3.8
400 3.4
410 4.6
420 3.8
430 4.2
440 3.8
450 3.4
460 4.6
470 4.2
480 4.6
490 4.6
500 3.8
510 4.6
520 3.8
530 3.8
540 5
550 5.4
560 3.4
570 4.6
580 4.2
590 3.4
600 3.8
610 3.8
620 4.2
630 5.4
640 5
650 4.2
660 5
670 5.4
680 5
690 4.6
700 4.2
710 5.4
720 4.2
730 5
740 4.2
750 5
760 4.6
770 3.8
780 4.6
790 6.2
800 3.8
810 4.6
820 5.4
830 6.2
840 5
850 4.2
860 4.6
870 5
880 5.8
890 5
900 6.2
910 5.4
920 5.8
930 5.4
940 5.4
950 5
960 5.8
970 5.4
980 6.2
990 5.8
1e+03 5.8
1.05e+03 5
1.1e+03 5.4
1.15e+03 5.8
1.2e+03 7
1.25e+03 5.4
1.3e+03 5.4
1.35e+03 5.8
1.4e+03 7
1.45e+03 7.4
1.5e+03 6.6
1.55e+03 5.4
1.6e+03 6.2
1.65e+03 6.6
1.7e+03 7.4
1.75e+03 7.4
1.8e+03 6.6
1.85e+03 6.6
1.9e+03 6.2
1.95e+03 7.4
2e+03 6.6
2.05e+03 7
2.1e+03 7.4
2.15e+03 7.4
2.2e+03 7.4
2.25e+03 7
2.3e+03 7.4
2.35e+03 6.6
2.4e+03 7.4
2.45e+03 7
2.5e+03 7
2.55e+03 6.6
2.6e+03 7
2.65e+03 8.2
2.7e+03 7
2.75e+03 7.8
2.8e+03 7.4
2.85e+03 8.6
2.9e+03 7.4
2.95e+03 7.4
3e+03 8.2
3.05e+03 7.8
3.1e+03 9
3.15e+03 7
3.2e+03 7.8
3.25e+03 7
3.3e+03 7.4
3.35e+03 8.6
3.4e+03 7
3.45e+03 8.6
3.5e+03 8.2
3.55e+03 7.8
3.6e+03 9
3.65e+03 8.2
3.7e+03 9
3.75e+03 8.2
3.8e+03 8.2
3.85e+03 8.6
3.9e+03 8.2
3.95e+03 7.8
4e+03 8.2
4.05e+03 9
4.1e+03 8.2
4.15e+03 7.8
4.2e+03 9
4.25e+03 7.4
4.3e+03 8.6
4.35e+03 8.2
4.4e+03 8.2
4.45e+03 7.8
4.5e+03 9
4.55e+03 8.6
4.6e+03 7.8
4.65e+03 8.2
4.7e+03 8.6
4.75e+03 7.8
4.8e+03 8.2
4.85e+03 9.4
4.9e+03 9.8
4.95e+03 8.6
5e+03 9.8
5.05e+03 9
5.1e+03 8.6
5.15e+03 9.4
5.2e+03 10.2
5.25e+03 8.6
5.3e+03 9
5.35e+03 9
5.4e+03 8.6
5.45e+03 9
5.5e+03 9.8
5.55e+03 10.2
5.6e+03 7.8
5.65e+03 9
5.7e+03 9
5.75e+03 11.8
5.8e+03 9.8
5.85e+03 7.8
5.9e+03 8.6
5.95e+03 9
6e+03 9
6.05e+03 8.2
6.1e+03 8.6
6.15e+03 9.8
6.2e+03 7.8
6.25e+03 9
6.3e+03 10.6
6.35e+03 8.6
6.4e+03 10.6
6.45e+03 8.2
6.5e+03 10.2
6.55e+03 11.8
6.6e+03 10.6
6.65e+03 8.6
6.7e+03 9.4
6.75e+03 9
6.8e+03 9.8
6.85e+03 10.2
6.9e+03 8.6
6.95e+03 9
7e+03 9.4
7.05e+03 9.8
7.1e+03 9.4
7.15e+03 9.4
7.2e+03 9
7.25e+03 9.4
7.3e+03 8.6
7.35e+03 9
7.4e+03 10.2
7.45e+03 9.8
7.5e+03 10.2
7.55e+03 11
7.6e+03 9.4
7.65e+03 9.8
7.7e+03 9.4
7.75e+03 9.4
7.8e+03 11.4
7.85e+03 10.2
7.9e+03 9.8
7.95e+03 10.2
8e+03 9
8.05e+03 9.4
8.1e+03 11
8.15e+03 10.2
8.2e+03 10.2
8.25e+03 9.4
8.3e+03 9.8
8.35e+03 10.6
8.4e+03 10.2
8.45e+03 9.8
8.5e+03 9.4
8.55e+03 9.8
8.6e+03 9.8
8.65e+03 9.8
8.7e+03 9
8.75e+03 11.4
8.8e+03 9.8
8.85e+03 11.4
8.9e+03 10.2
8.95e+03 11.4
9e+03 10.6
9.05e+03 11
9.1e+03 10.2
9.15e+03 10.6
9.2e+03 9.8
9.25e+03 10.2
9.3e+03 10.6
9.35e+03 10.2
9.4e+03 11.4
9.45e+03 10.6
9.5e+03 9.8
9.55e+03 11
9.6e+03 9.8
9.65e+03 12.2
9.7e+03 10.6
9.75e+03 11.4
9.8e+03 11
9.85e+03 10.6
9.9e+03 11.8
9.95e+03 11
1e+04 11
1e+04 11
1.01e+04 10.6
1.02e+04 11.4
1.02e+04 11.4
1.02e+04 9.4
1.03e+04 10.6
1.04e+04 11.8
1.04e+04 9.8
1.04e+04 9.8
1.05e+04 9
1.06e+04 12.2
1.06e+04 11
1.06e+04 9.4
1.07e+04 11.4
1.08e+04 10.2
1.08e+04 11
1.08e+04 10.2
1.09e+04 11.4
1.1e+04 10.6
1.1e+04 12.2
1.1e+04 10.6
1.11e+04 11.4
1.12e+04 11.4
1.12e+04 12.2
1.12e+04 11.8
1.13e+04 10.2
1.14e+04 10.6
1.14e+04 9.8
1.14e+04 10.2
1.15e+04 11.8
1.16e+04 11.4
1.16e+04 12.2
1.16e+04 11.4
1.17e+04 11
1.18e+04 12.2
1.18e+04 11.8
1.18e+04 10.6
1.19e+04 11.8
1.2e+04 12.2
1.2e+04 11
1.2e+04 10.2
1.21e+04 11.4
1.22e+04 11.4
1.22e+04 11.8
1.22e+04 11.4
1.23e+04 11
1.24e+04 11.4
1.24e+04 11
1.24e+04 12.6
1.25e+04 10.6
1.26e+04 11.4
1.26e+04 11.8
1.26e+04 10.6
1.27e+04 12.2
1.28e+04 11.8
1.28e+04 11
1.28e+04 12.2
1.29e+04 10.6
1.3e+04 11
1.3e+04 10.6
1.3e+04 11
1.31e+04 12.6
1.32e+04 12.6
1.32e+04 11.4
1.32e+04 10.6
1.33e+04 10.6
1.34e+04 12.2
1.34e+04 11.4
1.34e+04 12.2
1.35e+04 11.8
1.36e+04 13.4
1.36e+04 12.2
1.36e+04 11.4
1.37e+04 10.6
1.38e+04 11.4
1.38e+04 11
1.38e+04 11
1.39e+04 11.8
1.4e+04 10.6
1.4e+04 11.4
1.4e+04 11.8
1.41e+04 12.6
1.42e+04 11
1.42e+04 12.2
1.42e+04 12.6
1.43e+04 13.4
1.44e+04 12.2
1.44e+04 11.8
1.44e+04 11
1.45e+04 11.4
1.46e+04 12.2
1.46e+04 12.2
1.46e+04 11
1.47e+04 13
1.48e+04 12.2
1.48e+04 11
1.48e+04 11.8
1.49e+04 12.2
1.5e+04 11.4
1.5e+04 12.2
1.5e+04 11.4
1.51e+04 12.6
1.52e+04 11.8
1.52e+04 11.8
1.52e+04 11
1.53e+04 11.8
1.54e+04 11.8
1.54e+04 13
1.54e+04 12.6
1.55e+04 12.2
1.56e+04 11.8
1.56e+04 11.8
1.56e+04 11.4
1.57e+04 11.8
1.58e+04 12.6
1.58e+04 11.8
1.58e+04 13.8
1.59e+04 11.8
1.6e+04 12.2
1.6e+04 11.8
1.6e+04 11.8
1.61e+04 12.6
1.62e+04 11.8
1.62e+04 12.6
1.62e+04 12.2
1.63e+04 13.4
1.64e+04 12.2
1.64e+04 11
1.64e+04 12.2
1.65e+04 13
1.66e+04 10.6
1.66e+04 12.6
1.66e+04 12.6
1.67e+04 13.8
1.68e+04 12.6
1.68e+04 10.2
1.68e+04 11.8
1.69e+04 11
1.7e+04 12.2
1.7e+04 11.8
1.7e+04 12.2
1.71e+04 11.4
1.72e+04 12.6
1.72e+04 14.6
1.72e+04 12.2
1.73e+04 12.6
1.74e+04 12.6
1.74e+04 12.6
1.74e+04 12.2
1.75e+04 11
1.76e+04 11.8
1.76e+04 13
1.76e+04 12.2
1.77e+04 12.6
1.78e+04 11.4
1.78e+04 11.8
1.78e+04 10.2
1.79e+04 11.4
1.8e+04 13
1.8e+04 11.4
1.8e+04 12.6
1.81e+04 12.6
1.82e+04 12.6
1.82e+04 13
1.82e+04 11.8
1.83e+04 12.6
1.84e+04 11.8
1.84e+04 13
1.84e+04 12.2
1.85e+04 11.8
1.86e+04 13.8
1.86e+04 12.2
1.86e+04 12.6
1.87e+04 14.6
1.88e+04 13.4
1.88e+04 12.2
1.88e+04 13.8
1.89e+04 11
1.9e+04 13.8
1.9e+04 12.2
1.9e+04 13.8
1.91e+04 13.8
1.92e+04 12.6
1.92e+04 13.8
1.92e+04 13
1.93e+04 12.6
1.94e+04 12.2
1.94e+04 11.4
1.94e+04 13
1.95e+04 12.6
1.96e+04 13
1.96e+04 12.6
1.96e+04 14.2
1.97e+04 13.8
1.98e+04 13.4
1.98e+04 12.2
1.98e+04 13.8
1.99e+04 13
2e+04 13
2e+04 10.6
2e+04 12.6
2.01e+04 12.2
2.02e+04 12.6
2.02e+04 11.8
2.02e+04 12.6
2.03e+04 11.8
2.04e+04 14.2
2.04e+04 15.8
2.04e+04 12.2
2.05e+04 13.8
2.06e+04 13.4
2.06e+04 12.6
2.06e+04 11.8
2.07e+04 11.8
2.08e+04 13.4
2.08e+04 12.6
2.08e+04 13
2.09e+04 14.2
2.1e+04 11.8
2.1e+04 13
2.1e+04 13
2.11e+04 13
2.12e+04 13.8
2.12e+04 12.2
2.12e+04 14.6
2.13e+04 14.2
2.14e+04 14.2
2.14e+04 13
2.14e+04 12.6
2.15e+04 12.6
2.16e+04 13
2.16e+04 13.4
2.16e+04 12.6
2.17e+04 14.2
2.18e+04 12.2
2.18e+04 14.2
2.18e+04 14.2
2.19e+04 11.8
2.2e+04 13
2.2e+04 13
2.2e+04 13
2.21e+04 14.2
2.22e+04 13
2.22e+04 13.8
2.22e+04 13.4
2.23e+04 13.8
2.24e+04 13
2.24e+04 13.4
2.24e+04 14.6
2.25e+04 12.6
2.26e+04 13.4
2.26e+04 13.4
2.26e+04 13
2.27e+04 12.2
2.28e+04 13.8
2.28e+04 12.6
2.28e+04 13.4
2.29e+04 13
2.3e+04 15
2.3e+04 13
2.3e+04 13
2.31e+04 12.6
2.32e+04 13.8
2.32e+04 14.6
2.32e+04 13
2.33e+04 14.2
2.34e+04 13.8
2.34e+04 13.8
2.34e+04 13
2.35e+04 13.8
2.36e+04 13.8
2.36e+04 12.2
2.36e+04 14.6
2.37e+04 14.2
2.38e+04 14.2
2.38e+04 12.6
2.38e+04 12.6
2.39e+04 14.2
2.4e+04 11.4
2.4e+04 11.8
2.4e+04 13.4
2.41e+04 13
2.42e+04 13
2.42e+04 13.4
2.42e+04 13
2.43e+04 13
2.44e+04 13.4
2.44e+04 11.8
2.44e+04 13.8
2.45e+04 12.6
2.46e+04 13.8
2.46e+04 13.4
2.46e+04 12.2
2.47e+04 13.8
2.48e+04 12.6
2.48e+04 13.4
2.48e+04 13.8
2.49e+04 13.4
2.5e+04 12.6
2.5e+04 12.6
2.5e+04 13
2.51e+04 12.2
2.52e+04 14.6
2.52e+04 13.8
2.52e+04 14.2
2.53e+04 13.4
2.54e+04 15
2.54e+04 13.8
2.54e+04 13.8
2.55e+04 14.6
2.56e+04 13.4
2.56e+04 13
2.56e+04 12.6
2.57e+04 14.2
2.58e+04 11.8
2.58e+04 13.8
2.58e+04 12.2
2.59e+04 14.2
2.6e+04 12.2
2.6e+04 14.2
2.6e+04 15.4
2.61e+04 14.2
2.62e+04 13
2.62e+04 13
2.62e+04 13.8
2.63e+04 14.2
2.64e+04 13.8
2.64e+04 13.8
2.64e+04 12.6
2.65e+04 13.8
2.66e+04 14.2
2.66e+04 13
2.66e+04 13
2.67e+04 12.2
2.68e+04 12.6
2.68e+04 14.2
2.68e+04 13.8
2.69e+04 13.4
2.7e+04 14.6
2.7e+04 15
2.7e+04 14.2
2.71e+04 13
2.72e+04 12.6
2.72e+04 14.6
2.72e+04 14.6
2.73e+04 13.4
2.74e+04 15.4
2.74e+04 14.6
2.74e+04 13.4
2.75e+04 14.2
2.76e+04 15
2.76e+04 13.4
2.76e+04 13
2.77e+04 12.6
2.78e+04 14.2
2.78e+04 13.8
2.78e+04 13.8
2.79e+04 13
2.8e+04 13.4
2.8e+04 14.2
2.8e+04 12.2
2.81e+04 13.4
2.82e+04 16.6
2.82e+04 15
2.82e+04 13.8
2.83e+04 16.2
2.84e+04 13.8
2.84e+04 15.4
2.84e+04 14.6
2.85e+04 13.4
2.86e+04 13.4
2.86e+04 14.2
2.86e+04 13
2.87e+04 14.2
2.88e+04 14.2
2.88e+04 14.2
2.88e+04 13.4
2.89e+04 13
2.9e+04 13.4
2.9e+04 13.8
2.9e+04 13.8
2.91e+04 14.6
2.92e+04 12.6
2.92e+04 14.2
2.92e+04 15
2.93e+04 12.6
2.94e+04 15
2.94e+04 14.2
2.94e+04 14.6
2.95e+04 13.4
2.96e+04 12.6
2.96e+04 14.6
2.96e+04 15.8
2.97e+04 16.2
2.98e+04 14.2
2.98e+04 13.8
2.98e+04 12.6
2.99e+04 15.8
3e+04 14.2
3e+04 13.8
3e+04 15
3.01e+04 13.8
3.02e+04 13.8
3.02e+04 14.6
3.02e+04 14.2
3.03e+04 13.4
3.04e+04 13
3.04e+04 14.6
3.04e+04 15
3.05e+04 13.8
3.06e+04 14.6
3.06e+04 13.8
3.06e+04 14.6
3.07e+04 13.4
3.08e+04 13
3.08e+04 15
3.08e+04 14.2
3.09e+04 14.6
3.1e+04 14.6
3.1e+04 15.4
3.1e+04 13.4
3.11e+04 15
3.12e+04 13
3.12e+04 13.8
3.12e+04 13.4
3.13e+04 15
3.14e+04 15.8
3.14e+04 17
3.14e+04 13.8
3.15e+04 12.6
3.16e+04 14.2
3.16e+04 13.4
3.16e+04 12.2
3.17e+04 15.8
3.18e+04 14.2
3.18e+04 13
3.18e+04 15
3.19e+04 14.6
3.2e+04 15.8
3.2e+04 14.2
3.2e+04 13.8
3.21e+04 13.8
3.22e+04 15.4
3.22e+04 15
3.22e+04 13.4
3.23e+04 13.4
3.24e+04 14.6
3.24e+04 13
3.24e+04 15.4
3.25e+04 15
3.26e+04 14.6
3.26e+04 11.8
3.26e+04 15
3.27e+04 15.8
3.28e+04 14.2
3.28e+04 15.4
3.28e+04 15.4
3.29e+04 16.6
3.3e+04 15
3.3e+04 13.8
3.3e+04 16.2
3.31e+04 15.8
3.32e+04 15.8
3.32e+04 14.6
3.32e+04 13
3.33e+04 13.8
3.34e+04 16.2
3.34e+04 15.8
3.34e+04 15
3.35e+04 14.6
3.36e+04 12.6
3.36e+04 13.8
3.36e+04 15.4
3.37e+04 13.4
3.38e+04 14.2
3.38e+04 16.2
3.38e+04 14.2
3.39e+04 14.2
3.4e+04 14.2
3.4e+04 15
3.4e+04 14.6
3.41e+04 15.8
3.42e+04 15.8
3.42e+04 15
3.42e+04 15
3.43e+04 15
3.44e+04 15
3.44e+04 15
3.44e+04 14.6
3.45e+04 14.6
3.46e+04 14.6
3.46e+04 13.8
3.46e+04 14.2
3.47e+04 14.2
3.48e+04 15
3.48e+04 14.6
3.48e+04 15.4
3.49e+04 14.6
3.5e+04 13.8
3.5e+04 14.6
3.5e+04 15.8
3.51e+04 15
3.52e+04 15.8
3.52e+04 14.2
3.52e+04 14.2
3.53e+04 13.4
3.54e+04 15.4
3.54e+04 15.4
3.54e+04 15.8
3.55e+04 14.2
3.56e+04 17
3.56e+04 14.6
3.56e+04 15.4
3.57e+04 15.4
3.58e+04 15
3.58e+04 13.8
3.58e+04 14.2
3.59e+04 15
3.6e+04 16.2
3.6e+04 16.6
3.6e+04 13.8
3.61e+04 14.2
3.62e+04 14.6
3.62e+04 14.2
3.62e+04 14.2
3.63e+04 15
3.64e+04 14.2
3.64e+04 14.6
3.64e+04 15
3.65e+04 13.8
3.66e+04 12.6
3.66e+04 15
3.66e+04 15.8
3.67e+04 15
3.68e+04 12.2
3.68e+04 15.8
3.68e+04 14.2
3.69e+04 15.8
3.7e+04 17.4
3.7e+04 13.8
3.7e+04 15.4
3.71e+04 15.4
3.72e+04 14.2
3.72e+04 14.6
3.72e+04 14.2
3.73e+04 14.2
3.74e+04 13.8
3.74e+04 16.2
3.74e+04 14.2
3.75e+04 14.6
3.76e+04 14.2
3.76e+04 14.6
3.76e+04 17
3.77e+04 13.8
3.78e+04 14.2
3.78e+04 15
3.78e+04 13.8
3.79e+04 15
3.8e+04 14.2
3.8e+04 14.2
3.8e+04 15
3.81e+04 15.8
3.82e+04 16.2
3.82e+04 15
3.82e+04 14.6
3.83e+04 15
3.84e+04 16.2
3.84e+04 15.4
3.84e+04 13.4
3.85e+04 15
3.86e+04 15.8
3.86e+04 15.8
3.86e+04 13.4
3.87e+04 15
3.88e+04 14.6
3.88e+04 15.4
3.88e+04 15
3.89e+04 15
3.9e+04 14.6
3.9e+04 15.4
3.9e+04 15
3.91e+04 14.6
3.92e+04 13.8
3.92e+04 15.8
3.92e+04 15.8
3.93e+04 15.8
3.94e+04 16.2
3.94e+04 14.6
3.94e+04 14.2
3.95e+04 14.2
3.96e+04 13.8
3.96e+04 14.6
3.96e+04 15.4
3.97e+04 15
3.98e+04 15.4
3.98e+04 13.8
3.98e+04 15.8
3.99e+04 16.2
4e+04 15.8
4e+04 15.4
4e+04 14.6
4.01e+04 14.6
4.02e+04 16.2
4.02e+04 13.4
4.02e+04 15.8
4.03e+04 15.4
4.04e+04 15.4
4.04e+04 15.8
4.04e+04 15.8
4.05e+04 17
4.06e+04 14.6
4.06e+04 15
4.06e+04 14.6
4.07e+04 16.2
4.08e+04 15
4.08e+04 13.4
4.08e+04 16.2
4.09e+04 15.8
4.1e+04 16.6
4.1e+04 14.6
4.1e+04 15.8
4.11e+04 16.2
4.12e+04 14.2
4.12e+04 15.8
4.12e+04 15.4
4.13e+04 15
4.14e+04 16.6
4.14e+04 14.6
4.14e+04 16.2
4.15e+04 16.6
4.16e+04 16.6
4.16e+04 15
4.16e+04 17
4.17e+04 14.2
4.18e+04 15.8
4.18e+04 15
4.18e+04 14.6
4.19e+04 15.4
4.2e+04 16.6
4.2e+04 15
4.2e+04 15.8
4.21e+04 14.6
4.22e+04 15
4.22e+04 15
4.22e+04 15.8
4.23e+04 17.8
4.24e+04 14.2
4.24e+04 15.4
4.24e+04 16.2
4.25e+04 15
4.26e+04 16.2
4.26e+04 14.2
4.26e+04 15.4
4.27e+04 14.2
4.28e+04 14.2
4.28e+04 14.6
4.28e+04 17
4.29e+04 15.8
4.3e+04 15.8
4.3e+04 14.6
4.3e+04 14.2
4.31e+04 16.6
4.32e+04 15.8
4.32e+04 16.2
4.32e+04 15.8
4.33e+04 15.4
4.34e+04 13
4.34e+04 16.2
4.34e+04 16.6
4.35e+04 16.6
4.36e+04 15
4.36e+04 13.8
4.36e+04 15.8
4.37e+04 16.2
4.38e+04 15.4
4.38e+04 16.2
4.38e+04 15.4
4.39e+04 16.6
4.4e+04 15.8
4.4e+04 15.8
4.4e+04 15
4.41e+04 14.2
4.42e+04 15.8
4.42e+04 15.4
4.42e+04 16.6
4.43e+04 16.6
4.44e+04 14.2
4.44e+04 16.2
4.44e+04 14.2
4.45e+04 15
4.46e+04 14.6
4.46e+04 16.2
4.46e+04 17
4.47e+04 16.6
4.48e+04 16.6
4.48e+04 15
4.48e+04 16.2
4.49e+04 15.4
4.5e+04 16.2
4.5e+04 16.2
4.5e+04 17
4.51e+04 17.8
4.52e+04 15.8
4.52e+04 13.8
4.52e+04 15.8
4.53e+04 16.2
4.54e+04 14.2
4.54e+04 15
4.54e+04 16.2
4.55e+04 15.4
4.56e+04 14.2
4.56e+04 14.2
4.56e+04 15.8
4.57e+04 15.4
4.58e+04 16.6
4.58e+04 15.8
4.58e+04 16.2
4.59e+04 17
4.6e+04 16.6
4.6e+04 15.8
4.6e+04 14.6
4.61e+04 16.6
4.62e+04 17.4
4.62e+04 16.2
4.62e+04 14.6
4.63e+04 16.6
4.64e+04 15.8
4.64e+04 15.8
4.64e+04 14.6
4.65e+04 15.8
4.66e+04 15.8
4.66e+04 15.4
4.66e+04 14.6
4.67e+04 16.2
4.68e+04 16.2
4.68e+04 15.4
4.68e+04 15.4
4.69e+04 15
4.7e+04 15.8
4.7e+04 17
4.7e+04 14.6
4.71e+04 15.8
4.72e+04 16.6
4.72e+04 15
4.72e+04 15
4.73e+04 15.8
4.74e+04 15
4.74e+04 16.2
4.74e+04 16.6
4.75e+04 14.6
4.76e+04 17
4.76e+04 15.8
4.76e+04 14.6
4.77e+04 15.4
4.78e+04 15.4
4.78e+04 15.4
4.78e+04 15.4
4.79e+04 16.6
4.8e+04 17
4.8e+04 15.8
4.8e+04 14.6
4.81e+04 14.2
4.82e+04 17
4.82e+04 16.6
4.82e+04 16.6
4.83e+04 16.2
4.84e+04 15.8
4.84e+04 17
4.84e+04 16.2
4.85e+04 15.4
4.86e+04 16.2
4.86e+04 16.6
4.86e+04 16.6
4.87e+04 14.2
4.88e+04 15.4
4.88e+04 16.6
4.88e+04 15.4
4.89e+04 15
4.9e+04 15.8
4.9e+04 16.6
4.9e+04 15.4
4.91e+04 15.4
4.92e+04 16.6
4.92e+04 15.4
4.92e+04 14.6
4.93e+04 15.8
4.94e+04 15.8
4.94e+04 15
4.94e+04 15.8
4.95e+04 17
4.96e+04 15.8
4.96e+04 15.4
4.96e+04 16.6
4.97e+04 15.8
4.98e+04 15.8
4.98e+04 14.2
4.98e+04 15.8
4.99e+04 15.8
5e+04 14.2
5e+04 13.8
5e+04 16.2
5.01e+04 16.6
5.02e+04 15.4
5.02e+04 17.4
5.02e+04 16.2
5.03e+04 14.2
5.04e+04 16.6
5.04e+04 15.8
5.04e+04 15.8
5.05e+04 16.2
5.06e+04 17
5.06e+04 15.4
5.06e+04 17
5.07e+04 15.4
5.08e+04 14.6
5.08e+04 15.8
5.08e+04 16.2
5.09e+04 16.6
5.1e+04 17
5.1e+04 15.8
5.1e+04 17
5.11e+04 14.6
5.12e+04 16.2
5.12e+04 15.4
5.12e+04 15.4
5.13e+04 17.4
5.14e+04 17
5.14e+04 15.4
5.14e+04 15.4
5.15e+04 16.2
5.16e+04 16.6
5.16e+04 15
5.16e+04 15.8
5.17e+04 14.6
5.18e+04 15
5.18e+04 15.4
5.18e+04 17.4
5.19e+04 15.4
5.2e+04 15.8
5.2e+04 17
5.2e+04 15
5.21e+04 16.2
5.22e+04 16.2
5.22e+04 15
5.22e+04 15.8
5.23e+04 17.4
5.24e+04 17.8
5.24e+04 16.2
5.24e+04 15.8
5.25e+04 15.8
5.26e+04 15.8
5.26e+04 16.2
5.26e+04 15
5.27e+04 16.6
5.28e+04 17.8
5.28e+04 16.2
5.28e+04 18.2
5.29e+04 17.4
5.3e+04 15.4
5.3e+04 16.2
5.3e+04 15.8
5.31e+04 16.6
5.32e+04 16.6
5.32e+04 16.6
5.32e+04 15
5.33e+04 17.4
5.34e+04 16.2
5.34e+04 16.2
5.34e+04 15.4
5.35e+04 15.4
5.36e+04 15.8
5.36e+04 16.2
5.36e+04 15.4
5.37e+04 17
5.38e+04 17.4
5.38e+04 16.2
5.38e+04 15.4
5.39e+04 16.6
5.4e+04 17.4
5.4e+04 15.8
5.4e+04 16.2
5.41e+04 14.6
5.42e+04 16.6
5.42e+04 14.6
5.42e+04 16.2
5.43e+04 15.4
5.44e+04 17
5.44e+04 16.2
5.44e+04 16.6
5.45e+04 16.6
5.46e+04 16.6
5.46e+04 16.2
5.46e+04 17.8
5.47e+04 16.2
5.48e+04 15.8
5.48e+04 17.4
5.48e+04 16.6
5.49e+04 15.8
5.5e+04 16.6
5.5e+04 15
5.5e+04 16.2
5.51e+04 16.2
5.52e+04 16.2
5.52e+04 16.6
5.52e+04 15.8
5.53e+04 17.4
5.54e+04 15.4
5.54e+04 17.4
5.54e+04 16.6
5.55e+04 16.6
5.56e+04 17
5.56e+04 16.2
5.56e+04 16.6
5.57e+04 16.2
5.58e+04 15.8
5.58e+04 16.6
5.58e+04 17
5.59e+04 15
5.6e+04 16.2
5.6e+04 17
5.6e+04 16.2
5.61e+04 16.6
5.62e+04 15
5.62e+04 15.8
5.62e+04 17.4
5.63e+04 17.4
5.64e+04 16.6
5.64e+04 16.2
5.64e+04 16.2
5.65e+04 18.6
5.66e+04 16.2
5.66e+04 17
5.66e+04 17.8
5.67e+04 15.8
5.68e+04 16.2
5.68e+04 16.2
5.68e+04 17.8
5.69e+04 15.4
5.7e+04 17.4
5.7e+04 16.6
5.7e+04 15.4
5.71e+04 17
5.72e+04 15
5.72e+04 16.6
5.72e+04 16.2
5.73e+04 16.6
5.74e+04 17
5.74e+04 16.6
5.74e+04 17.8
5.75e+04 15
5.76e+04 15.4
5.76e+04 16.6
5.76e+04 15.4
5.77e+04 16.2
5.78e+04 16.2
5.78e+04 17.8
5.78e+04 15.4
5.79e+04 17
5.8e+04 17.8
5.8e+04 17
5.8e+04 17.4
5.81e+04 16.2
5.82e+04 16.6
5.82e+04 14.6
5.82e+04 15.8
5.83e+04 17.8
5.84e+04 17.8
5.84e+04 16.6
5.84e+04 16.2
5.85e+04 16.6
5.86e+04 15.8
5.86e+04 16.6
5.86e+04 16.6
5.87e+04 16.6
5.88e+04 17
5.88e+04 15.8
5.88e+04 15.4
5.89e+04 15.8
5.9e+04 17
5.9e+04 16.6
5.9e+04 16.6
5.91e+04 17
5.92e+04 15.4
5.92e+04 16.6
5.92e+04 16.2
5.93e+04 16.6
5.94e+04 15.8
5.94e+04 17.4
5.94e+04 16.2
5.95e+04 17.8
5.96e+04 16.2
5.96e+04 17.8
5.96e+04 17
5.97e+04 16.2
5.98e+04 17
5.98e+04 15.8
5.98e+04 16.2
5.99e+04 15.4
6e+04 17.8
6e+04 15.8
6e+04 17.4
6.01e+04 16.6
6.02e+04 15.4
6.02e+04 16.6
6.02e+04 15.8
6.03e+04 17.4
6.04e+04 17
6.04e+04 16.2
6.04e+04 16.2
6.05e+04 15.8
6.06e+04 16.6
6.06e+04 15.8
6.06e+04 15.4
6.07e+04 17
6.08e+04 17
6.08e+04 17.4
6.08e+04 16.6
6.09e+04 17
6.1e+04 16.6
6.1e+04 16.6
6.1e+04 15.4
6.11e+04 15.8
6.12e+04 16.6
6.12e+04 17
6.12e+04 16.6
6.13e+04 15.8
6.14e+04 17.4
6.14e+04 16.6
6.14e+04 16.6
6.15e+04 17.4
6.16e+04 17.4
6.16e+04 17
6.16e+04 16.6
6.17e+04 15.8
6.18e+04 17.4
6.18e+04 16.2
6.18e+04 15.8
6.19e+04 17.4
6.2e+04 17
6.2e+04 17.8
6.2e+04 16.2
6.21e+04 18.2
6.22e+04 17
6.22e+04 16.2
6.22e+04 17
6.23e+04 17.8
6.24e+04 15
6.24e+04 17
6.24e+04 16.2
6.25e+04 17.4
6.26e+04 16.2
6.26e+04 16.6
6.26e+04 15.4
6.27e+04 15.8
6.28e+04 17
6.28e+04 17.4
6.28e+04 15.8
6.29e+04 17
6.3e+04 16.6
6.3e+04 17.4
6.3e+04 16.2
6.31e+04 16.6
6.32e+04 16.2
6.32e+04 17
6.32e+04 15
6.33e+04 17
6.34e+04 17.4
6.34e+04 15.4
6.34e+04 15.8
6.35e+04 16.6
6.36e+04 15.8
6.36e+04 17.4
6.36e+04 16.6
6.37e+04 17.4
6.38e+04 15
6.38e+04 17.4
6.38e+04 17.4
6.39e+04 17.4
6.4e+04 15.4
6.4e+04 17
6.4e+04 17.4
6.41e+04 17
6.42e+04 17
6.42e+04 16.2
6.42e+04 17.4
6.43e+04 17
6.44e+04 16.6
6.44e+04 16.6
6.44e+04 17
6.45e+04 15.4
6.46e+04 17.8
6.46e+04 16.6
6.46e+04 17.4
6.47e+04 17
6.48e+04 15.4
6.48e+04 16.6
6.48e+04 18.6
6.49e+04 15.8
6.5e+04 16.2
6.5e+04 17.4
6.5e+04 15.8
6.51e+04 16.6
6.52e+04 17.8
6.52e+04 17
6.52e+04 16.2
6.53e+04 18.2
6.54e+04 15.4
6.54e+04 16.6
6.54e+04 17
6.55e+04 17.8
6.56e+04 17
6.56e+04 15.8
6.56e+04 17.4
6.57e+04 15.8
6.58e+04 16.2
6.58e+04 17.8
6.58e+04 16.2
6.59e+04 17
6.6e+04 16.6
6.6e+04 15.8
6.6e+04 17.8
6.61e+04 17
6.62e+04 17.4
6.62e+04 16.2
6.62e+04 15.4
6.63e+04 15.4
6.64e+04 16.2
6.64e+04 16.2
6.64e+04 15.8
6.65e+04 17
6.66e+04 17.4
6.66e+04 17.4
6.66e+04 18.6
6.67e+04 17.8
6.68e+04 17.8
6.68e+04 15.8
6.68e+04 16.2
6.69e+04 17.8
6.7e+04 17
6.7e+04 17.4
6.7e+04 17
6.71e+04 17.4
6.72e+04 18.6
6.72e+04 16.2
6.72e+04 15.8
6.73e+04 17.8
6.74e+04 16.2
6.74e+04 17.8
6.74e+04 18.2
6.75e+04 16.2
6.76e+04 17.8
6.76e+04 17.4
6.76e+04 17
6.77e+04 16.2
6.78e+04 16.6
6.78e+04 17
6.78e+04 17
6.79e+04 17
6.8e+04 17.8
6.8e+04 16.2
6.8e+04 17.4
6.81e+04 17.4
6.82e+04 17.8
6.82e+04 15.4
6.82e+04 17.8
6.83e+04 18.2
6.84e+04 17.4
6.84e+04 17
6.84e+04 17.4
6.85e+04 17.8
6.86e+04 17.8
6.86e+04 18.2
6.86e+04 17.8
6.87e+04 15
6.88e+04 17.8
6.88e+04 17
6.88e+04 17.4
6.89e+04 18.2
6.9e+04 16.6
6.9e+04 17
6.9e+04 16.2
6.91e+04 17.4
6.92e+04 17.4
6.92e+04 16.2
6.92e+04 17
6.93e+04 17
6.94e+04 17
6.94e+04 15.4
6.94e+04 17
6.95e+04 16.6
6.96e+04 16.2
6.96e+04 17.4
6.96e+04 17
6.97e+04 17
6.98e+04 18.6
6.98e+04 17
6.98e+04 17.4
6.99e+04 15.8
7e+04 17.8
7e+04 17
7e+04 17.4
7.01e+04 17.8
7.02e+04 17
7.02e+04 17.4
7.02e+04 17.4
7.03e+04 17.8
7.04e+04 16.6
7.04e+04 16.2
7.04e+04 17.4
7.05e+04 17.4
7.06e+04 17.4
7.06e+04 16.2
7.06e+04 17
7.07e+04 17.4
7.08e+04 16.2
7.08e+04 17.4
7.08e+04 17
7.09e+04 17.4
7.1e+04 17.4
7.1e+04 17
7.1e+04 17
7.11e+04 18.2
7.12e+04 17
7.12e+04 16.2
7.12e+04 17.4
7.13e+04 16.2
7.14e+04 17.8
7.14e+04 17.4
7.14e+04 17.4
7.15e+04 18.2
7.16e+04 17.4
7.16e+04 17.8
7.16e+04 17.4
7.17e+04 17.8
7.18e+04 17.4
7.18e+04 17.4
7.18e+04 17.4
7.19e+04 17.4
7.2e+04 18.2
7.2e+04 16.2
7.2e+04 15.4
7.21e+04 18.2
7.22e+04 16.6
7.22e+04 17.4
7.22e+04 17.4
7.23e+04 17.8
7.24e+04 16.2
7.24e+04 17.4
7.24e+04 17.4
7.25e+04 17
7.26e+04 17.4
7.26e+04 17
7.26e+04 17
7.27e+04 16.6
7.28e+04 16.6
7.28e+04 17
7.28e+04 16.2
7.29e+04 17.4
7.3e+04 18.2
7.3e+04 18.2
7.3e+04 16.6
7.31e+04 16.6
7.32e+04 16.6
7.32e+04 15.8
7.32e+04 18.6
7.33e+04 15.8
7.34e+04 16.2
7.34e+04 17.8
7.34e+04 16.6
7.35e+04 17
7.36e+04 18.2
7.36e+04 17
7.36e+04 17.4
7.37e+04 17
7.38e+04 17.8
7.38e+04 18.6
7.38e+04 16.2
7.39e+04 17.8
7.4e+04 17.4
7.4e+04 16.2
7.4e+04 17.4
7.41e+04 17.8
7.42e+04 17.4
7.42e+04 15.8
7.42e+04 18.6
7.43e+04 18.6
7.44e+04 17.8
7.44e+04 16.2
7.44e+04 16.2
7.45e+04 16.2
7.46e+04 16.2
7.46e+04 17
7.46e+04 17
7.47e+04 15.8
7.48e+04 18.2
7.48e+04 17.4
7.48e+04 17.4
7.49e+04 17.8
7.5e+04 16.6
7.5e+04 17.4
7.5e+04 17.4
7.51e+04 18.2
7.52e+04 17.4
7.52e+04 17
7.52e+04 17
7.53e+04 17.4
7.54e+04 18.6
7.54e+04 17.4
7.54e+04 17.8
7.55e+04 17.8
7.56e+04 18.2
7.56e+04 16.2
7.56e+04 17.4
7.57e+04 18.2
7.58e+04 18.2
7.58e+04 17
7.58e+04 16.6
7.59e+04 18.2
7.6e+04 17.8
7.6e+04 16.6
7.6e+04 17.4
7.61e+04 17.4
7.62e+04 17
7.62e+04 17
7.62e+04 16.6
7.63e+04 17
7.64e+04 17
7.64e+04 16.6
7.64e+04 16.6
7.65e+04 17
7.66e+04 17.4
7.66e+04 17
7.66e+04 17.4
7.67e+04 17.8
7.68e+04 18.6
7.68e+04 17.4
7.68e+04 16.6
7.69e+04 17
7.7e+04 17
7.7e+04 17
7.7e+04 16.6
7.71e+04 18.6
7.72e+04 18.6
7.72e+04 17.4
7.72e+04 17.8
7.73e+04 17.4
7.74e+04 16.2
7.74e+04 16.6
7.74e+04 17.4
7.75e+04 17.4
7.76e+04 17.8
7.76e+04 17
7.76e+04 17.8
7.77e+04 17
7.78e+04 17
7.78e+04 17.8
7.78e+04 17
7.79e+04 16.6
7.8e+04 16.6
7.8e+04 16.2
7.8e+04 18.2
7.81e+04 17.8
7.82e+04 16.2
7.82e+04 17.8
7.82e+04 15.4
7.83e+04 17
7.84e+04 17.4
7.84e+04 16.6
7.84e+04 17
7.85e+04 16.2
7.86e+04 17
7.86e+04 17.8
7.86e+04 18.2
7.87e+04 17
7.88e+04 16.6
7.88e+04 16.6
7.88e+04 17.8
7.89e+04 16.6
7.9e+04 17.4
7.9e+04 16.2
7.9e+04 17.8
7.91e+04 17.8
7.92e+04 17.8
7.92e+04 18.2
7.92e+04 17
7.93e+04 16.6
7.94e+04 19
7.94e+04 16.6
7.94e+04 17.8
7.95e+04 17.4
7.96e+04 17
7.96e+04 17
7.96e+04 16.2
7.97e+04 17.4
7.98e+04 15.8
7.98e+04 16.6
7.98e+04 18.6
7.99e+04 17
8e+04 17
8e+04 18.2
8e+04 17.4
8.01e+04 18.2
8.02e+04 17.4
8.02e+04 17.4
8.02e+04 17.4
8.03e+04 17.8
8.04e+04 17.4
8.04e+04 17
8.04e+04 17.4
8.05e+04 17.8
8.06e+04 17
8.06e+04 17
8.06e+04 17.8
8.07e+04 17.4
8.08e+04 17
8.08e+04 17.4
8.08e+04 15.8
8.09e+04 17.4
8.1e+04 17
8.1e+04 17.4
8.1e+04 17.4
8.11e+04 18.6
8.12e+04 16.6
8.12e+04 16.6
8.12e+04 17.4
8.13e+04 18.6
8.14e+04 17.8
8.14e+04 17
8.14e+04 17.4
8.15e+04 18.6
8.16e+04 17.8
8.16e+04 17.8
8.16e+04 17
8.17e+04 17.4
8.18e+04 17.4
8.18e+04 17.8
8.18e+04 17.8
8.19e+04 17.4
8.2e+04 17
8.2e+04 15.8
8.2e+04 17.4
8.21e+04 17
8.22e+04 17.4
8.22e+04 17.8
8.22e+04 17.8
8.23e+04 17.4
8.24e+04 16.6
8.24e+04 17
8.24e+04 17
8.25e+04 17.4
8.26e+04 16.6
8.26e+04 18.6
8.26e+04 15.4
8.27e+04 16.6
8.28e+04 17
8.28e+04 18.2
8.28e+04 17.8
8.29e+04 17.8
8.3e+04 17.4
8.3e+04 16.6
8.3e+04 16.6
8.31e+04 17.4
8.32e+04 17
8.32e+04 17.4
8.32e+04 18.2
8.33e+04 18.2
8.34e+04 17.8
8.34e+04 18.2
8.34e+04 17
8.35e+04 17.4
8.36e+04 17.4
8.36e+04 18.2
8.36e+04 17
8.37e+04 18.2
8.38e+04 17
8.38e+04 17
8.38e+04 17
8.39e+04 17
8.4e+04 18.6
8.4e+04 17.4
8.4e+04 17.4
8.41e+04 17
8.42e+04 17
8.42e+04 17.8
8.42e+04 17.8
8.43e+04 17
8.44e+04 17.4
8.44e+04 17.4
8.44e+04 16.6
8.45e+04 18.2
8.46e+04 16.6
8.46e+04 18.2
8.46e+04 17.8
8.47e+04 18.6
8.48e+04 17
8.48e+04 17.8
8.48e+04 18.6
8.49e+04 17.8
8.5e+04 17.8
8.5e+04 18.2
8.5e+04 17
8.51e+04 17
8.52e+04 17.4
8.52e+04 17
8.52e+04 18.6
8.53e+04 16.2
8.54e+04 17.4
8.54e+04 18.2
8.54e+04 17
8.55e+04 18.2
8.56e+04 17
8.56e+04 18.2
8.56e+04 17.8
8.57e+04 18.2
8.58e+04 18.2
8.58e+04 17.4
8.58e+04 17.4
8.59e+04 17.4
8.6e+04 18.6
8.6e+04 17.4
8.6e+04 17.8
8.61e+04 17
8.62e+04 16.6
8.62e+04 17.4
8.62e+04 18.2
8.63e+04 17.8
8.64e+04 18.2
8.64e+04 17.8
8.64e+04 17.8
8.65e+04 17
8.66e+04 17
8.66e+04 16.6
8.66e+04 17.4
8.67e+04 17
8.68e+04 18.6
8.68e+04 17.8
8.68e+04 17
8.69e+04 18.2
8.7e+04 18.2
8.7e+04 16.6
8.7e+04 17
8.71e+04 17.4
8.72e+04 17
8.72e+04 17.4
8.72e+04 17.8
8.73e+04 18.2
8.74e+04 17
8.74e+04 17.4
8.74e+04 17
8.75e+04 18.2
8.76e+04 17
8.76e+04 18.2
8.76e+04 15.4
8.77e+04 17.4
8.78e+04 17.4
8.78e+04 17.4
8.78e+04 17
8.79e+04 17.4
8.8e+04 17.8
8.8e+04 18.2
8.8e+04 17
8.81e+04 17.4
8.82e+04 18.2
8.82e+04 18.2
8.82e+04 18.2
8.83e+04 17.4
8.84e+04 17.8
8.84e+04 17
8.84e+04 17.8
8.85e+04 18.2
8.86e+04 17.8
8.86e+04 17
8.86e+04 17.4
8.87e+04 18.2
8.88e+04 17.4
8.88e+04 16.6
8.88e+04 17.8
8.89e+04 18.2
8.9e+04 17
8.9e+04 17.8
8.9e+04 17.8
8.91e+04 19
8.92e+04 17.4
8.92e+04 17
8.92e+04 18.2
8.93e+04 17.8
8.94e+04 18.2
8.94e+04 18.6
8.94e+04 17.8
8.95e+04 17
8.96e+04 17.4
8.96e+04 17
8.96e+04 17.8
8.97e+04 17.8
8.98e+04 18.6
8.98e+04 17.4
8.98e+04 18.2
8.99e+04 18.6
9e+04 16.6
9e+04 17
9e+04 17.8
9.01e+04 17.8
9.02e+04 17.4
9.02e+04 17.8
9.02e+04 18.2
9.03e+04 17.8
9.04e+04 18.2
9.04e+04 18.2
9.04e+04 17.8
9.05e+04 18.2
9.06e+04 18.2
9.06e+04 17.8
9.06e+04 17.8
9.07e+04 17.4
9.08e+04 17.4
9.08e+04 17.8
9.08e+04 17.8
9.09e+04 16.6
9.1e+04 17.4
9.1e+04 17
9.1e+04 18.2
9.11e+04 18.2
9.12e+04 17.4
9.12e+04 18.6
9.12e+04 17
9.13e+04 16.6
9.14e+04 17.4
9.14e+04 17.8
9.14e+04 17.8
9.15e+04 18.2
9.16e+04 18.6
9.16e+04 17
9.16e+04 16.6
9.17e+04 19
9.18e+04 17.8
9.18e+04 17.4
9.18e+04 17.8
9.19e+04 17.8
9.2e+04 17.4
9.2e+04 17.8
9.2e+04 18.2
9.21e+04 18.2
9.22e+04 18.6
9.22e+04 17.8
9.22e+04 17.4
9.23e+04 17.8
9.24e+04 17.4
9.24e+04 17.8
9.24e+04 17.8
9.25e+04 17.8
9.26e+04 17.8
9.26e+04 17.4
9.26e+04 17.8
9.27e+04 17.8
9.28e+04 17.4
9.28e+04 18.2
9.28e+04 17.8
9.29e+04 19
9.3e+04 19
9.3e+04 18.2
9.3e+04 17.4
9.31e+04 18.2
9.32e+04 17.4
9.32e+04 17.4
9.32e+04 17
9.33e+04 18.2
9.34e+04 17
9.34e+04 17.4
9.34e+04 17.4
9.35e+04 17.8
9.36e+04 17
9.36e+04 18.6
9.36e+04 16.6
9.37e+04 17.8
9.38e+04 17.4
9.38e+04 17.8
9.38e+04 16.6
9.39e+04 17.8
9.4e+04 18.2
9.4e+04 17
9.4e+04 17.4
9.41e+04 17.4
9.42e+04 19
9.42e+04 18.6
9.42e+04 18.2
9.43e+04 18.2
9.44e+04 17.4
9.44e+04 17.4
9.44e+04 18.2
9.45e+04 18.2
9.46e+04 18.2
9.46e+04 18.2
9.46e+04 17.4
9.47e+04 17.4
9.48e+04 18.6
9.48e+04 17.8
9.48e+04 18.2
9.49e+04 17.8
9.5e+04 17.8
9.5e+04 18.6
9.5e+04 17.8
9.51e+04 17.8
9.52e+04 18.2
9.52e+04 17.8
9.52e+04 17.8
9.53e+04 19
9.54e+04 18.2
9.54e+04 17.8
9.54e+04 17
9.55e+04 17.8
9.56e+04 18.6
9.56e+04 19
9.56e+04 18.6
9.57e+04 17.4
9.58e+04 18.2
9.58e+04 17.8
9.58e+04 17.4
9.59e+04 17.4
9.6e+04 18.2
9.6e+04 18.2
9.6e+04 18.6
9.61e+04 17.8
9.62e+04 18.2
9.62e+04 18.2
9.62e+04 18.6
9.63e+04 17.4
9.64e+04 17
9.64e+04 17.8
9.64e+04 17.4
9.65e+04 18.6
9.66e+04 17
9.66e+04 18.2
9.66e+04 18.2
9.67e+04 18.2
9.68e+04 17.8
9.68e+04 17.8
9.68e+04 17.8
9.69e+04 17.8
9.7e+04 17
9.7e+04 17.4
9.7e+04 18.2
9.71e+04 17.4
9.72e+04 18.2
9.72e+04 18.2
9.72e+04 18.6
9.73e+04 17.4
9.74e+04 18.2
9.74e+04 17
9.74e+04 18.6
9.75e+04 18.2
9.76e+04 17.4
9.76e+04 19
9.76e+04 16.2
9.77e+04 16.6
9.78e+04 17
9.78e+04 17.8
9.78e+04 18.2
9.79e+04 17.8
9.8e+04 17
9.8e+04 17.8
9.8e+04 17.4
9.81e+04 16.6
9.82e+04 17.8
9.82e+04 18.6
9.82e+04 17.4
9.83e+04 18.2
9.84e+04 18.6
9.84e+04 19
9.84e+04 17.4
9.85e+04 17.8
9.86e+04 17.8
9.86e+04 18.2
9.86e+04 17.8
9.87e+04 18.6
9.88e+04 16.6
9.88e+04 18.6
9.88e+04 17.8
9.89e+04 18.6
9.9e+04 17.8
9.9e+04 18.2
9.9e+04 17
9.91e+04 17.8
9.92e+04 17.8
9.92e+04 17.8
9.92e+04 17.4
9.93e+04 17.4
9.94e+04 17
9.94e+04 18.2
9.94e+04 17.8
9.95e+04 18.2
9.96e+04 18.6
9.96e+04 16.6
9.96e+04 17.8
9.97e+04 18.6
9.98e+04 18.2
9.98e+04 17
9.98e+04 18.2
9.99e+04 17.8
1e+05 17.4
1e+05 17.8
